Year,Reporter Code,Trade Flow Code,Partner Code,Classification,Commodity Code,Quantity Unit Code,Supplementary Quantity,Netweight (kg),Value,Estimation Code
2008,381,2,36,"H3","0410",8,16,16,1828,0
2008,381,2,36,"H3","040900",8,4209,4209,26202,0
2008,381,2,36,"H3","0409",8,4209,4209,26202,0
2008,381,2,36,"H3","0708",8,94506,94506,85724,0
2008,381,1,36,"H3","070310",8,2989380,2989380,2460183,0
2008,381,1,36,"H3","060499",8,6500,6500,36537,0
2008,381,1,36,"H3","0604",8,6500,6500,36537,0
2008,381,1,36,"H3","060390",8,450,450,3633,0
2008,381,1,36,"H3","0603",8,450,450,3633,0
2008,381,1,36,"H3","051000",8,30763,30763,290669,0
2008,381,1,36,"H3","0510",8,30763,30763,290669,0
2008,381,2,36,"H3","050800",8,45,45,9724,0
2008,381,1,36,"H3","050800",8,99523,99523,1363086,0
2008,381,2,36,"H3","0508",8,45,45,9724,0
2008,381,1,36,"H3","0508",8,99523,99523,1363086,0
2008,381,2,36,"H3","050400",8,321,321,3701,0
2008,381,1,36,"H3","050400",8,33910,33910,668762,0
2008,381,2,36,"H3","0504",8,321,321,3701,0
2008,381,1,36,"H3","0504",8,33910,33910,668762,0
2008,381,2,36,"H3","0501",8,342,342,157870,0
2008,381,2,36,"H3","05",1,,,430908,0
2008,381,1,36,"H3","05",1,,,2322517,0
2008,381,2,36,"H3","041000",8,16,16,1828,0
2008,381,2,36,"H3","040690",8,2359394,2359394,24737342,0
2008,381,2,36,"H3","040640",8,55008,55008,649758,0
2008,381,2,36,"H3","040620",8,42286,42286,521075,0
2008,381,2,36,"H3","040590",8,607,607,4510,0
2008,381,2,36,"H3","04",1,,,31036590,0
2008,381,2,36,"H3","030799",8,250,250,12180,0
2008,381,2,36,"H3","030741",8,720,720,7400,0
2008,381,2,36,"H3","0307",8,970,970,19580,0
2008,381,1,36,"H3","030621",8,600,600,30662,0
2008,381,1,36,"H3","030380",8,29610,29610,700929,0
2008,381,1,36,"H3","030229",8,952,952,15198,0
2008,381,1,36,"H3","0302",8,56638,56638,856407,0
2008,381,2,36,"H3","03",1,,,363016,0
2008,381,1,36,"H3","03",1,,,1771747,0
2008,381,2,36,"H3","021099",8,44300,44300,79004,0
2008,381,2,36,"H3","021019",8,110897,110897,2006376,0
2008,381,1,36,"H3","021019",8,2332,2332,39726,0
2008,381,2,36,"H3","0210",8,155197,155197,2085380,0
2008,381,1,36,"H3","0210",8,6088,6088,109219,0
2008,381,1,36,"H3","020422",8,8346,8346,177404,0
2008,381,1,36,"H3","0204",8,8662,8662,185161,0
2008,381,1,36,"H3","020322",8,9954,9954,78622,0
2008,381,1,36,"H3","020321",8,35852,35852,157926,0
2008,381,1,36,"H3","0101",5,1,500,48198,0
2008,381,2,36,"H3","01",1,,,3671,0
2008,381,1,36,"H3","01",1,,,48198,0
2008,381,2,36,"H3","040221",8,279100,279100,321274,0
2008,381,2,36,"H3","0305",8,26375,26375,343436,0
2008,381,1,36,"H3","030269",8,55686,55686,841209,0
2008,381,1,36,"H3","0703",8,2989380,2989380,2460183,0
2008,381,1,36,"H3","060290",8,34355,34355,89547,0
2008,381,2,36,"H3","060110",5,47358,638,7066,6
2008,381,2,36,"H3","0601",1,,638,7066,4
2008,381,2,36,"H3","051110",1,,16,197877,0
2008,381,2,36,"H3","0511",1,,10024,259612,0
2008,381,2,36,"H3","050100",8,342,342,157870,0
2008,381,2,36,"H3","040630",8,32259,32259,320180,0
2008,381,2,36,"H3","040610",8,422819,422819,4152305,0
2008,381,2,36,"H3","0406",8,2911766,2911766,30380660,0
2008,381,2,36,"H3","040510",8,1877,1877,11188,0
2008,381,2,36,"H3","0405",8,2484,2484,15698,0
2008,381,2,36,"H3","040390",8,540,540,3067,0
2008,381,2,36,"H3","0403",8,540,540,3067,0
2008,381,2,36,"H3","040210",8,150000,150000,279473,0
2008,381,2,36,"H3","0402",8,432154,432154,609136,0
2008,381,1,36,"H3","0306",8,600,600,30662,0
2008,381,2,36,"H3","030569",8,480,480,5335,0
2008,381,2,36,"H3","030563",8,17418,17418,219850,0
2008,381,2,36,"H3","030530",8,8442,8442,114623,0
2008,381,1,36,"H3","030379",8,19470,19470,183749,0
2008,381,1,36,"H3","0303",8,49080,49080,884678,0
2008,381,1,36,"H3","021011",8,3756,3756,69493,0
2008,381,1,36,"H3","020890",8,68500,68500,560038,0
2008,381,1,36,"H3","0208",8,68500,68500,560038,0
2008,381,1,36,"H3","020423",8,316,316,7757,0
2008,381,2,36,"H3","020329",8,25000,25000,26428,0
2008,381,1,36,"H3","020329",8,52824,52824,416085,0
2008,381,2,36,"H3","0203",8,27098,27098,69361,0
2008,381,1,36,"H3","0203",8,98630,98630,652632,0
2008,381,1,36,"H3","020230",8,169339,169339,1353580,0
2008,381,1,36,"H3","0202",8,169339,169339,1353580,0
2008,381,1,36,"H3","020130",8,894209,894209,10113551,0
2008,381,1,36,"H3","0201",8,894209,894209,10113551,0
2008,381,2,36,"H3","02",1,,,2154741,0
2008,381,1,36,"H3","02",1,,,12974183,0
2008,381,2,36,"H3","010619",1,,13,3671,0
2008,381,2,36,"H3","0106",1,,13,3671,0
2008,381,2,36,"H3","071029",8,48617,48617,57586,0
2008,381,1,36,"H3","0713",8,1994045,1994045,1859945,0
2008,381,2,36,"H3","0713",8,42896,42896,49066,0
2008,381,2,36,"H3","0709",8,55295,55295,373134,0
2008,381,1,36,"H3","070959",8,175,175,6738,6
2008,381,2,36,"H3","070959",8,1876,1876,129833,0
2008,381,1,36,"H3","070990",8,53427,53427,66129,0
2008,381,1,36,"H3","0602",1,,34355,89547,0
2008,381,2,36,"H3","051199",8,10008,10008,61735,0
2008,381,2,36,"H3","070990",8,50479,50479,225783,0
2008,381,2,36,"H3","0710",8,95031,95031,262903,0
2008,381,2,36,"H3","071030",8,28100,28100,38981,0
2008,381,2,36,"H3","071080",8,18314,18314,166336,0
2008,381,2,36,"H3","071120",8,40573,40573,239050,0
2008,381,2,36,"H3","071159",8,1846,1846,11906,0
2008,381,2,36,"H3","071190",8,43910,43910,86272,0
2008,381,2,36,"H3","070820",8,92202,92202,79797,0
2008,381,1,36,"H3","0709",8,53602,53602,72867,6
2008,381,1,36,"H3","071310",8,25660,25660,16700,0
2008,381,2,36,"H3","040299",8,3054,3054,8389,0
2008,381,2,36,"H3","030510",8,35,35,3628,0
2008,381,2,36,"H3","020312",8,2098,2098,42933,0
2008,381,1,36,"H3","010110",5,1,500,48198,0
2008,381,2,36,"H3","070930",8,2840,2840,16420,0
2008,381,2,36,"H3","07",1,,,1705331,0
2008,381,1,36,"H3","07",1,,,4392995,0
2008,381,2,36,"H3","070940",8,100,100,1097,0
2008,381,1,36,"H3","080620",8,402710,402710,1235683,0
2008,381,2,36,"H3","06",1,,,7066,0
2008,381,1,36,"H3","06",1,,,129717,0
2008,381,2,36,"H3","0711",8,86329,86329,337227,0
2008,381,2,36,"H3","0712",8,57028,57028,597277,0
2008,381,2,36,"H3","071232",8,5389,5389,198200,0
2008,381,2,36,"H3","071239",8,721,721,47363,0
2008,381,2,36,"H3","071290",8,49140,49140,207962,0
2008,381,2,36,"H3","070890",8,2304,2304,5927,0
2008,381,1,36,"H3","081050",8,221520,221520,449101,0
2008,381,2,36,"H3","081050",8,2807722,2807722,4865657,0
2008,381,2,36,"H3","0805",8,30,30,1222,0
2008,381,1,36,"H3","071333",8,327730,327730,333815,0
2008,381,2,36,"H3","071333",8,5845,5845,5804,0
2008,381,2,36,"H3","09",1,,,37587183,0
2008,381,1,36,"H3","071350",8,947155,947155,813928,0
2008,381,1,36,"H3","080212",8,139558,139558,691514,0
2008,381,2,36,"H3","090111",8,250199,250199,2520751,0
2008,381,2,36,"H3","090112",8,17800,17800,171908,0
2008,381,1,36,"H3","080290",8,133056,133056,1232058,0
2008,381,2,36,"H3","090190",8,7334,7334,78186,0
2008,381,2,36,"H3","090230",8,1325,1325,38471,0
2008,381,2,36,"H3","0904",8,11380,11380,83184,0
2008,381,2,36,"H3","090411",8,1105,1105,12760,0
2008,381,2,36,"H3","090420",8,10275,10275,70424,0
2008,381,2,36,"H3","090500",8,100,100,3878,0
2008,381,2,36,"H3","0909",8,1055,1055,44447,0
2008,381,1,36,"H3","080450",8,28373,28373,193724,0
2008,381,1,36,"H3","0805",8,103220,103220,107485,0
2008,381,1,36,"H3","10",1,,,24011787,0
2008,381,1,36,"H3","0806",8,402710,402710,1235683,0
2008,381,2,36,"H3","10",1,,,3462042,0
2008,381,1,36,"H3","1001",8,36044356,36044356,23538991,0
2008,381,2,36,"H3","1001",8,576,576,2795,0
2008,381,2,36,"H3","0806",8,41000,41000,4973,0
2008,381,1,36,"H3","100110",8,36044356,36044356,23538991,0
2008,381,2,36,"H3","080610",8,41000,41000,4973,0
2008,381,2,36,"H3","100190",8,576,576,2795,0
2008,381,1,36,"H3","0809",8,21169,21169,199643,0
2008,381,1,36,"H3","080910",8,1800,1800,16944,0
2008,381,2,36,"H3","0910",8,83,83,9430,0
2008,381,1,36,"H3","080920",8,66,66,1158,0
2008,381,2,36,"H3","071231",8,1778,1778,143752,0
2008,381,2,36,"H3","091020",8,1,1,2026,0
2008,381,1,36,"H3","080930",8,19303,19303,181540,0
2008,381,1,36,"H3","0810",8,221520,221520,449101,0
2008,381,2,36,"H3","0810",8,2902458,2902458,5035930,0
2008,381,1,36,"H3","071320",8,400400,400400,329643,0
2008,381,2,36,"H3","081060",8,950,950,5355,0
2008,381,2,36,"H3","0811",8,3145,3145,13080,0
2008,381,2,36,"H3","081120",8,518,518,5708,0
2008,381,2,36,"H3","071320",8,2261,2261,4256,0
2008,381,1,36,"H3","071331",8,223250,223250,204048,0
2008,381,1,36,"H3","071340",8,69850,69850,161811,0
2008,381,2,36,"H3","081190",8,2627,2627,7372,0
2008,381,2,36,"H3","0812",8,902000,902000,1846014,0
2008,381,2,36,"H3","081210",8,902000,902000,1846014,0
2008,381,2,36,"H3","0814",8,24000,24000,15857,0
2008,381,1,36,"H3","080520",8,103220,103220,107485,0
2008,381,2,36,"H3","071340",8,32688,32688,36290,0
2008,381,2,36,"H3","081400",8,24000,24000,15857,0
2008,381,2,36,"H3","080550",8,30,30,1222,0
2008,381,2,36,"H3","071390",8,2102,2102,2716,0
2008,381,1,36,"H3","08",1,,,4538987,0
2008,381,2,36,"H3","08",1,,,7593143,0
2008,381,1,36,"H3","0802",8,331668,331668,2353349,0
2008,381,2,36,"H3","0802",8,103300,103300,661671,0
2008,381,2,36,"H3","0901",8,3428852,3428852,37407773,0
2008,381,2,36,"H3","080222",8,100000,100000,643656,0
2008,381,2,36,"H3","080240",8,3300,3300,18015,0
2008,381,2,36,"H3","090121",8,3083574,3083574,33844038,0
2008,381,1,36,"H3","080260",8,59054,59054,429777,0
2008,381,1,36,"H3","0804",8,28373,28373,193724,0
2008,381,2,36,"H3","0804",8,1540,1540,14396,0
2008,381,2,36,"H3","0902",8,1325,1325,38471,0
2008,381,2,36,"H3","0905",8,100,100,3878,0
2008,381,2,36,"H3","090940",8,757,757,33403,0
2008,381,2,36,"H3","090950",8,298,298,11044,0
2008,381,2,36,"H3","080420",8,1540,1540,14396,0
2008,381,1,36,"H3","1004",8,1000,1000,1044,0
2008,381,2,36,"H3","100620",8,13048,13048,42854,0
2008,381,1,36,"H3","100820",8,693710,693710,421537,0
2008,381,2,36,"H3","1108",8,60080,60080,241925,0
2008,381,1,36,"H3","120923",8,25000,25000,53333,0
2008,381,1,36,"H3","120925",8,25000,25000,40378,0
2008,381,1,36,"H3","120929",8,299154,299154,471515,0
2008,381,2,36,"H3","120929",8,1392,1392,35343,0
2008,381,2,36,"H3","120930",8,1,1,1464,0
2008,381,1,36,"H3","120991",8,38,38,44351,0
2008,381,2,36,"H3","110100",8,337845,337845,236033,0
2008,381,2,36,"H3","120991",8,5203,5203,154233,0
2008,381,1,36,"H3","1102",8,4528,4528,19078,0
2008,381,2,36,"H3","1102",8,61575,61575,106235,0
2008,381,1,36,"H3","100400",8,1000,1000,1044,0
2008,381,2,36,"H3","1006",8,2526118,2526118,3459246,0
2008,381,2,36,"H3","110311",8,123497,123497,218247,0
2008,381,2,36,"H3","100630",8,2513070,2513070,3416392,0
2008,381,1,36,"H3","1007",8,18000,18000,50216,0
2008,381,1,36,"H3","100700",8,18000,18000,50216,0
2008,381,2,36,"H3","110313",8,47000,47000,86369,0
2008,381,2,36,"H3","110319",8,39998,39998,101770,0
2008,381,2,36,"H3","1105",8,29952,29952,80029,0
2008,381,2,36,"H3","091091",8,82,82,7404,0
2008,381,1,36,"H3","11",1,,,23055,0
2008,381,2,36,"H3","081020",8,93786,93786,164919,0
2008,381,2,36,"H3","110630",8,3830,3830,12977,0
2008,381,2,36,"H3","11",1,,,1083585,0
2008,381,1,36,"H3","12",1,,,1594972,0
2008,381,1,36,"H3","1101",8,845,845,3978,0
2008,381,2,36,"H3","12",1,,,734271,0
2008,381,1,36,"H3","120799",8,88935,88935,68263,0
2008,381,2,36,"H3","120799",8,275,275,4067,0
2008,381,2,36,"H3","090122",8,69945,69945,792891,0
2008,381,2,36,"H3","1101",8,337845,337845,236033,0
2008,381,1,36,"H3","120921",8,14125,14125,54621,0
2008,381,1,36,"H3","110100",8,845,845,3978,0
2008,381,1,36,"H3","110220",8,4528,4528,19078,0
2008,381,1,36,"H3","120999",8,3051,3051,87406,0
2008,381,2,36,"H3","120999",8,79860,79860,462556,0
2008,381,2,36,"H3","1211",8,3661,3661,51187,0
2008,381,2,36,"H3","121190",8,3661,3661,51187,0
2008,381,2,36,"H3","1212",8,1930,1930,23187,0
2008,381,2,36,"H3","121220",8,1930,1930,23187,0
2008,381,2,36,"H3","110220",8,59535,59535,101012,0
2008,381,2,36,"H3","110290",8,2040,2040,5222,0
2008,381,2,36,"H3","1103",8,210495,210495,406386,0
2008,381,1,36,"H3","1214",8,2800,2800,4522,0
2008,381,1,36,"H3","121490",8,2800,2800,4522,0
2008,381,1,36,"H3","13",1,,,2198567,0
2008,381,2,36,"H3","13",1,,,1770295,0
2008,381,1,36,"H3","1301",8,8000,8000,32338,0
2008,381,2,36,"H3","1301",8,5214,5214,19451,0
2008,381,2,36,"H3","110520",8,29952,29952,80029,0
2008,381,2,36,"H3","1106",8,3830,3830,12977,0
2008,381,1,36,"H3","130190",8,8000,8000,32338,0
2008,381,1,36,"H3","130219",8,13446,13446,1955010,0
2008,381,2,36,"H3","130219",8,17615,17615,1525714,0
2008,381,1,36,"H3","15",1,,,2785395,0
2008,381,2,36,"H3","110819",8,48080,48080,229331,0
2008,381,2,36,"H3","15",1,,,34261767,0
2008,381,2,36,"H3","1507",8,8822,8822,17055,0
2008,381,2,36,"H3","150710",8,8822,8822,17055,0
2008,381,2,36,"H3","1508",8,125,125,4126,0
2008,381,2,36,"H3","150890",8,125,125,4126,0
2008,381,1,36,"H3","1509",8,768861,768861,2713429,0
2008,381,2,36,"H3","1509",8,6439415,6439415,31042948,0
2008,381,1,36,"H3","150910",8,768861,768861,2713429,0
2008,381,2,36,"H3","150910",8,3404183,3404183,17515821,0
2008,381,1,36,"H3","1207",8,88935,88935,68263,0
2008,381,2,36,"H3","150990",8,3035232,3035232,13527127,0
2008,381,2,36,"H3","1510",8,276671,276671,799760,0
2008,381,2,36,"H3","151000",8,276671,276671,799760,0
2008,381,2,36,"H3","1511",8,3747,3747,28458,0
2008,381,2,36,"H3","151190",8,3747,3747,28458,0
2008,381,2,36,"H3","1207",8,275,275,4067,0
2008,381,2,36,"H3","1512",8,33841,33841,107001,0
2008,381,2,36,"H3","151211",8,11031,11031,26535,0
2008,381,2,36,"H3","151219",8,22591,22591,76590,0
2008,381,2,36,"H3","151229",8,219,219,3876,0
2008,381,1,36,"H3","1515",8,2160,2160,24334,0
2008,381,1,36,"H3","1209",8,600765,600765,1522187,0
2008,381,2,36,"H3","1209",8,86496,86496,655829,0
2008,381,2,36,"H3","1515",8,402260,402260,1836268,0
2008,381,2,36,"H3","151529",8,2840,2840,7100,0
2008,381,2,36,"H3","151550",8,760,760,2566,0
2008,381,2,36,"H3","160300",8,43861,43861,211087,0
2008,381,2,36,"H3","160420",8,82978,82978,701021,0
2008,381,2,36,"H3","1605",8,7830,7830,91559,0
2008,381,2,36,"H3","160520",8,7518,7518,89550,0
2008,381,1,36,"H3","17",1,,,12334,0
2008,381,2,36,"H3","17",1,,,1565640,0
2008,381,2,36,"H3","170410",8,12675,12675,116282,0
2008,381,2,36,"H3","16",1,,,5663478,0
2008,381,2,36,"H3","1601",8,936,936,19524,0
2008,381,2,36,"H3","180320",8,432000,432000,670626,0
2008,381,1,36,"H3","151610",8,566,566,47632,0
2008,381,2,36,"H3","1603",8,43861,43861,211087,0
2008,381,2,36,"H3","1604",8,477138,477138,4375187,0
2008,381,2,36,"H3","160416",8,252877,252877,2221948,0
2008,381,2,36,"H3","1517",8,25677,25677,62971,0
2008,381,2,36,"H3","130120",8,5214,5214,19451,0
2008,381,2,36,"H3","130232",8,15400,15400,202142,0
2008,381,1,36,"H3","130239",8,60000,60000,211219,0
2008,381,2,36,"H3","130239",8,1000,1000,22988,0
2008,381,2,36,"H3","1702",8,382500,382500,212398,0
2008,381,1,36,"H3","1704",8,1671,1671,12334,0
2008,381,2,36,"H3","1704",8,254037,254037,1353242,0
2008,381,2,36,"H3","1518",8,68316,68316,232798,0
2008,381,1,36,"H3","151590",8,2160,2160,24334,0
2008,381,2,36,"H3","151800",8,68316,68316,232798,0
2008,381,2,36,"H3","151590",8,398660,398660,1826602,0
2008,381,2,36,"H3","152000",8,20180,20180,28827,0
2008,381,2,36,"H3","160590",8,312,312,2009,0
2008,381,2,36,"H3","160100",8,936,936,19524,0
2008,381,2,36,"H3","1602",8,84235,84235,966121,0
2008,381,2,36,"H3","1804",8,375,375,3139,0
2008,381,2,36,"H3","160413",8,70892,70892,680546,0
2008,381,2,36,"H3","2001",8,173802,173802,633126,0
2008,381,1,36,"H3","1008",8,693710,693710,421537,0
2008,381,2,36,"H3","151790",8,25677,25677,62971,0
2008,381,2,36,"H3","110812",8,12000,12000,12594,0
2008,381,2,36,"H3","170230",8,382500,382500,212398,0
2008,381,1,36,"H3","170490",8,1671,1671,12334,0
2008,381,2,36,"H3","170490",8,241362,241362,1236961,0
2008,381,2,36,"H3","18",1,,,22737839,0
2008,381,1,36,"H3","120922",8,234397,234397,770582,0
2008,381,2,36,"H3","120922",8,40,40,2233,0
2008,381,2,36,"H3","200310",8,3578,3578,111125,0
2008,381,2,36,"H3","180610",8,5623,5623,52894,0
2008,381,1,36,"H3","19",1,,,825815,0
2008,381,2,36,"H3","19",1,,,66110885,0
2008,381,1,36,"H3","200390",8,80,80,2358,0
2008,381,2,36,"H3","200390",8,7335,7335,99312,0
2008,381,1,36,"H3","1302",8,73446,73446,2166229,0
2008,381,2,36,"H3","1302",8,34015,34015,1750844,0
2008,381,2,36,"H3","200510",8,706885,706885,812068,0
2008,381,2,36,"H3","200580",8,111817,111817,197059,0
2008,381,2,36,"H3","1520",8,20180,20180,28827,0
2008,381,2,36,"H3","1806",8,2743339,2743339,22023891,0
2008,381,1,36,"H3","1902",8,9338,9338,49549,0
2008,381,2,36,"H3","1902",8,23727179,23727179,40829326,0
2008,381,2,36,"H3","160210",8,15726,15726,132996,0
2008,381,2,36,"H3","160250",8,68509,68509,833125,0
2008,381,2,36,"H3","180620",8,11277,11277,142563,0
2008,381,2,36,"H3","180631",8,472536,472536,2754699,0
2008,381,2,36,"H3","180632",8,144918,144918,1358623,0
2008,381,2,36,"H3","180690",8,2108985,2108985,17715112,0
2008,381,1,36,"H3","1901",8,63226,63226,241335,0
2008,381,2,36,"H3","1901",8,200648,200648,660425,0
2008,381,2,36,"H3","200410",8,37439,37439,71356,0
2008,381,1,36,"H3","190120",8,10829,10829,67476,0
2008,381,2,36,"H3","190120",8,32976,32976,181125,0
2008,381,2,36,"H3","200490",8,466512,466512,1076009,0
2008,381,2,36,"H3","2005",8,17988114,17988114,18519460,0
2008,381,2,36,"H3","200190",8,173802,173802,633126,0
2008,381,1,36,"H3","190190",8,52397,52397,173860,0
2008,381,2,36,"H3","190190",8,165260,165260,469864,0
2008,381,2,36,"H3","200520",8,22068,22068,61804,0
2008,381,1,36,"H3","190211",8,575,575,1923,0
2008,381,2,36,"H3","200551",8,11118165,11118165,9573181,0
2008,381,2,36,"H3","190211",8,221990,221990,742425,0
2008,381,1,36,"H3","190219",8,8259,8259,45591,0
2008,381,2,36,"H3","190219",8,18223878,18223878,32355427,0
2008,381,1,36,"H3","190220",8,504,504,2035,0
2008,381,2,36,"H3","190220",8,2675886,2675886,3420549,0
2008,381,2,36,"H3","200559",8,4604510,4604510,4553340,0
2008,381,1,36,"H3","2003",8,80,80,2358,0
2008,381,2,36,"H3","190532",8,511722,511722,3108674,0
2008,381,2,36,"H3","200591",8,30345,30345,140369,0
2008,381,1,36,"H3","2006",8,1239,1239,12111,0
2008,381,2,36,"H3","2006",8,658848,658848,1970888,0
2008,381,2,36,"H3","2003",8,12006,12006,236328,0
2008,381,2,36,"H3","200540",8,509451,509451,632778,0
2008,381,2,36,"H3","2009",8,723344,723344,4675237,0
2008,381,2,36,"H3","200911",8,8760,8760,50224,0
2008,381,2,36,"H3","200600",8,658848,658848,1970888,0
2008,381,2,36,"H3","2101",8,31240,31240,329638,0
2008,381,2,36,"H3","200912",8,64218,64218,760533,0
2008,381,2,36,"H3","20",1,,,84997885,0
2008,381,2,36,"H3","2004",8,503951,503951,1147365,0
2008,381,2,36,"H3","160412",8,12983,12983,169438,0
2008,381,2,36,"H3","160414",8,50287,50287,518076,0
2008,381,2,36,"H3","190110",8,2412,2412,9436,0
2008,381,2,36,"H3","200799",8,11728,11728,70910,0
2008,381,2,36,"H3","2002",8,56606119,56606119,57102412,0
2008,381,2,36,"H3","200980",8,478979,478979,3521538,0
2008,381,1,36,"H3","200600",8,1239,1239,12111,0
2008,381,2,36,"H3","200290",8,6927623,6927623,8949172,0
2008,381,2,36,"H3","200990",8,31963,31963,41286,0
2008,381,2,36,"H3","200840",8,40540,40540,71340,0
2008,381,2,36,"H3","200570",8,108526,108526,488946,0
2008,381,1,36,"H3","20",1,,,18040,0
2008,381,1,36,"H3","21",1,,,496678,0
2008,381,2,36,"H3","21",1,,,23851342,0
2008,381,2,36,"H3","1803",8,432000,432000,670626,0
2008,381,2,36,"H3","151620",8,30195,30195,101554,0
2008,381,2,36,"H3","190490",8,240,240,1496,0
2008,381,2,36,"H3","190510",8,367503,367503,1207037,0
2008,381,1,36,"H3","1516",8,566,566,47632,0
2008,381,2,36,"H3","1516",8,30195,30195,101554,0
2008,381,2,36,"H3","200939",8,2500,2500,27712,0
2008,381,2,36,"H3","210130",8,25977,25977,274274,0
2008,381,2,36,"H3","200320",8,1093,1093,25890,0
2008,381,2,36,"H3","1805",8,7057,7057,40183,0
2008,381,2,36,"H3","200931",8,79474,79474,133220,0
2008,381,2,36,"H3","160415",8,7121,7121,84157,0
2008,381,2,36,"H3","200210",8,49678496,49678496,48153240,0
2008,381,2,36,"H3","190520",8,20933,20933,228783,0
2008,381,2,36,"H3","190531",8,919155,919155,4211472,0
2008,381,2,36,"H3","200860",8,36097,36097,106982,0
2008,381,1,36,"H3","200899",8,950,950,3571,0
2008,381,2,36,"H3","200899",8,22922,22922,158383,0
2008,381,2,36,"H3","200791",8,3750,3750,25589,0
2008,381,1,36,"H3","190540",8,1488,1488,15457,0
2008,381,2,36,"H3","190540",8,367551,367551,2362200,0
2008,381,1,36,"H3","2203",7,9346,9346,26087,0
2008,381,2,36,"H3","2203",7,7095771,7148206,8028854,0
2008,381,1,36,"H3","220300",7,9346,9346,26087,0
2008,381,2,36,"H3","220300",7,7095771,7148206,8028854,0
2008,381,1,36,"H3","190590",8,87518,87518,509338,0
2008,381,2,36,"H3","190590",8,2332641,2332641,12141499,0
2008,381,1,36,"H3","220820",7,2316661,2500840,1859508,0
2008,381,2,36,"H3","220820",7,14397,20204,265052,0
2008,381,1,36,"H3","190420",8,1400,1400,10136,0
2008,381,2,36,"H3","190420",8,27126,27126,90268,0
2008,381,2,36,"H3","2007",8,36487,36487,326342,0
2008,381,1,36,"H3","2102",8,18980,18980,341810,0
2008,381,2,36,"H3","200710",8,21009,21009,229843,0
2008,381,2,36,"H3","180400",8,375,375,3139,0
2008,381,2,36,"H3","180500",8,7057,7057,40183,0
2008,381,2,36,"H3","2102",8,27625,27625,251307,0
2008,381,2,36,"H3","200919",8,16700,16700,43497,0
2008,381,2,36,"H3","200949",8,650,650,2539,0
2008,381,1,36,"H3","220410",7,300,300,7179,0
2008,381,2,36,"H3","220410",7,3074268,3075663,10102084,0
2008,381,1,36,"H3","220421",7,112469,112469,516332,0
2008,381,2,36,"H3","220421",7,3630370,3631939,18388740,0
2008,381,1,36,"H3","2008",8,950,950,3571,0
2008,381,1,36,"H3","220429",7,458360,456640,602248,0
2008,381,2,36,"H3","200969",8,40100,40100,94687,0
2008,381,2,36,"H3","220429",7,311339,311100,1965428,0
2008,381,2,36,"H3","220430",7,15926,15935,93617,0
2008,381,2,36,"H3","2008",8,106592,106592,386726,0
2008,381,2,36,"H3","210111",8,19,19,1502,0
2008,381,2,36,"H3","2205",7,440245,440255,722635,0
2008,381,2,36,"H3","220510",7,440245,440255,722635,0
2008,381,2,36,"H3","210112",8,5244,5244,53863,0
2008,381,2,36,"H3","2206",7,661224,689627,2079984,0
2008,381,2,36,"H3","190230",8,1101661,1101661,2099393,0
2008,381,2,36,"H3","190240",8,1503764,1503764,2211533,0
2008,381,2,36,"H3","190300",8,351439,351439,1230091,0
2008,381,1,36,"H3","1904",8,1400,1400,10136,0
2008,381,2,36,"H3","1904",8,45430,45430,131378,0
2008,381,2,36,"H3","190410",8,18064,18064,39614,0
2008,381,1,36,"H3","1905",8,89006,89006,524795,0
2008,381,2,36,"H3","1905",8,4519505,4519505,23259665,0
2008,381,2,36,"H3","220600",7,661224,689627,2079984,0
2008,381,1,36,"H3","2208",7,2317340,2502977,1883304,0
2008,381,2,36,"H3","2208",7,377868,1479026,4547587,0
2008,381,2,36,"H3","200599",8,776347,776347,2059914,0
2008,381,1,36,"H3","25",1,,,11278810,0
2008,381,2,36,"H3","25",1,,,2542169,0
2008,381,2,36,"H3","210230",8,659,659,9402,0
2008,381,1,36,"H3","2204",7,571129,569409,1125758,0
2008,381,2,36,"H3","2204",7,7031903,7034637,30549869,0
2008,381,2,36,"H3","210410",8,164873,164873,711366,0
2008,381,2,36,"H3","210420",8,1119,1119,7818,0
2008,381,2,36,"H3","210610",8,18839,18839,106364,0
2008,381,2,36,"H3","240210",1,,306,46485,0
2008,381,2,36,"H3","252620",8,21110,21110,12919,0
2008,381,1,36,"H3","2530",8,4641443,4641443,1360269,0
2008,381,1,36,"H3","2508",8,407000,407000,104351,0
2008,381,1,36,"H3","23",1,,,1764663,0
2008,381,2,36,"H3","2508",8,99422,99422,400441,0
2008,381,2,36,"H3","23",1,,,232628,0
2008,381,1,36,"H3","250810",8,399000,399000,98493,0
2008,381,2,36,"H3","250810",8,67675,67675,74953,0
2008,381,1,36,"H3","2301",8,89520,89520,81269,0
2008,381,2,36,"H3","2501",8,211019,211019,418073,0
2008,381,2,36,"H3","2530",8,20178,20178,4554,0
2008,381,2,36,"H3","2512",8,10850,10850,24045,0
2008,381,1,36,"H3","230110",8,89520,89520,81269,0
2008,381,2,36,"H3","220900",7,2880460,2881670,7857220,0
2008,381,2,36,"H3","251200",8,10850,10850,24045,0
2008,381,1,36,"H3","220840",7,679,2137,23797,0
2008,381,1,36,"H3","2513",8,100000,100000,373101,0
2008,381,2,36,"H3","2513",8,940,940,14907,0
2008,381,1,36,"H3","2307",8,13440,13440,15104,0
2008,381,2,36,"H3","2103",8,3720931,3720931,9597331,0
2008,381,1,36,"H3","251320",8,100000,100000,373101,0
2008,381,2,36,"H3","210320",8,2237714,2237714,4416555,0
2008,381,2,36,"H3","251320",8,940,940,14907,0
2008,381,1,36,"H3","210390",8,1386,1386,13152,0
2008,381,2,36,"H3","2514",8,16000,16000,14071,0
2008,381,2,36,"H3","210390",8,1483217,1483217,5180776,0
2008,381,2,36,"H3","2104",8,165992,165992,719184,0
2008,381,2,36,"H3","2105",8,221537,221537,1083971,0
2008,381,2,36,"H3","251400",8,16000,16000,14071,0
2008,381,1,36,"H3","2515",8,204500,204500,88005,0
2008,381,2,36,"H3","2515",8,1207111,1207111,1417959,0
2008,381,1,36,"H3","251511",8,204500,204500,88005,0
2008,381,1,36,"H3","230700",8,13440,13440,15104,0
2008,381,2,36,"H3","251511",8,153405,153405,256513,0
2008,381,2,36,"H3","251512",8,1053706,1053706,1161446,0
2008,381,1,36,"H3","2516",8,1551925,1551925,567004,0
2008,381,2,36,"H3","200819",8,5726,5726,41220,0
2008,381,2,36,"H3","2516",8,83534,83534,135388,0
2008,381,1,36,"H3","2106",8,13375,13375,141717,0
2008,381,1,36,"H3","220290",7,3120,3120,4953,0
2008,381,1,36,"H3","251611",8,252000,252000,83877,0
2008,381,2,36,"H3","2106",8,2136813,2136813,11869912,0
2008,381,2,36,"H3","251611",8,11284,11284,40490,0
2008,381,1,36,"H3","251612",8,1299925,1299925,483127,0
2008,381,2,36,"H3","251690",8,72250,72250,94897,0
2008,381,2,36,"H3","1903",8,351439,351439,1230091,0
2008,381,2,36,"H3","251710",8,1383,1383,19132,0
2008,381,2,36,"H3","251741",8,257050,257050,59067,0
2008,381,2,36,"H3","220860",7,149404,473985,969739,0
2008,381,2,36,"H3","200892",8,1307,1307,8802,0
2008,381,2,36,"H3","220290",7,1874882,1907428,4275075,0
2008,381,2,36,"H3","2526",8,21110,21110,12919,0
2008,381,2,36,"H3","220890",7,8853,22050,188748,0
2008,381,2,36,"H3","2209",7,2880460,2881670,7857220,0
2008,381,2,36,"H3","220210",7,799124,807133,1113947,0
2008,381,2,36,"H3","252020",8,11755,11755,11296,0
2008,381,1,36,"H3","2606",8,1919404693,1919404693,156859939,0
2008,381,2,36,"H3","2606",8,22050,22050,45094,0
2008,381,1,36,"H3","210210",8,18980,18980,341810,0
2008,381,2,36,"H3","210210",8,26966,26966,241904,0
2008,381,1,36,"H3","253090",8,4641443,4641443,1360269,0
2008,381,2,36,"H3","253090",8,20178,20178,4554,0
2008,381,1,36,"H3","26",1,,,237185374,0
2008,381,2,36,"H3","26",1,,,89287,0
2008,381,1,36,"H3","2601",8,186688000,186688000,10919989,0
2008,381,1,36,"H3","22",1,,,3058674,0
2008,381,2,36,"H3","22",1,,,72466731,0
2008,381,1,36,"H3","220110",7,29664,29664,18573,0
2008,381,2,36,"H3","220110",7,14949272,14958154,12578375,0
2008,381,1,36,"H3","260600",8,1919404693,1919404693,156859939,0
2008,381,2,36,"H3","260600",8,22050,22050,45094,0
2008,381,1,36,"H3","250840",8,8000,8000,5857,0
2008,381,2,36,"H3","250100",8,211019,211019,418073,0
2008,381,2,36,"H3","250840",8,31747,31747,325488,0
2008,381,1,36,"H3","2103",8,1386,1386,13152,0
2008,381,2,36,"H3","2842",8,276063,276063,791694,0
2008,381,1,36,"H3","2710",8,100,100,2012,0
2008,381,2,36,"H3","2710",8,389844,389844,1481331,0
2008,381,1,36,"H3","2201",7,29664,29664,18573,0
2008,381,2,36,"H3","2201",7,16167138,16176020,13291559,2
2008,381,2,36,"H3","2517",8,258433,258433,78199,0
2008,381,2,36,"H3","2518",8,85,85,3102,0
2008,381,2,36,"H3","220870",7,205214,962787,3124048,0
2008,381,1,36,"H3","251990",8,6317000,6317000,5090362,0
2008,381,2,36,"H3","2402",1,,306,46485,0
2008,381,2,36,"H3","2520",8,11755,11755,11296,0
2008,381,2,36,"H3","220190",7,1217866,1217866,713185,2
2008,381,1,36,"H3","2202",7,3120,3120,4953,0
2008,381,1,36,"H3","2833",8,1081481,1081481,27147,0
2008,381,2,36,"H3","2833",8,4800,4800,16664,0
2008,381,2,36,"H3","2202",7,2674006,2714561,5389022,0
2008,381,1,36,"H3","260111",8,186688000,186688000,10919989,0
2008,381,2,36,"H3","283329",8,4800,4800,16664,0
2008,381,1,36,"H3","283329",8,1081481,1081481,27147,0
2008,381,2,36,"H3","2836",8,111673,111673,69334,0
2008,381,2,36,"H3","283650",8,104000,104000,13880,0
2008,381,1,36,"H3","2615",8,81794190,81794190,69402612,0
2008,381,2,36,"H3","2615",8,21000,21000,44193,0
2008,381,1,36,"H3","261510",8,81794190,81794190,69402612,0
2008,381,2,36,"H3","261510",8,21000,21000,44193,0
2008,381,1,36,"H3","2617",8,17,17,2834,0
2008,381,2,36,"H3","290511",8,420,420,4180,0
2008,381,1,36,"H3","261790",8,17,17,2834,0
2008,381,2,36,"H3","283691",8,7500,7500,51759,0
2008,381,2,36,"H3","283699",8,173,173,3695,0
2008,381,2,36,"H3","24",1,,,46485,0
2008,381,2,36,"H3","271011",8,3088,3088,41365,0
2008,381,2,36,"H3","2711",8,3700,3700,1959,0
2008,381,1,36,"H3","280469",8,476000,476000,1464892,0
2008,381,2,36,"H3","280469",8,38657,38657,96658,0
2008,381,1,36,"H3","2811",8,470,470,7202,0
2008,381,2,36,"H3","2811",8,445,445,4405,0
2008,381,2,36,"H3","281121",8,445,445,4405,0
2008,381,1,36,"H3","281820",8,100,100,5484,0
2008,381,2,36,"H3","2821",8,43950,43950,58057,0
2008,381,2,36,"H3","282110",8,43950,43950,58057,0
2008,381,2,36,"H3","2824",8,17500,17500,89560,0
2008,381,2,36,"H3","282410",8,17500,17500,89560,0
2008,381,2,36,"H3","2827",8,8000,8000,8862,0
2008,381,2,36,"H3","251820",8,85,85,3102,0
2008,381,1,36,"H3","2519",8,6317000,6317000,5090362,0
2008,381,1,36,"H3","2309",8,1059653,1059653,1668290,0
2008,381,2,36,"H3","2309",8,322600,322600,232628,0
2008,381,2,36,"H3","2904",8,1925100,1925100,8255025,0
2008,381,1,36,"H3","230910",8,1033883,1033883,1524018,0
2008,381,2,36,"H3","2832",8,1237618,1237618,857286,0
2008,381,1,36,"H3","230990",8,25770,25770,144272,0
2008,381,2,36,"H3","230990",8,322600,322600,232628,0
2008,381,2,36,"H3","283210",8,1034228,1034228,538270,0
2008,381,2,36,"H3","283220",8,203390,203390,319016,0
2008,381,2,36,"H3","270120",8,900,900,2798,0
2008,381,2,36,"H3","271119",8,3700,3700,1959,0
2008,381,1,36,"H3","2804",1,,476000,1464892,0
2008,381,2,36,"H3","2804",1,,38657,96658,0
2008,381,2,36,"H3","290490",8,1925100,1925100,8255025,0
2008,381,2,36,"H3","2905",8,4820,4820,46875,0
2008,381,1,36,"H3","27",1,,,656723601,0
2008,381,2,36,"H3","27",1,,,1489750,0
2008,381,1,36,"H3","2701",8,2923748000,2923748000,656721589,0
2008,381,2,36,"H3","2701",8,900,900,2798,0
2008,381,1,36,"H3","270112",8,2923748000,2923748000,656721589,0
2008,381,2,36,"H3","2914",8,4845,4845,178673,0
2008,381,1,36,"H3","271019",8,100,100,2012,0
2008,381,2,36,"H3","271019",8,386756,386756,1439966,0
2008,381,2,36,"H3","271500",8,3960,3960,3662,0
2008,381,1,36,"H3","28",1,,,1593611,0
2008,381,2,36,"H3","28",1,,,2189182,0
2008,381,1,36,"H3","281129",8,470,470,7202,0
2008,381,2,36,"H3","2815",8,12704,12704,29364,0
2008,381,2,36,"H3","281520",8,12704,12704,29364,0
2008,381,1,36,"H3","2818",8,100,100,5484,0
2008,381,1,36,"H3","210690",8,13375,13375,141717,0
2008,381,2,36,"H3","210690",8,2117974,2117974,11763548,0
2008,381,2,36,"H3","2823",8,68000,68000,132814,0
2008,381,2,36,"H3","282300",8,68000,68000,132814,0
2008,381,2,36,"H3","282720",8,8000,8000,8862,0
2008,381,2,36,"H3","291814",8,61000,61000,248765,0
2008,381,2,36,"H3","291719",8,9000,9000,24325,0
2008,381,2,36,"H3","291812",8,2998315,2998315,11973618,0
2008,381,2,36,"H3","291819",8,153040,153040,291061,0
2008,381,1,36,"H3","2844",1,,127,35003,4
2008,381,2,36,"H3","2844",1,,113,34484,0
2008,381,2,36,"H3","291590",8,2190,2190,17118,0
2008,381,2,36,"H3","293229",8,940,940,1597267,0
2008,381,2,36,"H3","2915",8,62170,62170,193505,0
2008,381,2,36,"H3","2921",8,1641562,1641562,8419986,0
2008,381,2,36,"H3","210500",8,221537,221537,1083971,0
2008,381,1,36,"H3","2810",8,50000,50000,53882,0
2008,381,1,36,"H3","284440",8,127,127,35003,6
2008,381,2,36,"H3","284440",8,113,113,34484,0
2008,381,2,36,"H3","291570",8,45540,45540,139380,0
2008,381,1,36,"H3","250590",8,13718812,13718812,3623338,0
2008,381,2,36,"H3","250590",8,20700,20700,1775,0
2008,381,2,36,"H3","2932",8,32880,32880,2221718,0
2008,381,1,36,"H3","281000",8,50000,50000,53882,0
2008,381,1,36,"H3","250510",8,28800,28800,72381,0
2008,381,2,36,"H3","250510",8,21000,21000,5440,0
2008,381,2,36,"H3","292149",8,3492,3492,485757,0
2008,381,2,36,"H3","292159",8,25,25,4955,0
2008,381,2,36,"H3","292214",8,849,849,79437,0
2008,381,2,36,"H3","290549",8,4400,4400,42695,0
2008,381,2,36,"H3","292231",8,3,3,2423,0
2008,381,2,36,"H3","284210",8,276063,276063,791694,0
2008,381,2,36,"H3","2923",8,4335,4335,93664,0
2008,381,2,36,"H3","2715",8,3960,3960,3662,0
2008,381,1,36,"H3","29",1,,,3121651,0
2008,381,2,36,"H3","291470",8,20,20,118659,0
2008,381,2,36,"H3","2929",8,6080,6080,89402,0
2008,381,2,36,"H3","292910",8,6080,6080,89402,0
2008,381,2,36,"H3","291539",8,14440,14440,37008,0
2008,381,2,36,"H3","293040",8,265,265,79493,0
2008,381,2,36,"H3","293213",8,260,260,10689,0
2008,381,2,36,"H3","2916",8,38297,38297,383501,0
2008,381,2,36,"H3","29",1,,,78108519,0
2008,381,2,36,"H3","293299",8,31680,31680,613762,0
2008,381,1,36,"H3","2505",8,13747612,13747612,3695719,0
2008,381,2,36,"H3","2505",8,41700,41700,7215,0
2008,381,2,36,"H3","291631",8,12960,12960,54230,0
2008,381,2,36,"H3","2917",8,9000,9000,24325,0
2008,381,2,36,"H3","2918",8,3252555,3252555,12687367,0
2008,381,2,36,"H3","293333",8,49,49,80629,0
2008,381,2,36,"H3","2940",8,1550,1550,37787,0
2008,381,2,36,"H3","294190",8,42968,42968,10799748,0
2008,381,2,36,"H3","292119",8,45,45,4403,0
2008,381,2,36,"H3","2942",8,17856,17856,118992,0
2008,381,1,36,"H3","294190",8,83,83,122483,0
2008,381,1,36,"H3","293911",8,4085,4085,2486646,0
2008,381,1,36,"H3","294130",8,250,250,481900,0
2008,381,2,36,"H3","294130",8,245,245,258363,0
2008,381,2,36,"H3","293399",8,1290,1290,204866,0
2008,381,2,36,"H3","292143",8,1638000,1638000,7924870,0
2008,381,1,36,"H3","300290",8,25,25,47455,0
2008,381,2,36,"H3","300290",8,808,808,178084,0
2008,381,2,36,"H3","2922",8,28826,28826,2774548,0
2008,381,1,36,"H3","3003",8,1104,1104,30292,0
2008,381,2,36,"H3","292219",8,16639,16639,1450650,0
2008,381,2,36,"H3","292229",8,25,25,5689,0
2008,381,2,36,"H3","3003",8,1517230,1517230,6185782,0
2008,381,2,36,"H3","2906",8,3500,3500,730320,0
2008,381,2,36,"H3","292249",8,6924,6924,887643,0
2008,381,2,36,"H3","293410",8,3,3,1505,6
2008,381,2,36,"H3","293420",8,6440,6440,44485,0
2008,381,2,36,"H3","293430",8,125,125,4955,0
2008,381,2,36,"H3","2935",8,5396,5396,920392,0
2008,381,2,36,"H3","290629",8,3500,3500,730320,0
2008,381,1,36,"H3","293359",8,125,125,14529,0
2008,381,2,36,"H3","291439",8,4800,4800,49332,0
2008,381,2,36,"H3","292250",8,4386,4386,348706,0
2008,381,2,36,"H3","291469",8,25,25,10683,0
2008,381,2,36,"H3","293359",8,3533,3533,766379,0
2008,381,2,36,"H3","293627",8,200,200,3248,0
2008,381,1,36,"H3","293629",8,17,17,4227,0
2008,381,1,36,"H3","2941",8,333,333,604383,0
2008,381,2,36,"H3","2941",8,43213,43213,11058111,0
2008,381,2,36,"H3","293369",8,190000,190000,1554828,0
2008,381,2,36,"H3","293391",8,3436,3436,957959,0
2008,381,1,36,"H3","300220",8,125,125,1669,0
2008,381,1,36,"H3","2939",1,,4085,2486646,0
2008,381,2,36,"H3","2939",1,,39,217081,0
2008,381,2,36,"H3","2930",8,15739,15739,790991,0
2008,381,2,36,"H3","293090",8,15474,15474,711498,0
2008,381,2,36,"H3","291620",8,1580,1580,156963,0
2008,381,1,36,"H3","2933",8,187,187,26396,0
2008,381,2,36,"H3","291813",8,40200,40200,173922,0
2008,381,2,36,"H3","2933",8,208239,208239,8547050,0
2008,381,2,36,"H3","293329",8,5138,5138,303915,0
2008,381,1,36,"H3","293339",8,62,62,11867,0
2008,381,2,36,"H3","293919",8,5,5,45908,0
2008,381,2,36,"H3","291632",8,23757,23757,172308,0
2008,381,2,36,"H3","293339",8,4793,4793,4678473,0
2008,381,2,36,"H3","300220",8,262,262,258837,0
2008,381,2,36,"H3","293999",8,34,34,171174,0
2008,381,1,36,"H3","300230",8,125,125,16567,0
2008,381,2,36,"H3","294000",8,1550,1550,37787,0
2008,381,2,36,"H3","2934",8,32263,32263,15192257,6
2008,381,2,36,"H3","293499",8,25695,25695,15141312,0
2008,381,2,36,"H3","2937",8,2010,2010,2234539,0
2008,381,2,36,"H3","2938",8,69,69,250675,0
2008,381,2,36,"H3","293890",8,69,69,250675,0
2008,381,1,36,"H3","3002",8,282,282,76109,0
2008,381,2,36,"H3","3002",8,1080,1080,439372,0
2008,381,1,36,"H3","300210",8,7,7,10418,0
2008,381,1,36,"H3","300640",8,56,56,22518,0
2008,381,2,36,"H3","300210",8,10,10,2450,0
2008,381,2,36,"H3","300640",8,1036,1036,73933,0
2008,381,2,36,"H3","300440",8,14548,14548,13800549,0
2008,381,2,36,"H3","300670",8,39738,39738,119130,0
2008,381,1,36,"H3","300590",8,850,850,18492,0
2008,381,2,36,"H3","300590",8,530,530,9905,0
2008,381,1,36,"H3","2936",8,17,17,4227,0
2008,381,2,36,"H3","2936",8,15228,15228,260712,0
2008,381,2,36,"H3","294200",8,17856,17856,118992,0
2008,381,2,36,"H3","300630",8,138271,138271,5154102,0
2008,381,1,36,"H3","300610",8,68,68,32601,0
2008,381,2,36,"H3","300610",8,44,44,1966,0
2008,381,2,36,"H3","293500",8,5396,5396,920392,0
2008,381,2,36,"H3","300340",8,414,414,27206,0
2008,381,1,36,"H3","300390",8,1104,1104,30292,0
2008,381,2,36,"H3","300390",8,1510720,1510720,4239287,0
2008,381,2,36,"H3","293690",8,15028,15028,257464,0
2008,381,2,36,"H3","2924",8,25556,25556,2019402,0
2008,381,2,36,"H3","292419",8,20,20,39018,0
2008,381,2,36,"H3","300620",8,19,19,11370,0
2008,381,2,36,"H3","292429",8,25536,25536,1980384,0
2008,381,2,36,"H3","2925",8,4740,4740,305047,0
2008,381,2,36,"H3","292519",8,4740,4740,305047,0
2008,381,2,36,"H3","293722",8,244,244,561775,0
2008,381,2,36,"H3","293723",8,1574,1574,1177027,0
2008,381,2,36,"H3","293729",8,192,192,495738,0
2008,381,2,36,"H3","2926",8,800,800,56573,0
2008,381,2,36,"H3","292690",8,800,800,56573,0
2008,381,1,36,"H3","30",1,,,20933038,0
2008,381,2,36,"H3","30",1,,,176704718,0
2008,381,1,36,"H3","3004",8,41557,41557,20753026,0
2008,381,2,36,"H3","3004",8,747811,747811,164516568,0
2008,381,2,36,"H3","300410",8,211689,211689,8853996,0
2008,381,2,36,"H3","300420",8,36841,36841,11025387,0
2008,381,1,36,"H3","300432",8,17696,17696,2667192,0
2008,381,2,36,"H3","300432",8,2210,2210,359597,0
2008,381,2,36,"H3","300439",8,10220,10220,719181,0
2008,381,1,36,"H3","300490",8,23861,23861,18085834,0
2008,381,2,36,"H3","300490",8,472303,472303,129757858,0
2008,381,1,36,"H3","3005",8,850,850,18492,0
2008,381,2,36,"H3","3005",8,7607,7607,202495,0
2008,381,2,36,"H3","300510",8,7077,7077,192590,0
2008,381,1,36,"H3","3006",8,124,124,55118,0
2008,381,2,36,"H3","3006",8,179108,179108,5360500,0
2008,381,2,36,"H3","292390",8,4335,4335,93664,0
2008,381,1,36,"H3","3212",8,1855,1855,35365,0
2008,381,2,36,"H3","3212",8,85895,85895,1222748,0
2008,381,1,36,"H3","31",1,,,239346,0
2008,381,2,36,"H3","320730",8,13,13,27065,0
2008,381,2,36,"H3","31",1,,,207890,0
2008,381,1,36,"H3","3101",8,131000,131000,236478,0
2008,381,2,36,"H3","3101",8,23750,23750,23318,0
2008,381,1,36,"H3","310100",8,131000,131000,236478,0
2008,381,2,36,"H3","310100",8,23750,23750,23318,0
2008,381,2,36,"H3","3102",8,30450,30450,34993,0
2008,381,2,36,"H3","310210",8,30450,30450,34993,0
2008,381,1,36,"H3","3105",8,126,126,2868,0
2008,381,2,36,"H3","3105",8,72058,72058,149579,0
2008,381,2,36,"H3","300320",8,6096,6096,1919289,0
2008,381,1,36,"H3","310510",8,126,126,2868,0
2008,381,2,36,"H3","310520",8,55706,55706,108942,0
2008,381,2,36,"H3","310590",8,16352,16352,40637,0
2008,381,1,36,"H3","32",1,,,2607496,0
2008,381,2,36,"H3","320740",8,326768,326768,701590,0
2008,381,2,36,"H3","32",1,,,15894283,0
2008,381,1,36,"H3","3201",8,6310,6310,53928,0
2008,381,2,36,"H3","3201",8,42578,42578,385709,0
2008,381,2,36,"H3","320120",8,450,450,21033,0
2008,381,1,36,"H3","3211",8,365,365,20729,0
2008,381,2,36,"H3","3211",8,10388,10388,45833,0
2008,381,2,36,"H3","320210",8,18630,18630,230512,0
2008,381,2,36,"H3","320290",8,28710,28710,63321,0
2008,381,2,36,"H3","3203",8,56380,56380,606208,0
2008,381,2,36,"H3","320300",8,56380,56380,606208,0
2008,381,1,36,"H3","321100",8,365,365,20729,0
2008,381,1,36,"H3","3204",8,882,882,11531,0
2008,381,2,36,"H3","3204",8,18760,18760,114435,0
2008,381,1,36,"H3","320414",8,2,2,3070,0
2008,381,2,36,"H3","321100",8,10388,10388,45833,0
2008,381,2,36,"H3","320415",8,215,215,2889,0
2008,381,2,36,"H3","320820",8,163107,163107,767994,0
2008,381,1,36,"H3","320890",8,1305,1305,27799,0
2008,381,2,36,"H3","320890",8,1194638,1194638,5396576,0
2008,381,2,36,"H3","320417",8,17205,17205,101115,0
2008,381,2,36,"H3","320419",8,140,140,6539,0
2008,381,2,36,"H3","320420",8,1200,1200,3891,0
2008,381,1,36,"H3","320490",8,880,880,8460,0
2008,381,2,36,"H3","3205",8,51555,51555,314435,0
2008,381,2,36,"H3","320500",8,51555,51555,314435,0
2008,381,1,36,"H3","3206",8,1013000,1013000,1953004,0
2008,381,2,36,"H3","3206",8,14639,14639,54733,0
2008,381,1,36,"H3","320611",8,1013000,1013000,1953004,0
2008,381,2,36,"H3","320620",8,1860,1860,9238,0
2008,381,2,36,"H3","3210",8,61628,61628,300398,0
2008,381,2,36,"H3","3207",8,536441,536441,1018269,0
2008,381,2,36,"H3","320720",8,180000,180000,129117,0
2008,381,2,36,"H3","321290",8,65074,65074,602219,0
2008,381,2,36,"H3","321310",8,4177,4177,57040,0
2008,381,1,36,"H3","321511",8,4940,4940,80786,0
2008,381,2,36,"H3","321511",8,2368,2368,51672,0
2008,381,1,36,"H3","33",1,,,907765,0
2008,381,2,36,"H3","33",1,,,33751343,0
2008,381,1,36,"H3","3301",8,561,561,32198,0
2008,381,2,36,"H3","3301",8,6207,6207,169193,0
2008,381,2,36,"H3","330113",8,2860,2860,37422,0
2008,381,1,36,"H3","320990",8,1926,1926,33671,0
2008,381,2,36,"H3","320990",8,47105,47105,251129,0
2008,381,1,36,"H3","330129",8,205,205,5061,0
2008,381,1,36,"H3","3215",8,25692,25692,459833,0
2008,381,2,36,"H3","3215",8,136640,136640,1887748,0
2008,381,1,36,"H3","321519",8,20072,20072,317028,0
2008,381,2,36,"H3","321519",8,121549,121549,1288850,0
2008,381,1,36,"H3","321590",8,680,680,62019,0
2008,381,2,36,"H3","321590",8,12723,12723,547226,0
2008,381,2,36,"H3","330290",8,1956,1956,44350,0
2008,381,1,36,"H3","330290",8,8124,8124,588393,0
2008,381,1,36,"H3","3303",8,531,531,61771,0
2008,381,2,36,"H3","3303",8,157889,157889,6358906,0
2008,381,1,36,"H3","330300",8,531,531,61771,0
2008,381,2,36,"H3","330300",8,157889,157889,6358906,0
2008,381,1,36,"H3","321210",8,1855,1855,35365,0
2008,381,2,36,"H3","321210",8,20821,20821,620529,0
2008,381,1,36,"H3","320110",8,1335,1335,14897,0
2008,381,2,36,"H3","320110",8,11691,11691,69575,0
2008,381,1,36,"H3","320190",8,4975,4975,39030,0
2008,381,2,36,"H3","3213",8,14122,14122,168189,0
2008,381,2,36,"H3","320190",8,30437,30437,295100,0
2008,381,2,36,"H3","3202",8,47340,47340,293833,0
2008,381,2,36,"H3","321390",8,9945,9945,111149,0
2008,381,1,36,"H3","3214",8,3960,3960,11635,0
2008,381,2,36,"H3","3214",8,370540,370540,1761331,0
2008,381,2,36,"H3","321410",8,79756,79756,387613,0
2008,381,1,36,"H3","321490",8,3960,3960,11635,0
2008,381,2,36,"H3","321490",8,290784,290784,1373718,0
2008,381,1,36,"H3","3208",8,1305,1305,27799,0
2008,381,2,36,"H3","3208",8,1609978,1609978,7113925,0
2008,381,2,36,"H3","320810",8,252233,252233,949356,0
2008,381,2,36,"H3","330112",8,890,890,8643,0
2008,381,1,36,"H3","3209",8,1926,1926,33671,0
2008,381,2,36,"H3","3209",8,180844,180844,606489,0
2008,381,2,36,"H3","320910",8,133739,133739,355360,0
2008,381,2,36,"H3","330119",8,2012,2012,79684,0
2008,381,1,36,"H3","330190",8,356,356,27137,0
2008,381,2,36,"H3","330190",8,445,445,43444,0
2008,381,1,36,"H3","3302",8,8124,8124,588393,0
2008,381,2,36,"H3","3302",8,63732,63732,1362344,0
2008,381,2,36,"H3","320649",8,12779,12779,45495,0
2008,381,2,36,"H3","320710",8,29660,29660,160497,0
2008,381,2,36,"H3","321000",8,61628,61628,300398,0
2008,381,2,36,"H3","330210",8,61776,61776,1317994,0
2008,381,2,36,"H3","340219",8,19324,19324,115134,0
2008,381,1,36,"H3","340290",8,310,310,7268,0
2008,381,2,36,"H3","340290",8,138179,138179,479101,0
2008,381,1,36,"H3","3403",8,1248,1248,12557,0
2008,381,2,36,"H3","3403",8,147453,147453,495873,0
2008,381,2,36,"H3","330741",8,1229,1229,24002,0
2008,381,1,36,"H3","34",1,,,179386,0
2008,381,2,36,"H3","34",1,,,5516717,0
2008,381,2,36,"H3","340399",8,72547,72547,170965,0
2008,381,2,36,"H3","340120",8,57369,57369,163988,0
2008,381,1,36,"H3","3402",8,1791,1791,68144,0
2008,381,2,36,"H3","3402",8,1043555,1043555,2830491,0
2008,381,2,36,"H3","340213",8,208100,208100,656414,0
2008,381,1,36,"H3","340219",8,1481,1481,60876,0
2008,381,2,36,"H3","340590",8,6043,6043,43854,0
2008,381,1,36,"H3","330499",8,1643,1643,70517,0
2008,381,2,36,"H3","330499",8,713200,713200,7561019,0
2008,381,2,36,"H3","330590",8,817170,817170,8317879,0
2008,381,1,36,"H3","330790",8,13443,13443,129366,0
2008,381,2,36,"H3","330790",8,27495,27495,245625,0
2008,381,1,36,"H3","3304",8,1683,1683,72314,0
2008,381,2,36,"H3","3304",8,858277,858277,13739798,0
2008,381,1,36,"H3","330410",8,40,40,1797,0
2008,381,2,36,"H3","330410",8,88389,88389,3554920,0
2008,381,1,36,"H3","3306",8,405,405,8104,0
2008,381,2,36,"H3","3306",8,59218,59218,344028,0
2008,381,2,36,"H3","3406",8,47132,47132,244349,0
2008,381,2,36,"H3","340220",8,190981,190981,375076,0
2008,381,1,36,"H3","3307",8,13443,13443,129366,0
2008,381,2,36,"H3","3307",8,381787,381787,1847715,0
2008,381,2,36,"H3","330710",8,26623,26623,202342,0
2008,381,2,36,"H3","340490",8,2845,2845,31490,0
2008,381,2,36,"H3","340540",8,2197,2197,33722,0
2008,381,2,36,"H3","330730",8,270343,270343,859672,0
2008,381,2,36,"H3","340319",8,44590,44590,131065,0
2008,381,2,36,"H3","330749",8,33974,33974,303115,0
2008,381,2,36,"H3","3404",8,27627,27627,119772,0
2008,381,2,36,"H3","340111",8,72551,72551,197498,0
2008,381,2,36,"H3","340119",8,21031,21031,77015,0
2008,381,2,36,"H3","330491",8,37440,37440,1584719,0
2008,381,2,36,"H3","3707",8,455,455,13004,0
2008,381,2,36,"H3","330420",8,18357,18357,979126,0
2008,381,2,36,"H3","330430",8,891,891,60013,0
2008,381,1,36,"H3","330510",8,4,4,1821,0
2008,381,2,36,"H3","330510",8,68639,68639,668995,0
2008,381,1,36,"H3","38",1,,,6929036,0
2008,381,1,36,"H3","330610",8,400,400,5729,0
2008,381,2,36,"H3","330610",8,43292,43292,76768,0
2008,381,2,36,"H3","3505",8,356250,356250,309379,0
2008,381,2,36,"H3","38",1,,,25922635,0
2008,381,2,36,"H3","3801",8,1140,1140,8370,0
2008,381,1,36,"H3","340391",8,1248,1248,12557,0
2008,381,1,36,"H3","370590",8,12,12,3983,0
2008,381,2,36,"H3","370590",8,23425,23425,227553,0
2008,381,2,36,"H3","3603",8,3150,3150,157008,0
2008,381,2,36,"H3","3706",4,3867115,24436,1576722,0
2008,381,2,36,"H3","360300",8,3150,3150,157008,0
2008,381,2,36,"H3","3604",8,6100,6100,34940,0
2008,381,1,36,"H3","3802",8,386642,386642,565790,0
2008,381,2,36,"H3","3802",8,244100,244100,650735,0
2008,381,1,36,"H3","330690",8,5,5,2374,0
2008,381,2,36,"H3","330690",8,15926,15926,267260,0
2008,381,1,36,"H3","330530",8,700,700,13799,0
2008,381,2,36,"H3","330530",8,29354,29354,201963,0
2008,381,2,36,"H3","3407",8,56790,56790,267176,0
2008,381,1,36,"H3","35",1,,,612078,0
2008,381,2,36,"H3","380110",8,40,40,3202,0
2008,381,2,36,"H3","370710",8,410,410,3182,0
2008,381,2,36,"H3","35",1,,,6607104,0
2008,381,1,36,"H3","350190",8,10960,10960,140785,0
2008,381,2,36,"H3","350190",8,1100,1100,20026,0
2008,381,2,36,"H3","3502",8,18000,18000,258386,0
2008,381,2,36,"H3","350211",8,18000,18000,258386,0
2008,381,2,36,"H3","340520",8,9,9,2329,0
2008,381,1,36,"H3","3705",8,12,12,3983,0
2008,381,2,36,"H3","340420",8,24782,24782,88282,0
2008,381,1,36,"H3","3401",8,4170,4170,98686,0
2008,381,2,36,"H3","3401",8,255470,255470,962406,0
2008,381,2,36,"H3","3705",8,23425,23425,227553,0
2008,381,2,36,"H3","381010",8,6050,6050,29856,0
2008,381,2,36,"H3","381090",8,4,4,12784,0
2008,381,2,36,"H3","340600",8,47132,47132,244349,0
2008,381,2,36,"H3","340700",8,56790,56790,267176,0
2008,381,2,36,"H3","3811",8,626320,626320,1476713,0
2008,381,2,36,"H3","381111",8,3200,3200,7752,0
2008,381,2,36,"H3","370790",8,45,45,9822,0
2008,381,1,36,"H3","3305",8,704,704,15620,0
2008,381,2,36,"H3","3305",8,975929,975929,9929360,0
2008,381,2,36,"H3","381121",8,622520,622520,1463117,0
2008,381,2,36,"H3","330520",8,60766,60766,740523,0
2008,381,1,36,"H3","3501",8,10960,10960,140785,0
2008,381,2,36,"H3","3501",8,1100,1100,20026,0
2008,381,1,36,"H3","380210",8,386642,386642,565790,0
2008,381,1,36,"H3","37",1,,,3983,0
2008,381,2,36,"H3","380210",8,500,500,3010,0
2008,381,2,36,"H3","3503",8,42780,42780,307195,0
2008,381,2,36,"H3","350300",8,42780,42780,307195,0
2008,381,1,36,"H3","3504",8,50,50,4047,0
2008,381,2,36,"H3","3504",8,980000,980000,2416664,0
2008,381,1,36,"H3","350400",8,50,50,4047,0
2008,381,2,36,"H3","350400",8,980000,980000,2416664,0
2008,381,2,36,"H3","350510",8,356250,356250,309379,0
2008,381,2,36,"H3","3405",8,48634,48634,596650,0
2008,381,2,36,"H3","37",1,,,2283558,0
2008,381,2,36,"H3","340510",8,36224,36224,485184,0
2008,381,1,36,"H3","3506",8,91772,91772,460665,0
2008,381,2,36,"H3","3506",8,521157,521157,2996267,0
2008,381,2,36,"H3","340530",8,4161,4161,31562,0
2008,381,2,36,"H3","330720",8,22123,22123,212959,0
2008,381,2,36,"H3","340311",8,30316,30316,193843,0
2008,381,2,36,"H3","370239",2,3451,100,14325,2
2008,381,2,36,"H3","380993",8,65375,65375,290816,0
2008,381,2,36,"H3","3810",8,6054,6054,42640,0
2008,381,1,36,"H3","340130",8,4170,4170,98686,0
2008,381,2,36,"H3","340130",8,104519,104519,523905,0
2008,381,2,36,"H3","340211",8,486971,486971,1204766,0
2008,381,2,36,"H3","360490",8,6100,6100,34940,0
2008,381,1,36,"H3","3823",8,381980,381980,533653,0
2008,381,2,36,"H3","3823",8,3980,3980,19749,0
2008,381,2,36,"H3","382490",8,171645,171645,11104152,6
2008,381,2,36,"H3","380120",8,1100,1100,5168,0
2008,381,1,36,"H3","382490",8,6005632,6005632,4634613,0
2008,381,2,36,"H3","3819",8,33477,33477,107129,0
2008,381,2,36,"H3","370110",2,200,113,8322,0
2008,381,1,36,"H3","380893",8,3978,3978,16724,0
2008,381,2,36,"H3","380893",8,78964,78964,410758,0
2008,381,2,36,"H3","3814",8,53636,53636,303638,0
2008,381,2,36,"H3","350699",8,69786,69786,1156895,0
2008,381,2,36,"H3","381400",8,53636,53636,303638,0
2008,381,1,36,"H3","3824",8,6005632,6005632,4634613,0
2008,381,2,36,"H3","3809",8,65375,65375,290816,0
2008,381,2,36,"H3","3824",8,755847,755847,12491105,6
2008,381,2,36,"H3","382000",8,66575,66575,105524,0
2008,381,2,36,"H3","3821",8,20,20,1835,0
2008,381,2,36,"H3","382100",8,20,20,1835,0
2008,381,1,36,"H3","3822",8,521,521,447934,0
2008,381,2,36,"H3","3816",8,2200,2200,1841,0
2008,381,2,36,"H3","381600",8,2200,2200,1841,0
2008,381,2,36,"H3","3822",8,45154,45154,3109403,0
2008,381,2,36,"H3","381129",8,600,600,5843,0
2008,381,2,36,"H3","3820",8,66575,66575,105524,0
2008,381,2,36,"H3","3812",8,52218,52218,310784,0
2008,381,2,36,"H3","381220",8,2000,2000,5799,0
2008,381,2,36,"H3","380290",8,243600,243600,647725,0
2008,381,1,36,"H3","382312",8,381980,381980,533653,0
2008,381,2,36,"H3","381230",8,50218,50218,304984,0
2008,381,2,36,"H3","381900",8,33477,33477,107129,0
2008,381,2,36,"H3","3813",8,60130,60130,126879,0
2008,381,2,36,"H3","3701",1,,38955,451954,0
2008,381,2,36,"H3","382319",8,3980,3980,19749,0
2008,381,2,36,"H3","370130",2,43241,37189,421746,0
2008,381,2,36,"H3","370199",1,,1653,21887,0
2008,381,2,36,"H3","350610",8,24174,24174,14315,0
2008,381,2,36,"H3","381300",8,60130,60130,126879,0
2008,381,2,36,"H3","3702",1,,100,14325,0
2008,381,1,36,"H3","3507",8,144,144,6581,0
2008,381,2,36,"H3","382410",8,21781,21781,525249,0
2008,381,2,36,"H3","382440",8,3965,3965,34548,0
2008,381,2,36,"H3","3507",8,10580,10580,299186,0
2008,381,1,36,"H3","350790",8,144,144,6581,0
2008,381,2,36,"H3","350790",8,10580,10580,299186,0
2008,381,2,36,"H3","382450",8,558456,558456,827155,0
2008,381,2,36,"H3","36",1,,,191949,0
2008,381,1,36,"H3","3815",8,4060,4060,283960,0
2008,381,2,36,"H3","3815",8,113022,113022,4681314,0
2008,381,2,36,"H3","381512",8,497,497,111280,0
2008,381,1,36,"H3","382200",8,521,521,447934,0
2008,381,2,36,"H3","382200",8,45154,45154,3109403,0
2008,381,1,36,"H3","390760",8,3809000,3809000,5736763,0
2008,381,2,36,"H3","390791",8,231629,231629,1114449,0
2008,381,2,36,"H3","370610",4,3867115,24436,1576722,0
2008,381,2,36,"H3","390730",8,54477,54477,253607,0
2008,381,2,36,"H3","3825",8,1300,1300,6666,0
2008,381,1,36,"H3","390950",8,882,882,19699,0
2008,381,2,36,"H3","390950",8,612492,612492,2211892,0
2008,381,1,36,"H3","39",1,,,8310959,0
2008,381,2,36,"H3","39",1,,,142046612,0
2008,381,2,36,"H3","390750",8,222698,222698,829935,0
2008,381,1,36,"H3","3901",8,550,550,4450,0
2008,381,2,36,"H3","3901",8,1189888,1189888,4007030,0
2008,381,2,36,"H3","390110",8,30239,30239,107806,0
2008,381,2,36,"H3","390120",8,948169,948169,2865029,0
2008,381,1,36,"H3","390130",8,550,550,4450,0
2008,381,2,36,"H3","390940",8,94150,94150,220191,0
2008,381,2,36,"H3","390130",8,211480,211480,1034196,0
2008,381,1,36,"H3","3902",8,2040,2040,26633,0
2008,381,2,36,"H3","3902",8,1647903,1647903,3191989,0
2008,381,2,36,"H3","390210",8,100873,100873,376141,0
2008,381,2,36,"H3","390230",8,1525155,1525155,2719255,0
2008,381,1,36,"H3","390720",8,186880,186880,416364,0
2008,381,2,36,"H3","390720",8,120,120,2599,0
2008,381,1,36,"H3","390290",8,2040,2040,26633,0
2008,381,1,36,"H3","3808",8,19978,19978,463087,0
2008,381,2,36,"H3","3808",8,161781,161781,2187497,0
2008,381,2,36,"H3","390290",8,21875,21875,96593,0
2008,381,2,36,"H3","3903",8,1230,1230,4942,0
2008,381,2,36,"H3","390390",8,1230,1230,4942,0
2008,381,2,36,"H3","380850",8,3300,3300,4757,0
2008,381,2,36,"H3","380891",8,23005,23005,865254,0
2008,381,1,36,"H3","3904",8,1805,1805,9980,0
2008,381,2,36,"H3","3904",8,328440,328440,629830,0
2008,381,2,36,"H3","390410",8,45000,45000,69152,0
2008,381,1,36,"H3","380892",8,16000,16000,446363,0
2008,381,2,36,"H3","390421",8,280487,280487,517902,0
2008,381,1,36,"H3","390440",8,1800,1800,6637,0
2008,381,2,36,"H3","390461",8,953,953,33218,0
2008,381,1,36,"H3","390469",8,5,5,3343,0
2008,381,2,36,"H3","390490",8,2000,2000,9558,0
2008,381,2,36,"H3","3905",8,82099,82099,324884,0
2008,381,2,36,"H3","380892",8,44512,44512,812469,0
2008,381,2,36,"H3","390799",8,150315,150315,555332,0
2008,381,2,36,"H3","3908",8,166951,166951,972097,0
2008,381,2,36,"H3","380899",8,12000,12000,94259,0
2008,381,2,36,"H3","390810",8,154419,154419,918531,0
2008,381,1,36,"H3","350691",8,91772,91772,460665,0
2008,381,2,36,"H3","350691",8,427197,427197,1825057,0
2008,381,2,36,"H3","390890",8,12532,12532,53566,0
2008,381,1,36,"H3","3909",8,882,882,19699,0
2008,381,2,36,"H3","3909",8,961612,961612,3033827,0
2008,381,2,36,"H3","390930",8,19170,19170,180419,0
2008,381,1,36,"H3","381519",8,4060,4060,283960,0
2008,381,2,36,"H3","381519",8,32505,32505,4024912,0
2008,381,2,36,"H3","381590",8,80020,80020,545122,0
2008,381,2,36,"H3","390710",8,16316,16316,83906,0
2008,381,2,36,"H3","390740",8,11100,11100,57436,0
2008,381,2,36,"H3","3915",8,281950,281950,261825,0
2008,381,2,36,"H3","390529",8,82080,82080,321778,0
2008,381,1,36,"H3","391732",8,10,10,2399,0
2008,381,2,36,"H3","391732",8,1784971,1784971,6151794,0
2008,381,2,36,"H3","3918",8,55821,55821,312780,0
2008,381,2,36,"H3","382549",8,1300,1300,6666,0
2008,381,2,36,"H3","3912",8,45485,45485,287215,0
2008,381,2,36,"H3","391733",8,25193,25193,205998,0
2008,381,1,36,"H3","391739",8,55,55,8259,0
2008,381,2,36,"H3","391290",8,770,770,2458,0
2008,381,2,36,"H3","3913",8,47623,47623,312128,0
2008,381,2,36,"H3","391739",8,197080,197080,1591964,0
2008,381,2,36,"H3","3914",8,46484,46484,293164,0
2008,381,2,36,"H3","391400",8,46484,46484,293164,0
2008,381,1,36,"H3","391740",8,34536,34536,255847,0
2008,381,2,36,"H3","390599",8,19,19,3107,0
2008,381,1,36,"H3","390690",8,116000,116000,349540,0
2008,381,2,36,"H3","391740",8,559301,559301,5126613,0
2008,381,2,36,"H3","390690",8,219605,219605,788596,0
2008,381,1,36,"H3","3907",8,3995880,3995880,6153127,0
2008,381,2,36,"H3","3907",8,686655,686655,2897265,0
2008,381,2,36,"H3","391810",8,45401,45401,259787,0
2008,381,2,36,"H3","391890",8,10420,10420,52993,0
2008,381,2,36,"H3","391000",8,8747,8747,83780,0
2008,381,2,36,"H3","392051",8,14681,14681,119008,0
2008,381,2,36,"H3","392059",8,451,451,48637,0
2008,381,2,36,"H3","391310",8,6289,6289,60483,0
2008,381,2,36,"H3","392061",8,31214,31214,132210,0
2008,381,1,36,"H3","392062",8,198,198,1859,0
2008,381,2,36,"H3","392062",8,168046,168046,692376,0
2008,381,2,36,"H3","392069",8,33883,33883,176091,0
2008,381,2,36,"H3","392073",8,8454,8454,274451,0
2008,381,2,36,"H3","390910",8,235800,235800,421325,0
2008,381,2,36,"H3","391731",8,15554,15554,278611,0
2008,381,2,36,"H3","391390",8,41334,41334,251646,0
2008,381,2,36,"H3","392690",8,3705891,3705891,27948557,0
2008,381,1,36,"H3","392690",8,44633,44633,507645,0
2008,381,2,36,"H3","392490",8,355161,355161,1952420,0
2008,381,1,36,"H3","3925",1,,19675,18724,0
2008,381,2,36,"H3","392350",8,139694,139694,1208830,0
2008,381,2,36,"H3","391190",8,37469,37469,133505,0
2008,381,2,36,"H3","3925",1,,141130,792070,0
2008,381,2,36,"H3","391212",8,1915,1915,16235,0
2008,381,2,36,"H3","392510",8,9620,9620,21164,0
2008,381,2,36,"H3","391239",8,42800,42800,268521,0
2008,381,2,36,"H3","392530",8,9356,9356,64895,0
2008,381,1,36,"H3","3926",8,44633,44633,507645,0
2008,381,2,36,"H3","3926",8,3735811,3735811,29089069,0
2008,381,2,36,"H3","392063",8,263,263,9441,0
2008,381,1,36,"H3","392390",8,29214,29214,263298,0
2008,381,2,36,"H3","391590",8,281950,281950,261825,0
2008,381,1,36,"H3","3922",8,125,125,7546,0
2008,381,2,36,"H3","3922",8,116961,116961,2028383,0
2008,381,2,36,"H3","392210",8,14434,14434,277881,0
2008,381,2,36,"H3","392390",8,265500,265500,1002806,0
2008,381,2,36,"H3","392220",8,19877,19877,222323,0
2008,381,2,36,"H3","391610",8,1163,1163,14666,0
2008,381,1,36,"H3","392290",8,125,125,7546,0
2008,381,2,36,"H3","392290",8,82650,82650,1528179,0
2008,381,1,36,"H3","40",1,,,3344549,0
2008,381,2,36,"H3","3924",8,434841,434841,2535975,0
2008,381,2,36,"H3","40",1,,,45091100,0
2008,381,1,36,"H3","392350",8,72920,72920,402025,0
2008,381,2,36,"H3","392112",8,1628,1628,38520,0
2008,381,2,36,"H3","3916",8,114203,114203,828765,0
2008,381,2,36,"H3","391620",8,89289,89289,607492,0
2008,381,2,36,"H3","391690",8,23751,23751,206607,0
2008,381,2,36,"H3","3910",8,8747,8747,83780,0
2008,381,2,36,"H3","3911",8,37469,37469,133505,0
2008,381,1,36,"H3","392590",8,19675,19675,18724,0
2008,381,2,36,"H3","392590",8,122154,122154,706011,0
2008,381,2,36,"H3","392071",8,4569,4569,84756,0
2008,381,2,36,"H3","392099",8,19985,19985,236510,0
2008,381,1,36,"H3","3921",8,15579,15579,119217,0
2008,381,2,36,"H3","3921",8,2013410,2013410,12219374,0
2008,381,2,36,"H3","392610",8,2861,2861,22863,0
2008,381,2,36,"H3","392111",8,25,25,3468,0
2008,381,1,36,"H3","392190",8,15579,15579,119217,0
2008,381,2,36,"H3","392190",8,1609886,1609886,10661935,0
2008,381,2,36,"H3","392620",8,5744,5744,499548,0
2008,381,1,36,"H3","3917",8,41601,41601,350384,0
2008,381,1,36,"H3","3906",8,116000,116000,349540,0
2008,381,2,36,"H3","3917",8,3378193,3378193,18458602,0
2008,381,2,36,"H3","3906",8,219605,219605,788596,0
2008,381,2,36,"H3","392410",8,79680,79680,583555,0
2008,381,1,36,"H3","392340",8,6771,6771,4986,0
2008,381,2,36,"H3","392340",8,7213,7213,77846,0
2008,381,2,36,"H3","400932",8,61636,61636,1848510,0
2008,381,2,36,"H3","392630",8,5435,5435,154928,0
2008,381,1,36,"H3","392330",8,1148,1148,20638,0
2008,381,2,36,"H3","391723",8,140250,140250,652592,0
2008,381,2,36,"H3","391729",8,98753,98753,454784,0
2008,381,2,36,"H3","4006",8,21106,21106,167873,0
2008,381,2,36,"H3","392330",8,31689,31689,210009,6
2008,381,2,36,"H3","400690",8,15687,15687,115376,0
2008,381,2,36,"H3","4001",8,364,364,7094,0
2008,381,1,36,"H3","4008",8,1355,1355,134182,0
2008,381,2,36,"H3","4008",8,602455,602455,2928943,0
2008,381,2,36,"H3","400129",8,360,360,4754,0
2008,381,2,36,"H3","400811",8,3054,3054,33767,0
2008,381,1,36,"H3","391990",8,1010,1010,12347,0
2008,381,2,36,"H3","391990",8,684656,684656,3585860,0
2008,381,1,36,"H3","3920",8,6870,6870,25158,0
2008,381,2,36,"H3","3920",8,1722878,1722878,7389281,0
2008,381,2,36,"H3","400819",8,1525,1525,3480,0
2008,381,1,36,"H3","392010",8,4689,4689,13265,0
2008,381,1,36,"H3","400821",8,930,930,99856,0
2008,381,2,36,"H3","392010",8,161942,161942,764098,0
2008,381,2,36,"H3","400821",8,597755,597755,2885987,0
2008,381,1,36,"H3","4002",8,6170,6170,26368,0
2008,381,2,36,"H3","4002",8,1279711,1279711,4359460,0
2008,381,2,36,"H3","400211",8,60825,60825,99298,0
2008,381,2,36,"H3","400599",8,297974,297974,626031,0
2008,381,2,36,"H3","400911",8,86982,86982,689047,0
2008,381,2,36,"H3","4005",8,321297,321297,688892,0
2008,381,2,36,"H3","392113",8,342299,342299,850607,0
2008,381,1,36,"H3","400912",8,38,38,2471,0
2008,381,2,36,"H3","400912",8,136404,136404,917183,0
2008,381,2,36,"H3","400921",8,2459714,2459714,15626969,0
2008,381,2,36,"H3","400922",8,62380,62380,713305,0
2008,381,2,36,"H3","400931",8,167509,167509,1259506,0
2008,381,1,36,"H3","400941",8,85,85,1553,0
2008,381,2,36,"H3","400941",8,569360,569360,3243635,0
2008,381,1,36,"H3","392329",8,42,42,2211,0
2008,381,2,36,"H3","392329",8,119557,119557,500426,0
2008,381,2,36,"H3","400510",8,19238,19238,52039,0
2008,381,2,36,"H3","391710",8,192043,192043,1131570,0
2008,381,1,36,"H3","391722",8,1190,1190,10346,0
2008,381,2,36,"H3","392640",8,15880,15880,463173,0
2008,381,2,36,"H3","391722",8,24743,24743,171580,0
2008,381,2,36,"H3","400610",8,5419,5419,52497,0
2008,381,1,36,"H3","401110",5,40987,453000,2963720,0
2008,381,2,36,"H3","401110",5,15870,164315,1095182,0
2008,381,1,36,"H3","400219",8,6170,6170,26368,0
2008,381,2,36,"H3","400219",8,574982,574982,1700336,0
2008,381,2,36,"H3","400520",8,4085,4085,10822,0
2008,381,1,36,"H3","3919",8,1770,1770,25697,0
2008,381,2,36,"H3","3919",8,5605288,5605288,26631425,0
2008,381,1,36,"H3","391910",8,760,760,13350,0
2008,381,2,36,"H3","391910",8,4920632,4920632,23045566,0
2008,381,2,36,"H3","401031",8,36534,36534,1191317,0
2008,381,2,36,"H3","392049",8,504114,504114,2246621,0
2008,381,2,36,"H3","392119",8,59572,59572,664844,0
2008,381,2,36,"H3","400942",8,36370,36370,394095,0
2008,381,1,36,"H3","391721",8,5810,5810,73534,0
2008,381,2,36,"H3","391721",8,340305,340305,2693098,0
2008,381,2,36,"H3","401011",8,221,221,11232,0
2008,381,2,36,"H3","401012",8,9696,9696,127342,0
2008,381,2,36,"H3","401019",8,21133,21133,357216,0
2008,381,1,36,"H3","401590",8,66,66,5139,0
2008,381,2,36,"H3","401590",8,405,405,41898,0
2008,381,1,36,"H3","41",1,,,114319675,0
2008,381,2,36,"H3","41",1,,,13311931,0
2008,381,2,36,"H3","401490",8,5482,5482,32284,0
2008,381,1,36,"H3","400829",8,425,425,34326,0
2008,381,2,36,"H3","400829",8,121,121,5708,0
2008,381,2,36,"H3","400110",8,4,4,2340,0
2008,381,2,36,"H3","410530",8,1498,1498,53971,0
2008,381,1,36,"H3","4011",5,40987,453000,2963720,0
2008,381,2,36,"H3","4011",5,53165,1318869,7303562,0
2008,381,1,36,"H3","4106",1,,102093,1350187,0
2008,381,2,36,"H3","4106",1,,891,66085,0
2008,381,2,36,"H3","410621",8,49,49,8317,0
2008,381,2,36,"H3","4017",8,167621,167621,724647,0
2008,381,2,36,"H3","401700",8,167621,167621,724647,0
2008,381,1,36,"H3","392020",8,1933,1933,7437,0
2008,381,2,36,"H3","392020",8,508318,508318,1766956,0
2008,381,1,36,"H3","392043",8,50,50,2597,0
2008,381,2,36,"H3","392043",8,266958,266958,838126,0
2008,381,2,36,"H3","410622",8,842,842,57768,0
2008,381,2,36,"H3","410441",8,5045,5045,162494,0
2008,381,1,36,"H3","4101",8,4322279,4322279,14653903,6
2008,381,1,36,"H3","410449",8,113,113,10450,0
2008,381,2,36,"H3","410449",8,7914,7914,194287,0
2008,381,2,36,"H3","4101",8,5599,5599,168821,0
2008,381,1,36,"H3","4009",8,123,123,4025,0
2008,381,2,36,"H3","4009",8,3580355,3580355,24692251,0
2008,381,2,36,"H3","400249",8,345,345,6078,0
2008,381,2,36,"H3","400299",8,643559,643559,2553748,0
2008,381,2,36,"H3","401120",5,8784,495557,2075828,0
2008,381,2,36,"H3","401130",5,23212,399397,2567740,0
2008,381,2,36,"H3","401150",5,105,54,1784,0
2008,381,2,36,"H3","401163",5,711,76103,320139,0
2008,381,2,36,"H3","401169",5,500,54,5560,0
2008,381,2,36,"H3","401033",8,66,66,3803,0
2008,381,1,36,"H3","410640",8,389,389,70415,0
2008,381,2,36,"H3","401035",8,22,22,4835,0
2008,381,2,36,"H3","4010",8,108689,108689,2510820,0
2008,381,2,36,"H3","401036",8,91,91,13594,0
2008,381,2,36,"H3","401039",8,40926,40926,801482,0
2008,381,1,36,"H3","3923",8,110095,110095,693159,0
2008,381,2,36,"H3","3923",8,5953229,5953229,24538812,6
2008,381,2,36,"H3","392310",8,5345483,5345483,21228676,0
2008,381,2,36,"H3","392321",8,44093,44093,310220,0
2008,381,1,36,"H3","4107",8,7693,7693,66777,0
2008,381,2,36,"H3","4107",8,453427,453427,11424832,0
2008,381,1,36,"H3","4015",8,66,66,5139,0
2008,381,2,36,"H3","4015",8,1011,1011,135150,0
2008,381,2,36,"H3","401511",8,62,62,11443,0
2008,381,2,36,"H3","410711",8,12776,12776,373633,0
2008,381,2,36,"H3","4105",8,1498,1498,53971,0
2008,381,1,36,"H3","410712",8,7555,7555,62156,0
2008,381,2,36,"H3","410712",8,205532,205532,5964462,0
2008,381,2,36,"H3","401519",8,544,544,81808,0
2008,381,1,36,"H3","410622",8,20000,20000,60953,0
2008,381,2,36,"H3","410419",8,1798,1798,113450,0
2008,381,1,36,"H3","4104",8,24541081,24541081,89754866,0
2008,381,2,36,"H3","4104",8,32162,32162,649658,0
2008,381,1,36,"H3","410411",8,21778548,21778548,81332488,0
2008,381,2,36,"H3","410411",8,17405,17405,179428,0
2008,381,1,36,"H3","410419",8,2762420,2762420,8411928,0
2008,381,1,36,"H3","410719",8,138,138,4621,0
2008,381,2,36,"H3","410719",8,47302,47302,740477,0
2008,381,1,36,"H3","4016",8,474,474,21398,0
2008,381,2,36,"H3","411310",8,25,25,2602,0
2008,381,2,36,"H3","4016",8,93788,93788,1063250,0
2008,381,1,36,"H3","401610",8,72,72,1483,0
2008,381,2,36,"H3","401610",8,1406,1406,179237,0
2008,381,2,36,"H3","401694",8,686,686,44682,0
2008,381,1,36,"H3","401695",8,85,85,4778,0
2008,381,2,36,"H3","401695",8,59,59,1663,0
2008,381,2,36,"H3","411200",8,6881,6881,383721,0
2008,381,1,36,"H3","4201",8,75,75,16132,0
2008,381,2,36,"H3","410792",8,49625,49625,1669225,0
2008,381,2,36,"H3","4201",8,4969,4969,435199,0
2008,381,1,36,"H3","420100",8,75,75,16132,0
2008,381,2,36,"H3","420100",8,4969,4969,435199,0
2008,381,1,36,"H3","420219",1,,101,6004,0
2008,381,2,36,"H3","420219",1,,1524,129794,0
2008,381,1,36,"H3","410150",8,2273702,2273702,5718489,6
2008,381,1,36,"H3","4102",8,14000,14000,12805,0
2008,381,1,36,"H3","4012",1,,146645,177751,0
2008,381,2,36,"H3","4102",8,340,340,14707,0
2008,381,2,36,"H3","4012",1,,504,6689,0
2008,381,2,36,"H3","4014",8,5482,5482,32284,0
2008,381,1,36,"H3","410691",8,81704,81704,1218818,0
2008,381,1,36,"H3","401220",5,18486,146645,177751,0
2008,381,1,36,"H3","410320",8,53,53,3020,0
2008,381,1,36,"H3","401310",5,126,180,11968,0
2008,381,2,36,"H3","401310",5,20812,44494,320922,0
2008,381,1,36,"H3","420229",5,1,2,2520,0
2008,381,2,36,"H3","420229",5,7760,4910,455731,0
2008,381,1,36,"H3","4113",8,129,129,33144,6
2008,381,2,36,"H3","4113",8,2418,2418,182175,0
2008,381,1,36,"H3","401693",8,40,40,4518,0
2008,381,2,36,"H3","401693",8,7759,7759,88492,0
2008,381,1,36,"H3","401699",8,277,277,10619,0
2008,381,2,36,"H3","401699",8,83878,83878,749176,0
2008,381,2,36,"H3","4112",8,6881,6881,383721,0
2008,381,1,36,"H3","4202",1,,791,237952,0
2008,381,2,36,"H3","4202",1,,103047,14462762,0
2008,381,1,36,"H3","420211",5,370,21,11353,2
2008,381,2,36,"H3","420211",5,3952,3510,416063,2
2008,381,1,36,"H3","410120",8,2006527,2006527,8849895,0
2008,381,1,36,"H3","420212",5,1214,29,5674,2
2008,381,2,36,"H3","420212",5,22148,16543,463362,2
2008,381,2,36,"H3","410120",8,5599,5599,168821,0
2008,381,1,36,"H3","420221",5,209,158,93131,0
2008,381,2,36,"H3","420221",5,53408,45773,8894562,0
2008,381,2,36,"H3","401192",5,725,88065,461611,0
2008,381,1,36,"H3","420222",5,302,241,72804,0
2008,381,2,36,"H3","420222",5,11108,6703,1573174,0
2008,381,1,36,"H3","410190",8,42050,42050,85520,0
2008,381,2,36,"H3","401199",5,3258,95324,775718,0
2008,381,1,36,"H3","410229",8,14000,14000,12805,0
2008,381,2,36,"H3","410229",8,340,340,14707,0
2008,381,2,36,"H3","401390",5,2743,21096,117597,0
2008,381,1,36,"H3","4103",8,543781,543781,8447992,0
2008,381,2,36,"H3","4103",8,106340,106340,77399,0
2008,381,2,36,"H3","401211",5,47,504,6689,0
2008,381,1,36,"H3","410390",8,543728,543728,8444972,0
2008,381,1,36,"H3","4013",5,126,180,11968,0
2008,381,2,36,"H3","410390",8,106340,106340,77399,0
2008,381,2,36,"H3","4013",5,24175,66285,470187,0
2008,381,1,36,"H3","420292",8,18,18,3086,0
2008,381,2,36,"H3","420292",8,4012,4012,199567,0
2008,381,1,36,"H3","420299",8,3,3,5186,0
2008,381,2,36,"H3","420299",8,3320,3320,130827,0
2008,381,1,36,"H3","4203",8,78,78,28072,0
2008,381,2,36,"H3","4203",8,46068,46068,6609575,6
2008,381,2,36,"H3","401320",5,620,695,31668,0
2008,381,1,36,"H3","4408",8,12629,12629,23601,0
2008,381,2,36,"H3","4408",8,69830,69830,717937,0
2008,381,1,36,"H3","420330",8,21,21,8515,0
2008,381,2,36,"H3","420330",8,12733,12733,1719552,0
2008,381,1,36,"H3","420500",8,7,7,1862,0
2008,381,2,36,"H3","420500",8,5362,5362,239273,0
2008,381,1,36,"H3","4302",8,73,73,10071,0
2008,381,2,36,"H3","4302",8,875,875,46040,0
2008,381,1,36,"H3","411330",8,15,15,18263,6
2008,381,2,36,"H3","411330",8,25,25,35551,0
2008,381,1,36,"H3","411390",8,114,114,14881,0
2008,381,2,36,"H3","411390",8,2368,2368,144022,0
2008,381,1,36,"H3","430219",8,73,73,10071,0
2008,381,2,36,"H3","430219",8,875,875,46040,0
2008,381,2,36,"H3","4303",8,1136,1136,149453,0
2008,381,2,36,"H3","430310",8,77,77,55758,0
2008,381,2,36,"H3","411420",8,18308,18308,251719,0
2008,381,2,36,"H3","420329",8,1778,1778,349198,0
2008,381,2,36,"H3","410791",8,73948,73948,923693,0
2008,381,1,36,"H3","4401",8,7562,7562,47927,0
2008,381,2,36,"H3","4401",8,2405,2405,3337,0
2008,381,1,36,"H3","440122",8,6672,6672,41839,0
2008,381,1,36,"H3","440130",8,890,890,6088,0
2008,381,2,36,"H3","440130",8,2405,2405,3337,0
2008,381,2,36,"H3","440320",12,2,1650,3535,0
2008,381,2,36,"H3","4404",8,10064,10064,30738,0
2008,381,1,36,"H3","420232",8,57,57,5173,0
2008,381,2,36,"H3","420232",8,5407,5407,203879,0
2008,381,1,36,"H3","420291",8,31,31,4533,0
2008,381,2,36,"H3","410799",8,64244,64244,1753341,0
2008,381,2,36,"H3","420291",8,3015,3015,244842,0
2008,381,2,36,"H3","420340",8,3018,3018,507563,0
2008,381,1,36,"H3","4205",8,7,7,1862,0
2008,381,2,36,"H3","420321",8,1628,1628,423498,6
2008,381,1,36,"H3","420329",8,55,55,9870,0
2008,381,2,36,"H3","4205",8,5362,5362,239273,0
2008,381,2,36,"H3","440810",8,15071,15071,110068,0
2008,381,1,36,"H3","43",1,,,10071,0
2008,381,2,36,"H3","440839",8,29635,29635,210514,0
2008,381,2,36,"H3","43",1,,,195493,0
2008,381,1,36,"H3","440890",8,12629,12629,23601,0
2008,381,2,36,"H3","440890",8,25124,25124,397355,0
2008,381,1,36,"H3","4409",8,10330,10330,21145,0
2008,381,2,36,"H3","4409",8,82061,82061,981357,0
2008,381,2,36,"H3","4114",8,21687,21687,286423,0
2008,381,2,36,"H3","440910",8,57984,57984,622428,0
2008,381,2,36,"H3","4115",8,640,640,4137,0
2008,381,2,36,"H3","430390",8,1059,1059,93695,0
2008,381,2,36,"H3","411510",8,640,640,4137,0
2008,381,1,36,"H3","42",1,,,284019,0
2008,381,2,36,"H3","42",1,,,21746810,0
2008,381,1,36,"H3","44",1,,,581034,0
2008,381,2,36,"H3","44",1,,,14125545,0
2008,381,2,36,"H3","440921",8,277,277,5479,0
2008,381,1,36,"H3","440929",8,10330,10330,21145,0
2008,381,2,36,"H3","440929",8,23800,23800,353450,0
2008,381,2,36,"H3","4410",8,131547,131547,342366,0
2008,381,2,36,"H3","441011",8,83467,83467,226962,0
2008,381,2,36,"H3","441019",8,23703,23703,49829,0
2008,381,2,36,"H3","4403",12,2,1650,3535,0
2008,381,2,36,"H3","440420",8,10064,10064,30738,0
2008,381,2,36,"H3","441239",12,175,135120,301546,0
2008,381,2,36,"H3","441299",8,578102,578102,1758574,0
2008,381,2,36,"H3","441879",8,2310,2310,16231,0
2008,381,2,36,"H3","4413",8,5078,5078,32431,0
2008,381,2,36,"H3","441300",8,5078,5078,32431,0
2008,381,2,36,"H3","4414",8,31319,31319,431276,0
2008,381,2,36,"H3","440710",12,1,212,3916,0
2008,381,1,36,"H3","441890",8,20341,20341,35255,0
2008,381,1,36,"H3","420231",8,130,130,28489,0
2008,381,2,36,"H3","420231",8,7815,7815,1725783,0
2008,381,2,36,"H3","440729",12,34,26000,68357,0
2008,381,2,36,"H3","420239",8,515,515,25178,0
2008,381,2,36,"H3","440792",12,67,52000,88904,0
2008,381,2,36,"H3","441890",8,337332,337332,6609609,0
2008,381,1,36,"H3","441520",5,2782,12270,30081,2
2008,381,2,36,"H3","4419",8,18733,18733,298244,0
2008,381,2,36,"H3","441520",5,351,1461,15905,2
2008,381,1,36,"H3","4418",8,20341,20341,35255,0
2008,381,2,36,"H3","4418",8,352691,352691,6783089,0
2008,381,2,36,"H3","441820",8,7899,7899,135979,0
2008,381,2,36,"H3","441850",8,3700,3700,12757,0
2008,381,1,36,"H3","420310",8,2,2,9688,0
2008,381,1,36,"H3","440799",12,91,69804,83443,0
2008,381,2,36,"H3","420310",8,26911,26911,3609765,0
2008,381,2,36,"H3","440799",12,70,26273,519368,2
2008,381,2,36,"H3","441872",8,1450,1450,8513,0
2008,381,2,36,"H3","441114",8,41350,41350,155500,0
2008,381,2,36,"H3","441232",12,39,15620,29154,0
2008,381,2,36,"H3","47",1,,,18589,0
2008,381,1,36,"H3","441510",1,,6500,10569,0
2008,381,2,36,"H3","480100",8,285,285,10677,0
2008,381,2,36,"H3","441510",5,42,128,1489,2
2008,381,2,36,"H3","480255",8,47113,47113,228981,0
2008,381,2,36,"H3","480257",8,189449,189449,449975,0
2008,381,2,36,"H3","4801",8,285,285,10677,0
2008,381,2,36,"H3","4802",8,497483,497483,1482248,0
2008,381,2,36,"H3","480210",8,1021,1021,16316,0
2008,381,2,36,"H3","441900",8,18733,18733,298244,0
2008,381,1,36,"H3","4420",8,47,47,2020,0
2008,381,2,36,"H3","4420",8,20655,20655,497727,0
2008,381,2,36,"H3","450310",8,7577,7577,593118,0
2008,381,2,36,"H3","441090",8,24377,24377,65574,0
2008,381,1,36,"H3","442010",8,47,47,2020,0
2008,381,2,36,"H3","442010",8,8676,8676,239609,0
2008,381,2,36,"H3","442090",8,11979,11979,258118,0
2008,381,1,36,"H3","4421",8,903,903,25443,0
2008,381,2,36,"H3","4421",8,92353,92353,880429,0
2008,381,2,36,"H3","442110",8,2008,2008,84962,0
2008,381,1,36,"H3","442190",8,903,903,25443,0
2008,381,2,36,"H3","442190",8,90345,90345,795467,0
2008,381,2,36,"H3","4503",8,7640,7640,600073,0
2008,381,2,36,"H3","4504",8,13330,13330,224779,0
2008,381,2,36,"H3","450410",8,13330,13330,224779,0
2008,381,2,36,"H3","46",1,,,5012,0
2008,381,2,36,"H3","4602",8,96,96,5012,0
2008,381,1,36,"H3","441194",8,209803,209803,301549,6
2008,381,2,36,"H3","4412",1,,737742,2120479,0
2008,381,2,36,"H3","441231",12,9,8900,31205,0
2008,381,2,36,"H3","4706",8,20250,20250,18589,0
2008,381,1,36,"H3","4407",12,91,69804,83443,0
2008,381,2,36,"H3","4407",12,172,104485,680545,2
2008,381,2,36,"H3","441400",8,31319,31319,431276,0
2008,381,2,36,"H3","481720",8,14,14,4074,0
2008,381,2,36,"H3","481730",8,112,112,4522,0
2008,381,2,36,"H3","480258",8,210295,210295,654176,0
2008,381,2,36,"H3","4803",8,155684,155684,424738,0
2008,381,2,36,"H3","480300",8,155684,155684,424738,0
2008,381,1,36,"H3","4818",8,250,250,2815,0
2008,381,2,36,"H3","481820",8,811975,811975,2457978,0
2008,381,1,36,"H3","481840",8,250,250,2815,0
2008,381,2,36,"H3","481840",8,16438,16438,109425,0
2008,381,1,36,"H3","4804",8,9444413,9444413,5800229,0
2008,381,2,36,"H3","4804",8,61251,61251,97349,0
2008,381,1,36,"H3","480411",8,1473570,1473570,854403,0
2008,381,1,36,"H3","480419",8,7905259,7905259,4871270,0
2008,381,2,36,"H3","480419",8,43791,43791,69724,0
2008,381,1,36,"H3","480421",8,65584,65584,74556,0
2008,381,2,36,"H3","480439",8,2860,2860,4083,0
2008,381,2,36,"H3","480459",8,13340,13340,21911,0
2008,381,1,36,"H3","4805",8,5822,5822,2170,0
2008,381,2,36,"H3","4805",8,3147,3147,41960,0
2008,381,2,36,"H3","4818",8,912029,912029,2739116,0
2008,381,2,36,"H3","450390",8,63,63,6955,0
2008,381,2,36,"H3","480530",8,3147,3147,41960,0
2008,381,2,36,"H3","4806",8,141868,141868,533976,0
2008,381,2,36,"H3","481810",8,16922,16922,19924,0
2008,381,1,36,"H3","4411",8,209803,209803,301549,6
2008,381,2,36,"H3","460219",8,96,96,5012,0
2008,381,2,36,"H3","4411",8,119350,119350,304660,0
2008,381,1,36,"H3","481420",8,484,484,11024,0
2008,381,2,36,"H3","481420",8,1074,1074,11490,0
2008,381,1,36,"H3","481490",8,25,25,1882,0
2008,381,2,36,"H3","470691",8,20250,20250,18589,0
2008,381,2,36,"H3","481031",8,489197,489197,906845,0
2008,381,1,36,"H3","481092",8,49890,49890,44708,0
2008,381,2,36,"H3","481092",8,292283,292283,328584,0
2008,381,1,36,"H3","4415",1,,18770,40650,0
2008,381,2,36,"H3","4415",1,,1589,17394,0
2008,381,2,36,"H3","481490",8,888,888,24355,0
2008,381,2,36,"H3","4817",8,2274,2274,42195,0
2008,381,1,36,"H3","481099",8,12000,12000,7284,0
2008,381,2,36,"H3","4816",8,884,884,30261,0
2008,381,2,36,"H3","481620",8,600,600,13927,0
2008,381,2,36,"H3","481099",8,858096,858096,2404521,0
2008,381,2,36,"H3","4811",8,922601,922601,2600168,0
2008,381,2,36,"H3","481110",8,595669,595669,1147676,0
2008,381,2,36,"H3","481141",8,147245,147245,671510,0
2008,381,2,36,"H3","481159",8,104596,104596,209758,0
2008,381,2,36,"H3","481190",8,65231,65231,489885,0
2008,381,2,36,"H3","4812",8,340,340,2533,0
2008,381,2,36,"H3","481200",8,340,340,2533,0
2008,381,2,36,"H3","480240",8,27460,27460,38013,0
2008,381,1,36,"H3","4814",8,509,509,12906,0
2008,381,2,36,"H3","4814",8,1962,1962,35845,0
2008,381,2,36,"H3","481690",8,284,284,16334,0
2008,381,1,36,"H3","4817",8,406,406,1611,6
2008,381,1,36,"H3","481910",8,210,210,2132,0
2008,381,2,36,"H3","481910",8,323923,323923,847657,0
2008,381,1,36,"H3","480524",8,5822,5822,2170,0
2008,381,1,36,"H3","481920",8,4396,4396,29814,0
2008,381,2,36,"H3","481920",8,18322,18322,140713,0
2008,381,2,36,"H3","480630",8,75739,75739,285738,0
2008,381,2,36,"H3","4807",8,81994,81994,75499,0
2008,381,2,36,"H3","480700",8,81994,81994,75499,0
2008,381,2,36,"H3","4808",8,74116,74116,271866,0
2008,381,2,36,"H3","4820",8,93185,93185,1670642,0
2008,381,2,36,"H3","4809",8,60476,60476,81626,0
2008,381,1,36,"H3","4821",8,3964,3964,142512,0
2008,381,2,36,"H3","4821",8,14631,14631,504255,0
2008,381,2,36,"H3","482090",8,3461,3461,118690,0
2008,381,1,36,"H3","482110",8,3948,3948,138377,0
2008,381,2,36,"H3","482110",8,9109,9109,334397,0
2008,381,2,36,"H3","481890",8,16894,16894,47999,0
2008,381,1,36,"H3","4819",8,17613,17613,59993,0
2008,381,2,36,"H3","4819",8,979195,979195,2732221,0
2008,381,2,36,"H3","45",1,,,824852,0
2008,381,2,36,"H3","441192",8,78000,78000,149159,0
2008,381,2,36,"H3","481950",8,20045,20045,45238,0
2008,381,2,36,"H3","482010",8,76110,76110,1407880,0
2008,381,2,36,"H3","480890",8,74116,74116,271866,0
2008,381,2,36,"H3","481013",8,194242,194242,199329,0
2008,381,2,36,"H3","482040",8,10950,10950,133276,0
2008,381,1,36,"H3","481019",8,42,42,1700,0
2008,381,2,36,"H3","481019",8,20108106,20108106,22912904,0
2008,381,2,36,"H3","482050",8,5,5,1762,0
2008,381,2,36,"H3","480620",8,228,228,5056,0
2008,381,2,36,"H3","480269",8,22145,22145,94786,0
2008,381,2,36,"H3","480442",8,1260,1260,1631,0
2008,381,1,36,"H3","4810",8,82052,82052,71722,0
2008,381,2,36,"H3","4810",8,83437934,83437934,87816965,0
2008,381,1,36,"H3","481710",8,406,406,1611,6
2008,381,2,36,"H3","481710",8,2148,2148,33598,0
2008,381,1,36,"H3","510130",8,1907087,1907087,15207547,0
2008,381,1,36,"H3","510129",8,25938,25938,182433,0
2008,381,1,36,"H3","5107",8,37,37,2094,0
2008,381,1,36,"H3","5102",8,13540,13540,66138,0
2008,381,2,36,"H3","481830",8,49800,49800,103790,0
2008,381,1,36,"H3","482320",8,340,340,8403,0
2008,381,2,36,"H3","482320",8,737965,737965,1130438,0
2008,381,2,36,"H3","482369",8,299017,299017,3564254,0
2008,381,2,36,"H3","5107",8,9972,9972,296433,0
2008,381,1,36,"H3","490110",8,568,568,28953,0
2008,381,2,36,"H3","490110",8,18611,18611,155575,0
2008,381,2,36,"H3","490290",8,165030,165030,1037455,0
2008,381,1,36,"H3","5101",8,31306019,31306019,233643578,0
2008,381,1,36,"H3","5105",8,2513060,2513060,30009681,0
2008,381,2,36,"H3","4903",8,23994,23994,281113,0
2008,381,2,36,"H3","5105",8,818,818,25312,0
2008,381,2,36,"H3","480990",8,60476,60476,81626,0
2008,381,1,36,"H3","510710",8,37,37,2094,0
2008,381,2,36,"H3","510710",8,6665,6665,190991,0
2008,381,2,36,"H3","5106",8,970,970,25864,0
2008,381,2,36,"H3","481022",8,48022070,48022070,46922546,0
2008,381,1,36,"H3","48",1,,,6137014,0
2008,381,2,36,"H3","48",1,,,106571019,0
2008,381,2,36,"H3","510720",8,3307,3307,105442,0
2008,381,2,36,"H3","481149",8,7230,7230,72857,0
2008,381,2,36,"H3","482340",8,22303,22303,141065,0
2008,381,2,36,"H3","500790",8,854,854,195367,0
2008,381,2,36,"H3","5108",8,293,293,22544,0
2008,381,2,36,"H3","510810",8,177,177,10849,0
2008,381,1,36,"H3","510121",8,2028197,2028197,14885588,0
2008,381,2,36,"H3","510910",8,9271,9271,385509,0
2008,381,1,36,"H3","510310",8,789924,789924,2630372,0
2008,381,2,36,"H3","510310",8,1214,1214,34598,0
2008,381,2,36,"H3","500400",8,254,254,12982,0
2008,381,2,36,"H3","500720",8,3467,3467,737912,0
2008,381,1,36,"H3","511119",8,98,98,3685,0
2008,381,2,36,"H3","511119",8,2698,2698,81198,0
2008,381,1,36,"H3","510119",8,142710,142710,1768351,0
2008,381,2,36,"H3","481151",8,2630,2630,8482,0
2008,381,2,36,"H3","510820",8,116,116,11696,0
2008,381,1,36,"H3","5112",8,180,180,5587,0
2008,381,2,36,"H3","5112",8,22894,22894,1460103,0
2008,381,2,36,"H3","511211",8,12680,12680,843254,0
2008,381,2,36,"H3","511190",8,1991,1991,44381,0
2008,381,1,36,"H3","520100",8,1625947,1625947,2924318,0
2008,381,2,36,"H3","5109",8,17170,17170,639600,0
2008,381,1,36,"H3","482190",8,16,16,4135,0
2008,381,2,36,"H3","482190",8,5522,5522,169858,0
2008,381,2,36,"H3","510990",8,7899,7899,254090,0
2008,381,1,36,"H3","5111",8,98,98,3685,0
2008,381,2,36,"H3","5111",8,46908,46908,1139689,0
2008,381,2,36,"H3","511111",8,4258,4258,149224,0
2008,381,1,36,"H3","510320",8,46052,46052,204095,0
2008,381,2,36,"H3","510510",8,602,602,18285,0
2008,381,1,36,"H3","481029",8,20120,20120,18029,0
2008,381,2,36,"H3","481029",8,13473940,13473940,14142235,0
2008,381,2,36,"H3","510610",8,340,340,14701,0
2008,381,2,36,"H3","5003",8,508,508,20110,0
2008,381,1,36,"H3","52",1,,,2957341,0
2008,381,2,36,"H3","5007",8,4323,4323,937083,0
2008,381,2,36,"H3","500710",8,2,2,3804,0
2008,381,2,36,"H3","52",1,,,8299515,0
2008,381,2,36,"H3","490191",8,5254,5254,20959,0
2008,381,2,36,"H3","511120",8,161,161,10128,0
2008,381,2,36,"H3","510540",8,216,216,7027,0
2008,381,1,36,"H3","511220",8,18,18,1854,0
2008,381,2,36,"H3","511220",8,984,984,47261,0
2008,381,1,36,"H3","5201",8,1625947,1625947,2924318,0
2008,381,2,36,"H3","520641",8,1011,1011,47721,0
2008,381,2,36,"H3","520548",8,258,258,8858,0
2008,381,2,36,"H3","520645",8,671,671,39025,0
2008,381,1,36,"H3","510211",8,13540,13540,66138,0
2008,381,2,36,"H3","5207",8,2720,2720,69863,0
2008,381,1,36,"H3","4823",8,21666,21666,43056,0
2008,381,2,36,"H3","4823",8,1102771,1102771,5376881,0
2008,381,2,36,"H3","5110",8,165,165,8767,0
2008,381,2,36,"H3","511000",8,165,165,8767,0
2008,381,2,36,"H3","5004",8,254,254,12982,0
2008,381,2,36,"H3","411410",8,3379,3379,34704,0
2008,381,2,36,"H3","481930",8,315199,315199,826043,0
2008,381,2,36,"H3","510620",8,630,630,11163,0
2008,381,2,36,"H3","480640",8,65901,65901,243182,0
2008,381,1,36,"H3","51",1,,,266565230,0
2008,381,2,36,"H3","51",1,,,3652910,0
2008,381,1,36,"H3","490199",8,11303,11303,122599,0
2008,381,1,36,"H3","481940",8,13007,13007,28047,0
2008,381,2,36,"H3","490199",8,622525,622525,2188674,0
2008,381,2,36,"H3","4902",8,165030,165030,1037455,0
2008,381,2,36,"H3","520531",8,4560,4560,53360,0
2008,381,2,36,"H3","481940",8,301706,301706,872570,0
2008,381,2,36,"H3","511130",8,37800,37800,854759,0
2008,381,1,36,"H3","510111",8,27202087,27202087,201599659,0
2008,381,2,36,"H3","5206",8,6733,6733,158742,0
2008,381,2,36,"H3","520615",8,4560,4560,53149,0
2008,381,2,36,"H3","520622",8,368,368,14124,0
2008,381,1,36,"H3","511219",8,72,72,1738,0
2008,381,1,36,"H3","510521",8,8541,8541,107349,0
2008,381,2,36,"H3","511219",8,4573,4573,311136,0
2008,381,2,36,"H3","511230",8,1199,1199,79430,0
2008,381,2,36,"H3","520533",8,4509,4509,75846,0
2008,381,2,36,"H3","500300",8,508,508,20110,0
2008,381,2,36,"H3","520842",8,14893,14893,945142,0
2008,381,2,36,"H3","520849",8,20296,20296,1479565,0
2008,381,2,36,"H3","490400",8,89,89,3488,0
2008,381,1,36,"H3","4907",8,9,9,1524,6
2008,381,1,36,"H3","490700",8,9,9,1524,6
2008,381,2,36,"H3","490900",8,245,245,7735,0
2008,381,1,36,"H3","4911",8,1294,1294,38343,0
2008,381,2,36,"H3","4911",8,177230,177230,2141151,0
2008,381,2,36,"H3","5205",8,10859,10859,184114,0
2008,381,2,36,"H3","520833",8,345,345,8466,0
2008,381,2,36,"H3","520839",8,2875,2875,153069,0
2008,381,2,36,"H3","520521",8,150,150,4293,0
2008,381,2,36,"H3","520411",8,466,466,32174,0
2008,381,1,36,"H3","5103",8,835976,835976,2834467,0
2008,381,2,36,"H3","5103",8,1214,1214,34598,0
2008,381,1,36,"H3","482370",8,19556,19556,16248,0
2008,381,2,36,"H3","482370",8,350,350,3129,0
2008,381,2,36,"H3","520512",8,270,270,12743,0
2008,381,1,36,"H3","482390",8,1770,1770,18405,0
2008,381,2,36,"H3","482390",8,43136,43136,537996,0
2008,381,1,36,"H3","49",1,,,191419,0
2008,381,2,36,"H3","49",1,,,6396746,0
2008,381,2,36,"H3","520832",8,2428,2428,78386,0
2008,381,2,36,"H3","520522",8,19,19,1644,0
2008,381,2,36,"H3","520841",8,209,209,15592,0
2008,381,2,36,"H3","490300",8,23994,23994,281113,0
2008,381,1,36,"H3","510529",8,2504519,2504519,29902332,0
2008,381,2,36,"H3","520843",8,624,624,31076,0
2008,381,2,36,"H3","4904",8,89,89,3488,0
2008,381,2,36,"H3","4905",8,3055,3055,313732,0
2008,381,2,36,"H3","490599",8,2783,2783,297132,0
2008,381,2,36,"H3","4908",8,2978,2978,194202,0
2008,381,2,36,"H3","490890",8,2978,2978,194202,0
2008,381,1,36,"H3","491110",8,673,673,25090,0
2008,381,2,36,"H3","491110",8,127411,127411,1544219,0
2008,381,1,36,"H3","491191",8,150,150,2647,0
2008,381,2,36,"H3","491191",8,19720,19720,249947,0
2008,381,1,36,"H3","491199",8,471,471,10606,0
2008,381,2,36,"H3","491199",8,30099,30099,346985,0
2008,381,1,36,"H3","5211",8,200,200,1768,0
2008,381,2,36,"H3","520821",8,455,455,19887,0
2008,381,2,36,"H3","5211",8,61596,61596,1297310,0
2008,381,1,36,"H3","511290",8,90,90,1994,0
2008,381,2,36,"H3","511290",8,3458,3458,179021,0
2008,381,2,36,"H3","521119",8,374,374,31428,0
2008,381,1,36,"H3","520859",8,215,215,11673,0
2008,381,2,36,"H3","5204",8,466,466,32174,0
2008,381,2,36,"H3","520859",8,2439,2439,217199,0
2008,381,1,36,"H3","5209",8,99,99,7930,0
2008,381,1,36,"H3","521215",8,220,220,6099,0
2008,381,2,36,"H3","5209",8,49248,49248,1356643,0
2008,381,2,36,"H3","520911",8,52,52,5595,0
2008,381,2,36,"H3","520710",8,423,423,10427,0
2008,381,2,36,"H3","520790",8,2297,2297,59436,0
2008,381,2,36,"H3","520919",8,238,238,26078,0
2008,381,2,36,"H3","520921",8,45,45,2349,0
2008,381,2,36,"H3","521215",1,,424,38551,0
2008,381,2,36,"H3","520922",8,1644,1644,45284,0
2008,381,2,36,"H3","520929",8,576,576,28278,0
2008,381,2,36,"H3","5212",1,,10050,476450,0
2008,381,2,36,"H3","520511",8,78,78,3579,0
2008,381,2,36,"H3","520831",8,466,466,40459,0
2008,381,1,36,"H3","5208",8,234,234,15263,0
2008,381,2,36,"H3","5208",8,62183,62183,3656548,6
2008,381,1,36,"H3","4901",8,11871,11871,151552,0
2008,381,2,36,"H3","4901",8,646390,646390,2365208,0
2008,381,2,36,"H3","520811",8,1239,1239,32723,0
2008,381,2,36,"H3","521211",8,862,862,31348,0
2008,381,2,36,"H3","521214",8,1969,1969,184895,0
2008,381,2,36,"H3","520939",8,28834,28834,731929,0
2008,381,2,36,"H3","520941",8,137,137,6208,0
2008,381,2,36,"H3","521213",8,991,991,82353,0
2008,381,2,36,"H3","520942",8,1092,1092,20251,0
2008,381,2,36,"H3","520952",8,88,88,3499,0
2008,381,1,36,"H3","520959",8,99,99,7930,0
2008,381,2,36,"H3","520959",8,883,883,70484,0
2008,381,2,36,"H3","5210",8,18850,18850,1067671,6
2008,381,2,36,"H3","521019",8,51,51,1639,6
2008,381,2,36,"H3","520812",8,665,665,63654,0
2008,381,2,36,"H3","521021",8,116,116,5359,0
2008,381,1,36,"H3","521131",8,200,200,1768,0
2008,381,2,36,"H3","521029",8,190,190,4943,0
2008,381,2,36,"H3","520624",8,123,123,4723,0
2008,381,2,36,"H3","521032",8,217,217,11279,0
2008,381,2,36,"H3","520819",8,1599,1599,55112,0
2008,381,2,36,"H3","520532",8,1015,1015,23791,0
2008,381,2,36,"H3","521039",8,725,725,36742,0
2008,381,2,36,"H3","482030",8,2659,2659,9034,0
2008,381,2,36,"H3","521131",8,1875,1875,86928,0
2008,381,2,36,"H3","520822",8,555,555,36846,6
2008,381,1,36,"H3","520829",8,19,19,3590,0
2008,381,2,36,"H3","520851",8,1530,1530,118317,0
2008,381,2,36,"H3","521132",8,34006,34006,560024,0
2008,381,2,36,"H3","490510",8,272,272,16600,0
2008,381,2,36,"H3","521139",8,3144,3144,100733,0
2008,381,2,36,"H3","4909",8,245,245,7735,0
2008,381,2,36,"H3","521149",8,18359,18359,435986,0
2008,381,2,36,"H3","4910",8,7758,7758,52662,0
2008,381,2,36,"H3","491000",8,7758,7758,52662,0
2008,381,2,36,"H3","521159",8,40,40,1567,0
2008,381,1,36,"H3","5212",1,,224,8062,0
2008,381,2,36,"H3","521111",8,32,32,5817,0
2008,381,2,36,"H3","50",1,,,970175,0
2008,381,2,36,"H3","520829",8,10871,10871,328343,0
2008,381,2,36,"H3","540252",8,238,238,2788,0
2008,381,2,36,"H3","520949",8,2444,2444,113012,0
2008,381,2,36,"H3","521059",8,4972,4972,393753,0
2008,381,2,36,"H3","540231",8,2452,2452,42409,0
2008,381,2,36,"H3","540233",8,571373,571373,3885312,0
2008,381,2,36,"H3","540234",8,11532,11532,61146,0
2008,381,1,36,"H3","54",1,,,64386,0
2008,381,2,36,"H3","54",1,,,11250004,0
2008,381,2,36,"H3","5402",8,842980,842980,5906802,0
2008,381,2,36,"H3","540245",8,1129,1129,9504,0
2008,381,2,36,"H3","540110",8,150,150,4090,0
2008,381,2,36,"H3","540249",8,19665,19665,594331,0
2008,381,2,36,"H3","540251",8,120,120,3143,0
2008,381,2,36,"H3","520931",8,1631,1631,79654,0
2008,381,2,36,"H3","520932",8,11584,11584,224022,0
2008,381,2,36,"H3","530890",8,48621,48621,108130,0
2008,381,1,36,"H3","5309",8,25,25,4750,0
2008,381,2,36,"H3","5309",8,16051,16051,947463,0
2008,381,2,36,"H3","530911",8,329,329,20139,0
2008,381,2,36,"H3","521011",8,377,377,20950,0
2008,381,2,36,"H3","521031",8,6510,6510,267314,0
2008,381,2,36,"H3","530919",8,10965,10965,647365,0
2008,381,2,36,"H3","521041",8,4882,4882,279264,0
2008,381,2,36,"H3","521049",8,810,810,46428,0
2008,381,2,36,"H3","530921",8,1367,1367,66242,0
2008,381,1,36,"H3","530929",8,25,25,4750,0
2008,381,2,36,"H3","540220",8,261,261,3348,0
2008,381,2,36,"H3","530929",8,3390,3390,213716,0
2008,381,2,36,"H3","5310",8,41,41,4095,0
2008,381,2,36,"H3","540232",8,142822,142822,853736,0
2008,381,2,36,"H3","531010",8,41,41,4095,0
2008,381,2,36,"H3","521141",8,3766,3766,74826,0
2008,381,2,36,"H3","5311",8,36966,36966,86976,0
2008,381,2,36,"H3","531100",8,36966,36966,86976,0
2008,381,2,36,"H3","520852",8,694,694,32712,6
2008,381,2,36,"H3","5401",8,150,150,4090,0
2008,381,2,36,"H3","540219",8,3443,3443,70033,0
2008,381,2,36,"H3","540834",8,1932,1932,64484,0
2008,381,1,36,"H3","550953",8,18390,18390,34432,0
2008,381,2,36,"H3","540824",8,424,424,24673,0
2008,381,2,36,"H3","550961",8,1416,1416,23883,0
2008,381,2,36,"H3","540412",8,9020,9020,62454,0
2008,381,2,36,"H3","540419",8,92182,92182,975946,0
2008,381,1,36,"H3","521223",8,4,4,1963,0
2008,381,2,36,"H3","540720",8,3318,3318,112301,0
2008,381,2,36,"H3","521223",8,370,370,22281,0
2008,381,2,36,"H3","521225",8,706,706,47529,0
2008,381,1,36,"H3","53",1,,,4750,0
2008,381,2,36,"H3","53",1,,,1146665,0
2008,381,2,36,"H3","5308",8,48621,48621,108130,0
2008,381,1,36,"H3","540753",8,480,480,20612,0
2008,381,2,36,"H3","540753",8,5261,5261,210009,0
2008,381,1,36,"H3","540754",8,1450,1450,1799,0
2008,381,2,36,"H3","540754",8,1763,1763,141343,6
2008,381,2,36,"H3","540783",8,23688,23688,474904,0
2008,381,1,36,"H3","540784",8,21,21,4199,0
2008,381,2,36,"H3","540784",8,9,9,2293,0
2008,381,2,36,"H3","540833",8,516,516,59417,0
2008,381,2,36,"H3","5503",8,18120,18120,43670,0
2008,381,2,36,"H3","550921",8,1162,1162,25128,0
2008,381,2,36,"H3","5506",8,9018,9018,57493,0
2008,381,1,36,"H3","5407",8,2280,2280,64386,0
2008,381,2,36,"H3","5407",8,104158,104158,3367920,6
2008,381,2,36,"H3","551012",8,154,154,2954,0
2008,381,2,36,"H3","551020",8,232,232,11125,0
2008,381,2,36,"H3","551090",8,58,58,2161,0
2008,381,2,36,"H3","551110",8,39,39,1517,0
2008,381,2,36,"H3","550932",8,55763,55763,471013,0
2008,381,2,36,"H3","550942",8,96159,96159,809139,0
2008,381,2,36,"H3","5404",8,101252,101252,1040104,0
2008,381,2,36,"H3","540810",8,282,282,22118,0
2008,381,2,36,"H3","550690",8,7290,7290,30089,0
2008,381,2,36,"H3","540261",8,70,70,2803,0
2008,381,2,36,"H3","540269",8,12114,12114,30072,0
2008,381,2,36,"H3","5403",8,2013,2013,74138,0
2008,381,2,36,"H3","540341",8,366,366,22290,0
2008,381,2,36,"H3","540349",8,1647,1647,51848,0
2008,381,2,36,"H3","540741",8,38,38,2412,0
2008,381,2,36,"H3","5510",8,444,444,16240,0
2008,381,2,36,"H3","540743",8,176,176,6453,0
2008,381,2,36,"H3","540744",8,15628,15628,353654,0
2008,381,2,36,"H3","540752",8,2143,2143,94216,0
2008,381,2,36,"H3","5511",8,39,39,1517,0
2008,381,2,36,"H3","540772",8,5425,5425,286419,0
2008,381,2,36,"H3","540793",8,14006,14006,442841,0
2008,381,2,36,"H3","5408",8,27814,27814,856950,0
2008,381,2,36,"H3","550810",8,59,59,22409,0
2008,381,1,36,"H3","5509",8,18390,18390,34432,0
2008,381,2,36,"H3","540821",8,18,18,1909,0
2008,381,2,36,"H3","540822",8,18183,18183,416907,0
2008,381,2,36,"H3","5502",8,291,291,6184,0
2008,381,2,36,"H3","5509",8,165150,165150,1523033,0
2008,381,2,36,"H3","550340",8,18120,18120,43670,0
2008,381,2,36,"H3","550630",8,1728,1728,27404,0
2008,381,2,36,"H3","560311",8,1999,1999,23747,0
2008,381,2,36,"H3","551599",8,372,372,13262,0
2008,381,2,36,"H3","551521",8,11663,11663,305805,0
2008,381,1,124,"H3","01",1,,,56290,0
2008,381,2,124,"H3","01",1,,,46689,0
2008,381,2,124,"H3","0101",5,5,1200,46689,0
2008,381,2,124,"H3","010110",5,5,1200,46689,0
2008,381,2,36,"H3","560290",8,3433,3433,41698,0
2008,381,2,36,"H3","551522",8,1215,1215,22267,0
2008,381,1,124,"H3","02",1,,,271240,0
2008,381,2,124,"H3","02",1,,,7223031,0
2008,381,1,124,"H3","0201",8,599,599,10620,0
2008,381,1,124,"H3","020130",8,599,599,10620,0
2008,381,2,124,"H3","0203",8,164,164,5250,0
2008,381,2,124,"H3","020312",8,164,164,5250,0
2008,381,2,36,"H3","551529",8,2860,2860,69286,0
2008,381,2,36,"H3","550999",8,2063,2063,51954,0
2008,381,2,124,"H3","0210",8,405235,405235,7217780,0
2008,381,2,124,"H3","021011",8,1109,1109,21536,0
2008,381,2,124,"H3","021019",8,404126,404126,7196245,0
2008,381,1,124,"H3","03",1,,,20410980,0
2008,381,2,124,"H3","03",1,,,339553,0
2008,381,1,124,"H3","0302",8,672,672,2906,0
2008,381,2,124,"H3","0302",8,16183,16183,228770,0
2008,381,2,36,"H3","551611",8,960,960,20125,0
2008,381,2,124,"H3","030269",8,16183,16183,228770,0
2008,381,1,124,"H3","0303",8,499989,499989,2028321,0
2008,381,2,124,"H3","0303",8,10624,10624,45444,0
2008,381,2,36,"H3","551613",8,1174,1174,48054,0
2008,381,2,36,"H3","540794",8,16566,16566,388886,0
2008,381,2,36,"H3","551321",8,5,5,3167,0
2008,381,2,36,"H3","551512",8,48,48,5447,0
2008,381,1,36,"H3","55",1,,,34432,0
2008,381,1,124,"H3","030379",8,38737,38737,209699,0
2008,381,2,36,"H3","55",1,,,5350013,0
2008,381,2,36,"H3","550200",8,291,291,6184,0
2008,381,2,36,"H3","550969",8,56,56,2014,0
2008,381,2,36,"H3","560313",8,340,340,3922,0
2008,381,1,124,"H3","0305",8,561512,561512,4742318,0
2008,381,2,124,"H3","0305",8,3714,3714,30176,0
2008,381,2,36,"H3","540490",8,50,50,1703,0
2008,381,2,36,"H3","551612",8,113,113,1602,0
2008,381,2,36,"H3","560392",8,14520,14520,149377,0
2008,381,2,36,"H3","560393",8,12485,12485,48048,0
2008,381,2,124,"H3","030563",8,3694,3694,28681,0
2008,381,1,124,"H3","0306",8,847933,847933,13026940,0
2008,381,2,36,"H3","540773",8,2347,2347,99998,0
2008,381,2,36,"H3","540792",8,2790,2790,102316,0
2008,381,2,36,"H3","560221",8,41,41,3516,0
2008,381,1,124,"H3","030621",8,1920,1920,40391,0
2008,381,2,36,"H3","540823",8,1240,1240,85041,0
2008,381,1,124,"H3","0307",8,2585,2585,59277,0
2008,381,2,124,"H3","0307",8,25838,25838,30329,0
2008,381,2,36,"H3","551349",8,1480,1480,69862,0
2008,381,2,36,"H3","540832",8,5219,5219,182401,0
2008,381,2,36,"H3","560210",8,4518,4518,70284,0
2008,381,2,124,"H3","030799",8,240,240,3556,0
2008,381,1,124,"H3","04",1,,,288154,0
2008,381,2,124,"H3","04",1,,,52692226,0
2008,381,2,36,"H3","560394",8,13269,13269,112676,0
2008,381,1,124,"H3","0106",1,,806,56290,0
2008,381,2,124,"H3","0402",8,39946,39946,106741,0
2008,381,2,124,"H3","040221",8,39946,39946,106741,0
2008,381,2,124,"H3","0403",8,8816,8816,87998,0
2008,381,1,124,"H3","030429",8,70208,70208,551218,0
2008,381,2,124,"H3","040390",8,8808,8808,84527,0
2008,381,1,124,"H3","010690",1,,806,56290,0
2008,381,2,124,"H3","040610",8,164936,164936,1713415,0
2008,381,2,124,"H3","040620",8,207099,207099,2017449,0
2008,381,2,124,"H3","040630",8,2116,2116,11590,0
2008,381,2,124,"H3","040640",8,123810,123810,1123586,0
2008,381,2,124,"H3","040690",8,4143743,4143743,47572498,0
2008,381,2,36,"H3","540259",8,77761,77761,348177,0
2008,381,2,36,"H3","5603",8,373105,373105,1746328,0
2008,381,1,36,"H3","560819",8,36670,36670,201409,0
2008,381,2,36,"H3","560312",8,281722,281722,1152495,0
2008,381,2,124,"H3","0409",8,10096,10096,28239,0
2008,381,2,124,"H3","040900",8,10096,10096,28239,0
2008,381,1,124,"H3","05",1,,,2665109,0
2008,381,2,124,"H3","05",1,,,143091,0
2008,381,2,124,"H3","0501",8,66,66,78969,0
2008,381,2,124,"H3","050100",8,66,66,78969,0
2008,381,1,124,"H3","030542",8,344698,344698,1117929,0
2008,381,2,36,"H3","560314",8,48770,48770,256064,0
2008,381,2,124,"H3","0401",8,5947,5947,22544,0
2008,381,1,124,"H3","0510",8,55030,55030,235373,0
2008,381,1,124,"H3","051000",8,55030,55030,235373,0
2008,381,1,124,"H3","0511",1,,139,2418181,0
2008,381,2,124,"H3","0511",1,,8,64122,0
2008,381,1,124,"H3","051110",1,,48,1991702,0
2008,381,2,124,"H3","051110",1,,8,64122,0
2008,381,1,124,"H3","051199",8,91,91,426479,0
2008,381,1,124,"H3","06",1,,,21894,0
2008,381,2,124,"H3","06",1,,,979536,0
2008,381,2,124,"H3","0601",1,,16,5159,0
2008,381,2,124,"H3","060110",5,34577,16,5159,2
2008,381,1,124,"H3","0602",1,,965,21894,0
2008,381,2,124,"H3","0602",1,,1750,124492,0
2008,381,1,124,"H3","0205",8,70841,70841,260620,0
2008,381,2,36,"H3","551591",8,135,135,5438,0
2008,381,2,36,"H3","550991",8,129,129,3111,0
2008,381,1,36,"H3","540710",8,44,44,4072,0
2008,381,1,124,"H3","060290",8,250,250,14335,0
2008,381,2,124,"H3","0603",8,2098,2098,34791,0
2008,381,2,36,"H3","540710",8,2409,2409,296610,0
2008,381,2,124,"H3","0604",8,48745,48745,815094,0
2008,381,2,36,"H3","560819",8,50655,50655,359389,0
2008,381,2,124,"H3","060499",8,5940,5940,10838,0
2008,381,1,124,"H3","07",1,,,51803239,0
2008,381,2,124,"H3","07",1,,,3436800,0
2008,381,2,36,"H3","5516",8,65336,65336,2055046,0
2008,381,1,124,"H3","030250",8,672,672,2906,0
2008,381,2,36,"H3","521224",8,4728,4728,69493,0
2008,381,1,124,"H3","030311",8,19958,19958,64479,0
2008,381,1,124,"H3","030559",8,18081,18081,48144,0
2008,381,2,124,"H3","030559",8,20,20,1495,0
2008,381,1,124,"H3","030319",8,430055,430055,1724633,0
2008,381,1,124,"H3","030612",8,302072,302072,4633867,0
2008,381,1,124,"H3","0708",8,694691,694691,1343621,0
2008,381,2,124,"H3","0708",8,16760,16760,37005,0
2008,381,2,36,"H3","540742",8,657,657,32076,0
2008,381,1,124,"H3","070820",8,693991,693991,1339298,0
2008,381,2,124,"H3","070820",8,15150,15150,32298,0
2008,381,2,124,"H3","070890",8,1610,1610,4707,0
2008,381,2,124,"H3","0709",8,25842,25842,205394,0
2008,381,2,124,"H3","040130",8,5947,5947,22544,0
2008,381,2,36,"H3","5604",8,6215,6215,48460,0
2008,381,2,124,"H3","070959",8,991,991,42115,0
2008,381,2,124,"H3","070990",8,18204,18204,84097,0
2008,381,1,124,"H3","0710",8,13390,13390,42707,0
2008,381,2,124,"H3","0710",8,181039,181039,655179,0
2008,381,1,124,"H3","071080",8,13390,13390,42707,0
2008,381,2,124,"H3","071080",8,181039,181039,655179,0
2008,381,2,124,"H3","0711",8,137836,137836,648565,0
2008,381,2,124,"H3","071120",8,102984,102984,484692,0
2008,381,1,36,"H3","540751",8,30,30,3784,0
2008,381,2,124,"H3","071159",8,4417,4417,38683,0
2008,381,2,124,"H3","071190",8,26839,26839,91062,0
2008,381,2,124,"H3","0712",8,288480,288480,1670148,0
2008,381,2,124,"H3","071231",8,2296,2296,67470,0
2008,381,2,124,"H3","071232",8,2323,2323,114491,0
2008,381,2,36,"H3","540751",8,80,80,7232,0
2008,381,2,124,"H3","071239",8,30552,30552,160240,0
2008,381,2,124,"H3","071290",8,251648,251648,1319615,0
2008,381,1,124,"H3","0713",8,50881361,50881361,50416911,0
2008,381,2,124,"H3","0713",8,35733,35733,51433,0
2008,381,1,124,"H3","071310",8,5153574,5153574,3406694,0
2008,381,1,124,"H3","071320",8,5069873,5069873,4655593,0
2008,381,2,124,"H3","071320",8,27729,27729,22005,0
2008,381,1,124,"H3","071333",8,19629590,19629590,20264532,0
2008,381,2,124,"H3","071333",8,5095,5095,27018,0
2008,381,2,36,"H3","5508",8,59,59,22409,0
2008,381,1,124,"H3","071340",8,20840792,20840792,21837415,0
2008,381,2,124,"H3","071340",8,2909,2909,2409,0
2008,381,1,124,"H3","071350",8,22544,22544,14692,0
2008,381,1,36,"H3","540761",8,255,255,29921,0
2008,381,2,36,"H3","540761",8,3034,3034,181599,0
2008,381,1,124,"H3","0802",8,107919,107919,635581,0
2008,381,2,124,"H3","0802",8,1750057,1750057,10994378,0
2008,381,1,124,"H3","080212",8,19458,19458,102264,0
2008,381,2,124,"H3","080212",8,19068,19068,192793,0
2008,381,1,124,"H3","080222",8,17961,17961,146127,0
2008,381,2,124,"H3","080222",8,888000,888000,6459285,0
2008,381,1,124,"H3","080240",8,70500,70500,387190,0
2008,381,2,124,"H3","080240",8,842879,842879,4338003,0
2008,381,2,124,"H3","080290",8,110,110,4296,0
2008,381,2,124,"H3","0804",8,20350,20350,152107,0
2008,381,2,124,"H3","080420",8,20350,20350,152107,0
2008,381,2,124,"H3","0805",8,642808,642808,935458,0
2008,381,2,36,"H3","540769",8,17,17,7953,0
2008,381,2,124,"H3","080520",8,106049,106049,256597,0
2008,381,2,124,"H3","080550",8,18796,18796,25409,0
2008,381,2,124,"H3","0806",8,754213,754213,1470625,0
2008,381,2,124,"H3","080610",8,754213,754213,1470625,0
2008,381,2,36,"H3","540771",8,21,21,2239,0
2008,381,1,124,"H3","030613",8,18907,18907,154230,0
2008,381,2,36,"H3","540782",8,4782,4782,122165,0
2008,381,1,124,"H3","030614",8,19962,19962,69326,0
2008,381,2,124,"H3","030319",8,10624,10624,45444,0
2008,381,2,124,"H3","0809",8,555897,555897,1062691,0
2008,381,1,124,"H3","030371",8,1260,1260,1843,0
2008,381,2,124,"H3","0810",8,5907760,5907760,9027392,0
2008,381,2,124,"H3","081050",8,5720261,5720261,8845940,0
2008,381,2,36,"H3","551331",8,6,6,1865,0
2008,381,1,124,"H3","0811",8,651060,651060,1947137,0
2008,381,2,124,"H3","0811",8,501,501,3682,0
2008,381,1,124,"H3","030721",8,2488,2488,51584,0
2008,381,1,124,"H3","081190",8,651060,651060,1947137,0
2008,381,2,124,"H3","0812",8,834800,834800,1606953,0
2008,381,2,124,"H3","081210",8,834800,834800,1606953,0
2008,381,2,36,"H3","551519",8,1782,1782,48285,0
2008,381,2,124,"H3","030749",8,25598,25598,26773,0
2008,381,2,36,"H3","5514",8,4180,4180,106379,0
2008,381,1,124,"H3","030791",8,97,97,7692,0
2008,381,1,124,"H3","09",1,,,19555,0
2008,381,2,124,"H3","09",1,,,14627032,0
2008,381,1,124,"H3","0901",8,1362,1362,12185,0
2008,381,2,124,"H3","0901",8,2034737,2034737,14372072,0
2008,381,2,124,"H3","090111",8,14199,14199,155138,0
2008,381,2,124,"H3","090112",8,5138,5138,45997,0
2008,381,1,124,"H3","090121",8,1362,1362,12185,0
2008,381,2,124,"H3","090121",8,1929697,1929697,13369308,0
2008,381,2,124,"H3","090122",8,78619,78619,713198,0
2008,381,2,124,"H3","090190",8,7084,7084,88431,0
2008,381,1,124,"H3","0902",8,387,387,5252,0
2008,381,2,124,"H3","0902",8,3407,3407,54686,0
2008,381,2,36,"H3","560790",8,14003,14003,146285,0
2008,381,1,36,"H3","5608",8,36670,36670,201409,0
2008,381,1,124,"H3","090230",8,110,110,1319,0
2008,381,2,124,"H3","090230",8,26,26,2766,0
2008,381,2,36,"H3","5608",8,326857,326857,1795969,0
2008,381,2,124,"H3","0904",8,4996,4996,28489,0
2008,381,2,124,"H3","090411",8,60,60,2794,0
2008,381,2,36,"H3","550941",8,8202,8202,131664,0
2008,381,2,124,"H3","090420",8,4795,4795,20721,0
2008,381,1,124,"H3","0909",8,1168,1168,2117,0
2008,381,2,36,"H3","550959",8,200,200,5126,0
2008,381,2,124,"H3","0910",8,22173,22173,171784,0
2008,381,2,124,"H3","091020",8,199,199,31010,0
2008,381,2,124,"H3","091091",8,13029,13029,78217,0
2008,381,2,36,"H3","5602",8,7992,7992,115499,0
2008,381,1,124,"H3","10",1,,,239940851,0
2008,381,2,124,"H3","10",1,,,2368156,0
2008,381,2,36,"H3","560811",8,38154,38154,196807,0
2008,381,2,36,"H3","551513",8,1573,1573,57752,0
2008,381,1,124,"H3","100110",8,218249007,218249007,117920457,0
2008,381,1,124,"H3","100190",8,268124354,268124354,119271667,0
2008,381,2,124,"H3","100190",8,4250,4250,9125,0
2008,381,1,124,"H3","0407",8,21875,21875,288154,0
2008,381,1,124,"H3","040700",8,21875,21875,288154,0
2008,381,1,124,"H3","1004",8,24000,24000,13626,0
2008,381,1,124,"H3","100400",8,24000,24000,13626,0
2008,381,1,124,"H3","1006",8,550,550,8199,0
2008,381,2,124,"H3","1006",8,1510255,1510255,2356051,0
2008,381,2,124,"H3","100620",8,4600,4600,12920,0
2008,381,1,124,"H3","100630",8,550,550,8199,0
2008,381,2,124,"H3","100630",8,1505655,1505655,2343131,0
2008,381,1,124,"H3","1008",8,3919951,3919951,2726902,0
2008,381,1,124,"H3","100820",8,231109,231109,112083,0
2008,381,1,124,"H3","060210",5,21590,95,4552,2
2008,381,1,124,"H3","11",1,,,11432,0
2008,381,2,124,"H3","11",1,,,369660,0
2008,381,1,124,"H3","1101",8,240,240,1850,0
2008,381,2,124,"H3","1101",8,156226,156226,110089,0
2008,381,1,124,"H3","110100",8,240,240,1850,0
2008,381,2,124,"H3","110100",8,156226,156226,110089,0
2008,381,2,124,"H3","060210",1,,1350,111388,0
2008,381,2,124,"H3","110220",8,14348,14348,28755,0
2008,381,2,124,"H3","1103",8,46609,46609,51719,0
2008,381,2,124,"H3","110311",8,22870,22870,26422,0
2008,381,2,124,"H3","110313",8,23739,23739,25297,0
2008,381,2,124,"H3","1105",8,451,451,1064,0
2008,381,2,124,"H3","110520",8,451,451,1064,0
2008,381,2,124,"H3","1106",8,3570,3570,16547,0
2008,381,1,124,"H3","020500",8,70841,70841,260620,0
2008,381,2,124,"H3","110630",8,1600,1600,11437,0
2008,381,1,124,"H3","1108",8,3622,3622,9582,0
2008,381,2,124,"H3","1108",8,70010,70010,161486,0
2008,381,2,124,"H3","110819",8,70010,70010,161486,0
2008,381,2,36,"H3","551694",8,679,679,38449,0
2008,381,1,124,"H3","12",1,,,9298124,0
2008,381,2,124,"H3","12",1,,,666735,0
2008,381,1,36,"H3","56",1,,,659999,0
2008,381,2,124,"H3","060491",8,42805,42805,804256,0
2008,381,2,36,"H3","56",1,,,4865776,0
2008,381,2,124,"H3","071233",8,1661,1661,8334,0
2008,381,2,36,"H3","551623",8,13397,13397,408312,0
2008,381,2,36,"H3","551624",8,59,59,4231,0
2008,381,1,124,"H3","1207",8,109937,109937,172531,0
2008,381,2,124,"H3","1207",8,91,91,2264,0
2008,381,2,36,"H3","551633",8,671,671,43647,0
2008,381,1,124,"H3","120799",8,25165,25165,22745,0
2008,381,2,124,"H3","120799",8,91,91,2264,0
2008,381,1,124,"H3","1209",8,2373787,2373787,4789944,0
2008,381,2,124,"H3","1209",8,25349,25349,293410,0
2008,381,1,124,"H3","120921",8,494041,494041,1213882,0
2008,381,1,124,"H3","120922",8,221655,221655,539381,0
2008,381,2,124,"H3","120922",8,750,750,4695,0
2008,381,1,124,"H3","120923",8,460549,460549,840517,0
2008,381,1,124,"H3","120925",8,913772,913772,1514477,0
2008,381,1,124,"H3","120929",8,283770,283770,681687,0
2008,381,2,124,"H3","120929",8,3156,3156,6745,0
2008,381,2,124,"H3","120930",8,1,1,5051,0
2008,381,2,124,"H3","120991",8,15536,15536,237454,0
2008,381,2,124,"H3","120999",8,5906,5906,39465,0
2008,381,2,36,"H3","560122",8,1080,1080,17526,0
2008,381,2,36,"H3","551642",8,201,201,3223,0
2008,381,1,124,"H3","121190",8,70,70,1088,0
2008,381,2,124,"H3","121190",8,5679,5679,129603,0
2008,381,1,124,"H3","1212",8,182398,182398,290111,0
2008,381,2,124,"H3","1212",8,1911,1911,6134,0
2008,381,1,124,"H3","121220",8,182398,182398,290111,0
2008,381,2,36,"H3","551229",8,34209,34209,782639,0
2008,381,2,124,"H3","1214",8,100640,100640,235324,0
2008,381,2,124,"H3","121490",8,100640,100640,235324,0
2008,381,1,124,"H3","13",1,,,91043,0
2008,381,2,124,"H3","13",1,,,1839215,0
2008,381,2,124,"H3","1301",8,15550,15550,74166,0
2008,381,2,124,"H3","130120",8,15550,15550,74166,0
2008,381,2,36,"H3","551299",8,3613,3613,71738,0
2008,381,2,36,"H3","551412",8,181,181,3602,0
2008,381,1,124,"H3","130219",8,1656,1656,91043,0
2008,381,2,124,"H3","130219",8,25139,25139,1082530,0
2008,381,2,36,"H3","551643",8,3189,3189,131324,0
2008,381,2,124,"H3","130239",8,1550,1550,20114,0
2008,381,1,124,"H3","15",1,,,278602,0
2008,381,2,124,"H3","15",1,,,93740908,0
2008,381,2,36,"H3","551421",8,480,480,8201,0
2008,381,2,36,"H3","551422",8,563,563,19614,0
2008,381,2,36,"H3","551429",8,59,59,2133,0
2008,381,2,36,"H3","551430",8,2897,2897,72829,0
2008,381,2,124,"H3","030412",8,292,292,4835,0
2008,381,2,124,"H3","1507",8,19786,19786,32300,0
2008,381,2,36,"H3","551644",8,50,50,5830,0
2008,381,1,124,"H3","1509",8,11343,11343,67245,0
2008,381,2,124,"H3","1509",8,16931891,16931891,88504381,0
2008,381,1,124,"H3","150910",8,11343,11343,67245,0
2008,381,2,124,"H3","150910",8,12318591,12318591,67306076,0
2008,381,2,124,"H3","150990",8,4613300,4613300,21198305,0
2008,381,2,124,"H3","1510",8,747058,747058,2245930,0
2008,381,2,124,"H3","151000",8,747058,747058,2245930,0
2008,381,2,124,"H3","1512",8,25652,25652,93331,0
2008,381,2,124,"H3","151211",8,23336,23336,88145,0
2008,381,2,124,"H3","151219",8,2316,2316,5186,0
2008,381,1,124,"H3","1515",8,1190,1190,88412,0
2008,381,2,124,"H3","1515",8,685401,685401,2579594,0
2008,381,2,36,"H3","560129",8,130,130,10297,0
2008,381,1,124,"H3","151590",8,646,646,46526,0
2008,381,2,124,"H3","151590",8,685401,685401,2579594,0
2008,381,1,124,"H3","1516",8,640,640,11290,0
2008,381,2,124,"H3","1516",8,26559,26559,127047,0
2008,381,1,124,"H3","151620",8,640,640,11290,0
2008,381,2,124,"H3","151620",8,26559,26559,127047,0
2008,381,1,124,"H3","1517",8,116,116,6839,0
2008,381,2,124,"H3","1517",8,27362,27362,90911,0
2008,381,1,124,"H3","151790",8,116,116,6839,0
2008,381,2,124,"H3","151790",8,27362,27362,90911,0
2008,381,2,124,"H3","1520",8,19048,19048,54770,0
2008,381,2,124,"H3","152000",8,19048,19048,54770,0
2008,381,2,36,"H3","5515",1,,21001,551242,0
2008,381,2,36,"H3","551693",8,16572,16572,429206,0
2008,381,1,124,"H3","16",1,,,905028,0
2008,381,2,124,"H3","16",1,,,5050262,0
2008,381,2,124,"H3","1601",8,42651,42651,280737,0
2008,381,2,124,"H3","160100",8,42651,42651,280737,0
2008,381,2,124,"H3","1602",8,83575,83575,777692,0
2008,381,2,124,"H3","040310",8,8,8,3471,0
2008,381,2,124,"H3","100300",8,977,977,2980,0
2008,381,2,124,"H3","060319",8,2098,2098,34791,0
2008,381,2,124,"H3","160250",8,28681,28681,262149,0
2008,381,1,124,"H3","1603",8,50,50,5254,0
2008,381,2,124,"H3","1603",8,3080,3080,20136,0
2008,381,1,124,"H3","160300",8,50,50,5254,0
2008,381,2,124,"H3","160300",8,3080,3080,20136,0
2008,381,1,124,"H3","1604",8,185493,185493,858611,0
2008,381,2,124,"H3","1604",8,326375,326375,3356476,0
2008,381,2,124,"H3","070200",8,50020,50020,122892,0
2008,381,2,124,"H3","160412",8,4000,4000,31958,0
2008,381,2,124,"H3","160413",8,32515,32515,240887,0
2008,381,1,124,"H3","160414",8,56,56,2098,0
2008,381,2,124,"H3","160414",8,209525,209525,2285103,0
2008,381,2,124,"H3","160415",8,252,252,5600,0
2008,381,2,124,"H3","160416",8,29499,29499,377994,0
2008,381,2,124,"H3","0704",8,25000,25000,33035,0
2008,381,2,124,"H3","160420",8,37251,37251,309888,0
2008,381,2,124,"H3","070490",8,25000,25000,33035,0
2008,381,1,124,"H3","1605",8,6300,6300,41164,0
2008,381,2,124,"H3","1605",8,68145,68145,615220,0
2008,381,1,124,"H3","160520",8,6300,6300,41164,0
2008,381,2,124,"H3","070529",8,1560,1560,6478,0
2008,381,2,124,"H3","160590",8,33345,33345,296382,0
2008,381,1,124,"H3","17",1,,,989072,0
2008,381,2,124,"H3","17",1,,,2477570,0
2008,381,2,36,"H3","551614",8,174,174,11166,0
2008,381,2,124,"H3","070920",8,1647,1647,7513,0
2008,381,1,124,"H3","030622",8,505072,505072,8129126,0
2008,381,1,124,"H3","090920",8,1168,1168,2117,0
2008,381,2,36,"H3","551632",8,206,206,7804,0
2008,381,2,124,"H3","170230",8,826000,826000,722026,0
2008,381,1,124,"H3","080820",8,16978,16978,40610,0
2008,381,1,124,"H3","1704",8,68274,68274,398910,0
2008,381,2,124,"H3","1704",8,254520,254520,1752829,0
2008,381,1,124,"H3","170410",8,840,840,7218,0
2008,381,2,124,"H3","170410",8,1606,1606,17284,0
2008,381,1,124,"H3","170490",8,67434,67434,391692,0
2008,381,2,124,"H3","170490",8,252914,252914,1735545,0
2008,381,1,124,"H3","18",1,,,108272,0
2008,381,2,124,"H3","18",1,,,10308300,0
2008,381,2,124,"H3","1803",8,16000,16000,24924,0
2008,381,2,124,"H3","180320",8,16000,16000,24924,0
2008,381,1,124,"H3","1806",8,7971,7971,108272,0
2008,381,2,124,"H3","1806",8,995389,995389,10283376,0
2008,381,2,124,"H3","080820",8,380819,380819,947086,0
2008,381,2,124,"H3","180620",8,14924,14924,71286,0
2008,381,1,124,"H3","180631",8,4956,4956,72105,0
2008,381,2,124,"H3","180631",8,239848,239848,1968762,0
2008,381,1,124,"H3","180632",8,1695,1695,26012,0
2008,381,2,124,"H3","180632",8,82293,82293,861592,0
2008,381,2,124,"H3","040891",8,500,500,8165,0
2008,381,1,124,"H3","070810",8,700,700,4323,0
2008,381,1,124,"H3","19",1,,,5177,0
2008,381,2,124,"H3","19",1,,,73246090,0
2008,381,2,124,"H3","1901",8,4013,4013,39437,0
2008,381,2,124,"H3","190120",8,100,100,1476,0
2008,381,2,124,"H3","190190",8,3913,3913,37962,0
2008,381,1,124,"H3","1902",8,823,823,5177,0
2008,381,2,124,"H3","1902",8,23915552,23915552,42600276,0
2008,381,2,124,"H3","190211",8,265212,265212,977980,0
2008,381,1,124,"H3","190219",8,823,823,5177,0
2008,381,2,124,"H3","190219",8,22185707,22185707,38154790,0
2008,381,2,124,"H3","190220",8,278613,278613,540787,0
2008,381,2,124,"H3","190230",8,964314,964314,2097416,0
2008,381,2,124,"H3","190240",8,221706,221706,829303,0
2008,381,2,124,"H3","1904",8,18149,18149,127304,0
2008,381,2,124,"H3","190410",8,14507,14507,98982,0
2008,381,2,124,"H3","190420",8,1642,1642,16497,0
2008,381,1,124,"H3","071339",8,164988,164988,237986,0
2008,381,2,124,"H3","1905",8,6049226,6049226,30479073,0
2008,381,2,124,"H3","190510",8,122474,122474,563246,0
2008,381,2,124,"H3","190520",8,92877,92877,573685,0
2008,381,2,124,"H3","190531",8,1443885,1443885,6827460,0
2008,381,2,124,"H3","190532",8,886105,886105,6232204,0
2008,381,2,124,"H3","190540",8,198614,198614,1120050,0
2008,381,2,124,"H3","190590",8,3305271,3305271,15162429,0
2008,381,1,124,"H3","20",1,,,77553,0
2008,381,2,124,"H3","20",1,,,26919166,0
2008,381,2,124,"H3","2001",8,69998,69998,439322,0
2008,381,2,124,"H3","200190",8,69998,69998,439322,0
2008,381,2,124,"H3","2002",8,16299824,16299824,15166208,0
2008,381,2,124,"H3","200210",8,12916088,12916088,11666295,0
2008,381,2,124,"H3","200290",8,3383736,3383736,3499913,0
2008,381,2,124,"H3","2003",8,36349,36349,475857,0
2008,381,2,124,"H3","200310",8,6327,6327,64491,0
2008,381,2,124,"H3","200320",8,2211,2211,87201,0
2008,381,2,124,"H3","200390",8,27811,27811,324165,0
2008,381,2,124,"H3","2004",8,75413,75413,341628,0
2008,381,2,124,"H3","200490",8,75413,75413,341628,0
2008,381,1,124,"H3","2005",8,14882,14882,33253,0
2008,381,2,124,"H3","2005",8,1046479,1046479,4029352,0
2008,381,2,124,"H3","200510",8,57388,57388,255359,0
2008,381,2,124,"H3","200520",8,46005,46005,166856,0
2008,381,2,124,"H3","200540",8,36270,36270,22806,0
2008,381,2,124,"H3","200551",8,128493,128493,173806,0
2008,381,2,124,"H3","200559",8,128966,128966,149625,0
2008,381,2,124,"H3","200570",8,83842,83842,391887,0
2008,381,2,124,"H3","200580",8,10000,10000,56104,0
2008,381,2,124,"H3","200591",8,35634,35634,87385,0
2008,381,1,124,"H3","200599",8,14882,14882,33253,0
2008,381,2,124,"H3","200599",8,519881,519881,2725524,0
2008,381,1,124,"H3","0808",8,16978,16978,40610,0
2008,381,2,124,"H3","0808",8,398459,398459,964472,0
2008,381,1,124,"H3","1211",8,70,70,1088,0
2008,381,2,124,"H3","1211",8,5679,5679,129603,0
2008,381,1,124,"H3","090240",8,220,220,1098,0
2008,381,2,124,"H3","150500",8,1080,1080,4223,0
2008,381,2,36,"H3","551692",8,27600,27600,879883,0
2008,381,2,36,"H3","551511",8,1353,1353,23700,0
2008,381,2,124,"H3","160241",8,41216,41216,357465,0
2008,381,2,124,"H3","0408",8,500,500,8165,0
2008,381,1,124,"H3","0507",8,19,19,11556,0
2008,381,1,124,"H3","030551",8,198733,198733,3576245,0
2008,381,1,124,"H3","1702",8,52348,52348,590162,0
2008,381,2,36,"H3","551622",8,206,206,15940,0
2008,381,2,124,"H3","080510",8,517963,517963,653452,0
2008,381,2,36,"H3","5512",1,,38669,891908,0
2008,381,2,124,"H3","080940",8,555897,555897,1062691,0
2008,381,1,124,"H3","1302",8,1656,1656,91043,0
2008,381,2,124,"H3","1302",8,80489,80489,1765049,0
2008,381,2,36,"H3","5513",8,1491,1491,74893,0
2008,381,2,124,"H3","081090",8,187499,187499,181452,0
2008,381,2,124,"H3","1702",8,826000,826000,722026,0
2008,381,2,124,"H3","081110",8,501,501,3682,0
2008,381,1,124,"H3","0813",8,18200,18200,85523,0
2008,381,2,124,"H3","0813",8,125930,125930,208006,0
2008,381,1,124,"H3","090210",8,57,57,2835,0
2008,381,2,124,"H3","090210",8,3381,3381,51920,0
2008,381,2,124,"H3","090412",8,141,141,4974,0
2008,381,2,124,"H3","152190",8,475,475,8422,0
2008,381,2,124,"H3","160249",8,4421,4421,59483,0
2008,381,2,124,"H3","110610",8,1970,1970,5109,0
2008,381,1,124,"H3","150430",8,864,864,27056,0
2008,381,2,124,"H3","0406",8,4641704,4641704,52438538,0
2008,381,1,124,"H3","100830",8,3688842,3688842,2614820,0
2008,381,1,124,"H3","110820",8,3622,3622,9582,0
2008,381,1,124,"H3","120100",8,6118016,6118016,3706433,0
2008,381,2,124,"H3","0703",8,1453,1453,6673,0
2008,381,2,36,"H3","5601",8,163133,163133,671383,0
2008,381,2,36,"H3","560121",8,161923,161923,643561,0
2008,381,2,124,"H3","080810",8,17640,17640,17386,0
2008,381,2,36,"H3","551634",8,85,85,6250,0
2008,381,2,36,"H3","551219",8,847,847,37530,0
2008,381,1,124,"H3","081340",8,18200,18200,85523,0
2008,381,2,124,"H3","081340",8,125930,125930,208006,0
2008,381,2,124,"H3","130232",8,53800,53800,662404,0
2008,381,2,124,"H3","150790",8,19786,19786,32300,0
2008,381,2,124,"H3","1521",8,475,475,8422,0
2008,381,1,124,"H3","1001",8,486373361,486373361,237192124,0
2008,381,2,124,"H3","1001",8,4250,4250,9125,0
2008,381,2,124,"H3","070951",8,5000,5000,71669,0
2008,381,2,36,"H3","5606",8,21611,21611,308041,0
2008,381,2,124,"H3","180690",8,656101,656101,7363106,0
2008,381,1,124,"H3","050710",8,15,15,6986,0
2008,381,1,124,"H3","050790",8,4,4,4569,0
2008,381,2,124,"H3","060220",1,,400,13104,0
2008,381,1,124,"H3","1201",8,6118016,6118016,3706433,0
2008,381,1,124,"H3","060240",5,62,620,3007,0
2008,381,1,124,"H3","160411",8,185437,185437,856513,0
2008,381,1,124,"H3","1204",8,311773,311773,287048,0
2008,381,2,124,"H3","0702",8,50020,50020,122892,0
2008,381,2,124,"H3","160419",8,3341,3341,28260,0
2008,381,2,124,"H3","070390",8,1453,1453,6673,0
2008,381,2,124,"H3","160430",8,9992,9992,76787,0
2008,381,2,124,"H3","0705",8,1560,1560,6478,0
2008,381,2,124,"H3","1701",8,586,586,2715,0
2008,381,2,124,"H3","170191",8,586,586,2715,0
2008,381,2,124,"H3","190490",8,2000,2000,11825,0
2008,381,1,124,"H3","120400",8,311773,311773,287048,0
2008,381,2,124,"H3","071140",8,3596,3596,34127,0
2008,381,1,124,"H3","1206",8,47334,47334,50969,0
2008,381,2,36,"H3","560490",8,6215,6215,48460,0
2008,381,1,124,"H3","120600",8,47334,47334,50969,0
2008,381,1,124,"H3","120750",8,84772,84772,149786,0
2008,381,1,124,"H3","170290",8,250,250,1746,0
2008,381,2,36,"H3","560600",8,21611,21611,308041,0
2008,381,2,124,"H3","180610",8,2223,2223,18630,0
2008,381,2,124,"H3","121299",8,1911,1911,6134,0
2008,381,1,124,"H3","180690",8,1320,1320,10155,0
2008,381,1,36,"H3","5607",8,14531,14531,458589,0
2008,381,2,36,"H3","5607",8,15251,15251,180096,0
2008,381,1,36,"H3","560749",8,6998,6998,133943,0
2008,381,1,36,"H3","560750",8,7533,7533,324647,0
2008,381,2,36,"H3","560750",8,879,879,28698,0
2008,381,1,124,"H3","1504",8,2082,2082,104816,0
2008,381,1,124,"H3","150420",8,1218,1218,77760,0
2008,381,2,124,"H3","1505",8,1080,1080,4223,0
2008,381,1,124,"H3","030378",8,9979,9979,27667,0
2008,381,1,124,"H3","0304",8,70208,70208,551218,0
2008,381,2,124,"H3","0304",8,292,292,4835,0
2008,381,1,124,"H3","170220",8,52098,52098,588416,0
2008,381,2,124,"H3","091099",8,8945,8945,62557,0
2008,381,2,124,"H3","1003",8,977,977,2980,0
2008,381,2,124,"H3","1102",8,14348,14348,28755,0
2008,381,2,124,"H3","160540",8,34800,34800,318838,0
2008,381,1,124,"H3","08",1,,,2708851,0
2008,381,2,124,"H3","08",1,,,26425764,0
2008,381,1,124,"H3","151519",8,544,544,41886,0
2008,381,2,124,"H3","160239",8,9257,9257,98594,0
2008,381,2,36,"H3","560741",8,369,369,5114,0
2008,381,2,124,"H3","2006",8,8444,8444,25343,0
2008,381,2,124,"H3","200600",8,8444,8444,25343,0
2008,381,2,124,"H3","2007",8,98880,98880,415032,0
2008,381,2,124,"H3","200710",8,27705,27705,134692,0
2008,381,2,124,"H3","200791",8,1954,1954,16551,0
2008,381,2,124,"H3","200799",8,69221,69221,263789,0
2008,381,1,124,"H3","2008",8,11556,11556,38295,0
2008,381,2,124,"H3","2008",8,13151,13151,121068,0
2008,381,2,124,"H3","200811",8,255,255,4802,0
2008,381,2,124,"H3","200819",8,1773,1773,32287,0
2008,381,2,124,"H3","200820",8,672,672,4845,0
2008,381,2,124,"H3","200830",8,624,624,3130,0
2008,381,2,124,"H3","200840",8,780,780,2359,0
2008,381,2,124,"H3","200850",8,750,750,6024,0
2008,381,2,124,"H3","200860",8,5298,5298,45535,0
2008,381,1,124,"H3","200899",8,11556,11556,38295,0
2008,381,2,124,"H3","200899",8,1757,1757,16967,0
2008,381,1,124,"H3","2009",8,198,198,6005,0
2008,381,2,124,"H3","2009",8,3694727,3694727,5905357,0
2008,381,2,124,"H3","200911",8,59075,59075,172969,0
2008,381,2,124,"H3","200931",8,14367,14367,49602,0
2008,381,2,124,"H3","200939",8,380,380,2290,0
2008,381,2,124,"H3","200969",8,1592313,1592313,2827659,0
2008,381,1,124,"H3","200980",8,198,198,6005,0
2008,381,2,124,"H3","200980",8,958745,958745,1441333,0
2008,381,2,124,"H3","200990",8,66653,66653,101054,0
2008,381,1,124,"H3","21",1,,,16162831,0
2008,381,2,124,"H3","21",1,,,11749488,0
2008,381,2,124,"H3","2101",8,55319,55319,315991,0
2008,381,2,124,"H3","210112",8,23994,23994,230320,0
2008,381,1,124,"H3","2102",8,1816,1816,181711,0
2008,381,2,124,"H3","2102",8,5565,5565,165540,0
2008,381,1,124,"H3","210210",8,1366,1366,175895,0
2008,381,2,124,"H3","210210",8,5433,5433,159115,0
2008,381,1,124,"H3","2103",8,6430,6430,27544,0
2008,381,2,124,"H3","2103",8,910028,910028,4605401,0
2008,381,2,124,"H3","210320",8,123542,123542,349979,0
2008,381,2,124,"H3","2104",8,594353,594353,1886350,0
2008,381,2,124,"H3","210410",8,594073,594073,1877569,0
2008,381,2,124,"H3","2105",8,23801,23801,182756,0
2008,381,1,124,"H3","2106",8,455491,455491,15953577,0
2008,381,2,124,"H3","2106",8,921671,921671,4593449,0
2008,381,1,124,"H3","210610",8,2970,2970,248993,0
2008,381,2,124,"H3","210610",8,27758,27758,158764,0
2008,381,1,124,"H3","210690",8,452521,452521,15704584,0
2008,381,2,124,"H3","210690",8,893913,893913,4434685,0
2008,381,1,124,"H3","22",1,,,434359,0
2008,381,2,124,"H3","22",1,,,364670913,0
2008,381,2,124,"H3","2201",7,31392758,31459494,23814908,2
2008,381,2,124,"H3","220110",7,30954184,31020920,23430705,0
2008,381,2,124,"H3","220190",7,438574,438574,384203,2
2008,381,2,124,"H3","2202",7,8271635,8347783,7634015,0
2008,381,2,124,"H3","220210",7,5485629,5503122,4632005,0
2008,381,2,124,"H3","220290",7,2786006,2844661,3002009,0
2008,381,1,124,"H3","2203",7,117975,117936,328364,0
2008,381,2,124,"H3","2203",7,761788,766257,1325057,0
2008,381,1,124,"H3","220300",7,117975,117936,328364,0
2008,381,2,124,"H3","220300",7,761788,766257,1325057,0
2008,381,1,124,"H3","2204",7,1169,1169,28984,0
2008,381,2,124,"H3","2204",7,58303042,58311928,296700134,0
2008,381,2,124,"H3","220410",7,2366809,2367121,10821846,0
2008,381,1,124,"H3","220421",7,1169,1169,28984,0
2008,381,2,124,"H3","220421",7,52373366,52364377,279166421,0
2008,381,2,124,"H3","220429",7,3480685,3498248,6196174,0
2008,381,2,124,"H3","2205",7,3103425,3108156,4301753,0
2008,381,2,124,"H3","220510",7,3103425,3108156,4301753,0
2008,381,1,124,"H3","2206",7,580,580,2847,0
2008,381,2,124,"H3","2206",7,45396,47424,176227,0
2008,381,1,124,"H3","220600",7,580,580,2847,0
2008,381,2,124,"H3","220600",7,45396,47424,176227,0
2008,381,1,124,"H3","2208",7,2352,5880,62602,0
2008,381,2,124,"H3","2208",7,1143297,3965718,20560690,0
2008,381,2,124,"H3","220820",7,160996,483700,2639262,0
2008,381,2,124,"H3","220840",7,7709,45809,347966,0
2008,381,2,124,"H3","220860",7,185,456,7862,0
2008,381,2,124,"H3","220870",7,958034,3385852,16972111,0
2008,381,2,124,"H3","220890",7,16200,49490,589524,0
2008,381,1,124,"H3","2209",7,268,268,11561,0
2008,381,2,124,"H3","2209",7,2798786,2799652,9963011,0
2008,381,1,124,"H3","220900",7,268,268,11561,0
2008,381,2,124,"H3","220900",7,2798786,2799652,9963011,0
2008,381,1,124,"H3","23",1,,,2740863,0
2008,381,2,124,"H3","23",1,,,224914,0
2008,381,2,124,"H3","2301",8,16020,16020,18582,0
2008,381,2,124,"H3","230110",8,16020,16020,18582,0
2008,381,1,124,"H3","2309",8,714612,714612,2691162,0
2008,381,2,124,"H3","2309",8,31726,31726,206333,0
2008,381,1,124,"H3","230910",8,641094,641094,1683492,0
2008,381,2,124,"H3","230910",8,15792,15792,164643,0
2008,381,1,124,"H3","230990",8,73518,73518,1007670,0
2008,381,2,124,"H3","230990",8,15934,15934,41690,0
2008,381,1,124,"H3","25",1,,,11468780,0
2008,381,2,124,"H3","25",1,,,3502102,0
2008,381,2,124,"H3","250100",8,996165,996165,353444,0
2008,381,1,124,"H3","2505",8,23299,23299,15217,0
2008,381,1,124,"H3","250510",8,18182,18182,9719,0
2008,381,1,124,"H3","250590",8,5117,5117,5499,0
2008,381,1,124,"H3","2508",8,2177,2177,6970,0
2008,381,2,124,"H3","2508",8,62188,62188,93824,0
2008,381,1,124,"H3","250810",8,2177,2177,6970,0
2008,381,2,124,"H3","250810",8,21691,21691,71863,0
2008,381,2,124,"H3","250840",8,40497,40497,21961,0
2008,381,2,124,"H3","2512",8,2798,2798,4841,0
2008,381,2,124,"H3","251200",8,2798,2798,4841,0
2008,381,1,124,"H3","2513",8,318,318,1810,0
2008,381,2,124,"H3","2513",8,10,10,2395,0
2008,381,2,124,"H3","251320",8,10,10,2395,0
2008,381,1,124,"H3","2515",8,2406520,2406520,1228718,0
2008,381,2,124,"H3","2515",8,1133077,1133077,1630880,0
2008,381,1,124,"H3","251511",8,2298422,2298422,1192742,0
2008,381,1,124,"H3","251512",8,108098,108098,35976,0
2008,381,2,124,"H3","251512",8,1133077,1133077,1630880,0
2008,381,1,124,"H3","2516",8,3977092,3977092,2050868,0
2008,381,2,124,"H3","2516",8,461510,461510,833582,0
2008,381,1,124,"H3","251611",8,3804712,3804712,1953683,0
2008,381,2,124,"H3","251611",8,20500,20500,23789,0
2008,381,2,124,"H3","251612",8,421010,421010,771189,0
2008,381,1,124,"H3","251690",8,172380,172380,97185,0
2008,381,2,124,"H3","251690",8,20000,20000,38603,0
2008,381,2,124,"H3","2517",8,42000,42000,9938,0
2008,381,2,124,"H3","251741",8,42000,42000,9938,0
2008,381,2,124,"H3","2519",8,142330,142330,71415,0
2008,381,2,124,"H3","251990",8,142330,142330,71415,0
2008,381,1,124,"H3","2520",8,40000,40000,39146,0
2008,381,2,124,"H3","252020",8,28132,28132,362206,0
2008,381,1,124,"H3","2526",8,3079,3079,13569,0
2008,381,2,124,"H3","2526",8,1472,1472,7762,0
2008,381,1,124,"H3","252620",8,3079,3079,13569,0
2008,381,2,124,"H3","252620",8,1472,1472,7762,0
2008,381,1,124,"H3","2530",8,20000,20000,24014,0
2008,381,1,124,"H3","253090",8,20000,20000,24014,0
2008,381,1,124,"H3","26",1,,,92673812,0
2008,381,2,124,"H3","26",1,,,958422,0
2008,381,1,124,"H3","2601",8,453931467,453931467,57347549,0
2008,381,2,124,"H3","2606",8,16800000,16800000,616646,0
2008,381,2,124,"H3","260600",8,16800000,16800000,616646,0
2008,381,2,124,"H3","2617",8,66000,66000,341776,0
2008,381,1,124,"H3","27",1,,,571777716,0
2008,381,2,124,"H3","27",1,,,133512361,0
2008,381,1,124,"H3","2701",8,1325428738,1325428738,316717846,0
2008,381,1,124,"H3","270112",8,1325318495,1325318495,316635129,0
2008,381,1,124,"H3","2710",8,224364200,224364200,254837166,0
2008,381,2,124,"H3","271011",8,122332230,122332230,105067500,0
2008,381,1,124,"H3","271019",8,224364200,224364200,254837166,0
2008,381,2,124,"H3","271019",8,32591441,32591441,23670599,0
2008,381,1,124,"H3","2504",8,780000,780000,604403,0
2008,381,2,124,"H3","220830",7,173,411,3966,0
2008,381,1,124,"H3","220830",7,2352,5880,62602,0
2008,381,2,124,"H3","200961",8,1003194,1003194,1310450,0
2008,381,2,124,"H3","200870",8,1242,1242,5118,0
2008,381,2,124,"H3","271290",8,3995734,3995734,4426030,0
2008,381,2,124,"H3","271210",8,22800,22800,46731,0
2008,381,1,124,"H3","270111",8,16893,16893,8786,0
2008,381,1,124,"H3","260112",8,453931467,453931467,57347549,0
2008,381,1,124,"H3","251310",8,318,318,1810,0
2008,381,2,124,"H3","2506",8,78635,78635,48432,0
2008,381,1,124,"H3","2506",8,858160,858160,325934,0
2008,381,1,124,"H3","250300",8,82230,82230,37292,0
2008,381,2,124,"H3","2501",8,996165,996165,353444,0
2008,381,1,124,"H3","230250",8,30000,30000,23692,0
2008,381,1,124,"H3","2302",8,30000,30000,23692,0
2008,381,2,124,"H3","220710",7,74415,74415,195118,0
2008,381,2,124,"H3","2207",7,74415,74415,195118,0
2008,381,2,124,"H3","210500",8,23801,23801,182756,0
2008,381,2,124,"H3","210390",8,784835,784835,4223300,0
2008,381,1,124,"H3","210390",8,720,720,10576,0
2008,381,2,36,"H3","570110",2,142,361,51424,0
2008,381,2,124,"H3","271220",8,114021,114021,260602,0
2008,381,1,124,"H3","271220",8,1500,1500,4196,0
2008,381,2,36,"H3","580410",8,1735,1735,87106,0
2008,381,2,36,"H3","580421",8,62,62,18582,0
2008,381,2,36,"H3","5702",2,1073,2623,85492,0
2008,381,2,36,"H3","5804",8,1923,1923,120073,0
2008,381,2,36,"H3","580300",8,93,93,15472,0
2008,381,2,36,"H3","5705",2,37418,90975,747222,0
2008,381,1,36,"H3","5705",2,49,172,5684,0
2008,381,2,36,"H3","570490",2,2742,3730,18366,0
2008,381,2,36,"H3","570410",2,1,25,1534,0
2008,381,2,36,"H3","5704",2,2743,3755,19900,0
2008,381,2,36,"H3","570320",2,2734,5287,50436,0
2008,381,2,36,"H3","570310",2,775,1926,96758,0
2008,381,2,36,"H3","5703",2,3509,7213,147193,0
2008,381,2,36,"H3","570291",2,186,487,24920,0
2008,381,2,36,"H3","570250",2,43,78,5860,0
2008,381,2,36,"H3","570242",2,1,13,1926,0
2008,381,2,36,"H3","570239",2,7,169,7740,0
2008,381,2,36,"H3","570231",2,820,1850,39078,0
2008,381,2,36,"H3","570190",2,1080,5358,151871,0
2008,381,2,36,"H3","5701",2,1222,5719,203295,0
2008,381,2,36,"H3","57",1,,,1203102,0
2008,381,1,36,"H3","57",1,,,5684,0
2008,381,2,36,"H3","560890",8,238048,238048,1239774,0
2008,381,1,36,"H3","580500",8,250,250,7813,0
2008,381,2,36,"H3","580500",8,262,262,84663,0
2008,381,2,124,"H3","2712",8,4132555,4132555,4733363,0
2008,381,1,124,"H3","2712",8,1500,1500,4196,0
2008,381,2,124,"H3","2710",8,154923671,154923671,128738100,0
2008,381,2,124,"H3","270300",8,43281,43281,29324,0
2008,381,1,124,"H3","270300",8,142325,142325,69285,0
2008,381,2,124,"H3","2703",8,43281,43281,29324,0
2008,381,1,124,"H3","2703",8,142325,142325,69285,0
2008,381,1,124,"H3","270210",8,205793,205793,82702,0
2008,381,1,124,"H3","2702",8,205793,205793,82702,0
2008,381,1,124,"H3","270119",8,93350,93350,73930,0
2008,381,2,36,"H3","5806",8,200981,200981,1807401,0
2008,381,2,124,"H3","261710",8,66000,66000,341776,0
2008,381,1,124,"H3","261400",8,99049260,99049260,35154590,0
2008,381,1,124,"H3","2614",8,99049260,99049260,35154590,0
2008,381,1,124,"H3","261390",8,4469,4469,171672,0
2008,381,1,124,"H3","2613",8,4469,4469,171672,0
2008,381,2,36,"H3","580610",8,2545,2545,33695,0
2008,381,1,124,"H3","252930",8,46325452,46325452,7113290,0
2008,381,1,124,"H3","252921",8,2088,2088,7549,0
2008,381,1,124,"H3","2529",8,46327540,46327540,7120838,0
2008,381,1,124,"H3","252010",8,40000,40000,39146,0
2008,381,2,124,"H3","2520",8,28132,28132,362206,0
2008,381,2,36,"H3","580620",8,177070,177070,888099,0
2008,381,2,124,"H3","250700",8,6864,6864,23090,0
2008,381,2,124,"H3","2507",8,6864,6864,23090,0
2008,381,2,124,"H3","250610",8,78635,78635,48432,0
2008,381,1,124,"H3","250610",8,858160,858160,325934,0
2008,381,1,124,"H3","250410",8,780000,780000,604403,0
2008,381,1,124,"H3","2503",8,82230,82230,37292,0
2008,381,1,124,"H3","230400",8,40000,40000,26008,0
2008,381,1,124,"H3","2304",8,40000,40000,26008,0
2008,381,2,36,"H3","580429",8,126,126,14385,0
2008,381,2,124,"H3","220430",7,82182,82182,515692,0
2008,381,2,124,"H3","210420",8,280,280,8781,0
2008,381,2,124,"H3","210330",8,85,85,4344,0
2008,381,2,124,"H3","210310",8,1566,1566,27778,0
2008,381,1,124,"H3","210310",8,5710,5710,16968,0
2008,381,2,124,"H3","210220",8,132,132,6425,0
2008,381,1,124,"H3","210220",8,450,450,5816,0
2008,381,2,124,"H3","210130",8,31325,31325,85671,0
2008,381,1,36,"H3","5805",8,250,250,7813,0
2008,381,2,36,"H3","5805",8,262,262,84663,0
2008,381,2,36,"H3","5803",8,93,93,15472,0
2008,381,2,124,"H3","252390",8,14952,14952,41283,0
2008,381,1,36,"H3","5807",8,1,1,1733,0
2008,381,2,36,"H3","5807",8,1374,1374,61330,0
2008,381,1,36,"H3","580710",8,1,1,1733,0
2008,381,2,36,"H3","580710",8,60,60,18357,0
2008,381,2,36,"H3","580790",8,1314,1314,42973,0
2008,381,2,36,"H3","580123",8,1842,1842,45597,0
2008,381,2,36,"H3","580110",8,9,9,2716,0
2008,381,2,36,"H3","58",1,,,3373519,0
2008,381,1,36,"H3","58",1,,,9545,0
2008,381,2,36,"H3","580631",8,33,33,1536,0
2008,381,2,36,"H3","580639",8,1144,1144,33717,0
2008,381,2,36,"H3","580640",8,274,274,7344,0
2008,381,2,36,"H3","581099",8,124,124,36845,0
2008,381,2,36,"H3","570241",2,16,26,5968,0
2008,381,2,36,"H3","580900",8,1943,1943,337195,0
2008,381,2,124,"H3","252329",8,49750,49750,19010,0
2008,381,2,124,"H3","2523",8,64702,64702,60293,0
2008,381,2,36,"H3","580632",8,19915,19915,843009,0
2008,381,2,36,"H3","581010",8,60,60,31304,0
2008,381,2,36,"H3","581091",8,89,89,16050,0
2008,381,1,36,"H3","61",1,,,373305,0
2008,381,2,36,"H3","61",1,,,27118750,0
2008,381,2,36,"H3","5808",8,4596,4596,70668,0
2008,381,2,36,"H3","600641",8,682,682,43534,0
2008,381,2,36,"H3","5811",8,74,74,1602,0
2008,381,2,36,"H3","600643",8,371,371,33290,0
2008,381,2,36,"H3","580190",8,587,587,38207,0
2008,381,2,36,"H3","580136",8,604,604,16147,0
2008,381,2,36,"H3","580135",8,15541,15541,480435,0
2008,381,2,36,"H3","580133",8,155,155,16811,0
2008,381,2,36,"H3","580126",8,211,211,12273,0
2008,381,2,36,"H3","580125",8,4798,4798,154878,0
2008,381,2,36,"H3","580121",8,28,28,1781,0
2008,381,2,36,"H3","5801",1,,23775,768844,0
2008,381,2,36,"H3","570500",2,37418,90975,747222,0
2008,381,1,36,"H3","570500",2,49,172,5684,0
2008,381,2,36,"H3","581092",8,287,287,22074,0
2008,381,2,36,"H3","5809",8,1943,1943,337195,0
2008,381,2,36,"H3","5810",8,560,560,106273,0
2008,381,1,36,"H3","600644",8,84,84,5160,0
2008,381,2,36,"H3","600644",8,350,350,26633,0
2008,381,2,36,"H3","600690",8,1480,1480,89973,0
2008,381,2,36,"H3","580890",8,4596,4596,70668,0
2008,381,2,36,"H3","600642",8,1725,1725,116424,0
2008,381,1,36,"H3","6103",5,148,57,32286,0
2008,381,2,36,"H3","610120",5,1741,1667,313031,0
2008,381,2,36,"H3","610190",5,264,264,129773,0
2008,381,2,36,"H3","6102",5,2055,976,221106,0
2008,381,2,36,"H3","610210",5,1881,854,179205,0
2008,381,2,36,"H3","581100",8,74,74,1602,0
2008,381,1,36,"H3","59",1,,,14080,0
2008,381,2,36,"H3","59",1,,,4890649,0
2008,381,2,36,"H3","5901",8,15385,15385,246306,0
2008,381,2,36,"H3","590190",8,15385,15385,246306,0
2008,381,2,36,"H3","5902",8,12020,12020,110523,0
2008,381,2,36,"H3","590220",8,12020,12020,110523,0
2008,381,1,36,"H3","5903",8,90,90,4911,0
2008,381,2,36,"H3","5903",8,51325,51325,2040998,0
2008,381,1,36,"H3","590310",8,90,90,4911,0
2008,381,2,36,"H3","590310",8,26901,26901,342512,0
2008,381,2,36,"H3","6103",5,15064,9338,2334085,0
2008,381,2,36,"H3","590320",8,11803,11803,297421,0
2008,381,2,36,"H3","590390",8,12621,12621,1401065,0
2008,381,2,36,"H3","5905",1,,34,7102,0
2008,381,2,36,"H3","590500",1,,34,7102,0
2008,381,2,36,"H3","610310",5,2180,1760,570791,0
2008,381,2,36,"H3","590699",8,35739,35739,540417,0
2008,381,2,36,"H3","5907",8,1216,1216,49797,0
2008,381,2,36,"H3","590700",8,1216,1216,49797,0
2008,381,2,36,"H3","5910",8,47856,47856,772415,0
2008,381,2,36,"H3","591000",8,47856,47856,772415,0
2008,381,1,36,"H3","5911",8,48,48,3531,0
2008,381,2,36,"H3","5911",8,28289,28289,752475,0
2008,381,2,36,"H3","591110",8,193,193,13039,0
2008,381,2,36,"H3","591131",8,100,100,1498,0
2008,381,2,36,"H3","591132",8,490,490,60192,0
2008,381,1,36,"H3","591190",8,48,48,3531,0
2008,381,2,36,"H3","591190",8,27506,27506,677747,0
2008,381,1,36,"H3","60",1,,,63144,0
2008,381,2,36,"H3","60",1,,,4915207,0
2008,381,1,36,"H3","600290",8,3,3,1963,0
2008,381,2,36,"H3","610322",5,1071,872,55431,0
2008,381,1,36,"H3","610329",5,137,49,24860,0
2008,381,2,36,"H3","600290",8,15972,15972,153275,0
2008,381,2,36,"H3","6004",8,58596,58596,2186607,0
2008,381,2,36,"H3","600490",8,138,138,10225,0
2008,381,2,36,"H3","6005",8,83237,83237,1771851,0
2008,381,2,36,"H3","600521",8,780,780,24739,0
2008,381,2,36,"H3","600524",8,423,423,15569,0
2008,381,2,36,"H3","610220",5,49,59,20869,0
2008,381,2,36,"H3","610329",5,8471,6013,1645784,0
2008,381,2,36,"H3","600531",8,3000,3000,13864,0
2008,381,1,36,"H3","610331",5,10,6,5770,0
2008,381,2,36,"H3","610230",5,93,47,8102,0
2008,381,2,36,"H3","600532",8,76243,76243,1554648,0
2008,381,2,36,"H3","610290",5,32,16,12930,0
2008,381,1,36,"H3","6006",8,1407,1407,61181,0
2008,381,2,36,"H3","610331",5,15,11,5399,0
2008,381,2,36,"H3","6006",8,13356,13356,752110,0
2008,381,1,36,"H3","610339",5,1,2,1656,0
2008,381,2,36,"H3","600610",8,1607,1607,114228,0
2008,381,2,36,"H3","6101",5,2005,1931,442805,0
2008,381,2,36,"H3","600622",8,142,142,20891,0
2008,381,2,36,"H3","600623",8,2214,2214,133919,0
2008,381,2,36,"H3","600631",8,1502,1502,23195,0
2008,381,1,36,"H3","600632",8,1323,1323,56021,0
2008,381,2,36,"H3","600632",8,1787,1787,37830,0
2008,381,2,36,"H3","600634",8,1037,1037,42318,0
2008,381,2,36,"H3","610349",5,634,107,16212,0
2008,381,1,36,"H3","5906",8,14,14,5637,0
2008,381,2,36,"H3","5906",8,97358,97358,911032,0
2008,381,1,36,"H3","590610",8,14,14,5637,0
2008,381,2,36,"H3","590610",8,61619,61619,370616,0
2008,381,2,36,"H3","610444",5,760,288,147328,0
2008,381,2,36,"H3","610343",5,2208,235,35100,0
2008,381,2,36,"H3","610443",5,483,445,89389,0
2008,381,2,36,"H3","610439",5,23,11,12926,0
2008,381,1,36,"H3","610442",5,132,31,9244,0
2008,381,2,36,"H3","610442",5,13555,8340,1481587,0
2008,381,2,36,"H3","6001",8,1293,1293,51365,0
2008,381,2,36,"H3","600110",8,1230,1230,45572,0
2008,381,2,36,"H3","600192",8,38,38,3951,0
2008,381,1,36,"H3","6002",8,3,3,1963,0
2008,381,2,36,"H3","6002",8,15972,15972,153275,0
2008,381,2,36,"H3","600410",8,58458,58458,2176382,0
2008,381,2,36,"H3","600534",8,2791,2791,163031,0
2008,381,2,36,"H3","610342",5,485,340,5369,0
2008,381,2,36,"H3","610452",5,931,336,19471,0
2008,381,2,36,"H3","610462",5,66,32,2475,0
2008,381,2,36,"H3","610463",5,626,80,22710,0
2008,381,2,36,"H3","610520",5,294,70,5227,0
2008,381,1,36,"H3","610690",5,6,2,2006,0
2008,381,2,36,"H3","610690",5,749,218,32293,0
2008,381,2,36,"H3","610831",5,6166,2855,140416,0
2008,381,1,36,"H3","611090",5,18,5,1708,0
2008,381,2,36,"H3","611090",5,1657,672,232066,0
2008,381,1,36,"H3","6111",8,4,4,1540,0
2008,381,2,36,"H3","6111",8,4077,4077,411806,0
2008,381,2,36,"H3","611120",8,302,302,28178,0
2008,381,1,36,"H3","6112",1,,8,1997,0
2008,381,2,36,"H3","6112",1,,1844,285441,0
2008,381,2,36,"H3","611219",5,1340,664,92127,0
2008,381,2,36,"H3","611241",5,2936,228,52729,0
2008,381,2,36,"H3","611249",5,1481,117,20868,0
2008,381,2,36,"H3","610510",5,5337,2280,258645,0
2008,381,2,36,"H3","610610",5,205,86,8237,0
2008,381,2,36,"H3","610620",5,2548,1141,164523,0
2008,381,2,36,"H3","610712",5,6526,348,24230,0
2008,381,2,36,"H3","6108",5,28916,5839,393446,0
2008,381,2,36,"H3","610822",5,10260,322,74657,0
2008,381,2,36,"H3","610829",5,28,12,5020,0
2008,381,1,36,"H3","611011",5,90,32,3520,0
2008,381,2,36,"H3","611011",5,21695,8129,1876952,0
2008,381,2,36,"H3","611030",5,58686,10220,861268,0
2008,381,2,36,"H3","6113",8,2442,2442,509003,0
2008,381,2,36,"H3","611300",8,2442,2442,509003,0
2008,381,2,36,"H3","611691",8,21,21,6570,0
2008,381,2,36,"H3","611693",8,74,74,12497,0
2008,381,2,36,"H3","611699",8,526,526,24554,0
2008,381,2,36,"H3","610821",5,6486,552,28717,0
2008,381,2,36,"H3","611012",5,3006,904,552247,0
2008,381,2,36,"H3","611211",5,1512,279,42124,0
2008,381,2,36,"H3","611212",5,556,317,41706,0
2008,381,2,36,"H3","611220",1,,101,10533,0
2008,381,2,36,"H3","611692",8,46,46,5557,6
2008,381,2,36,"H3","610469",5,296,108,15939,0
2008,381,1,36,"H3","6107",5,335,28,7023,0
2008,381,2,36,"H3","6107",5,27267,2927,240461,0
2008,381,2,36,"H3","610719",5,4520,427,18317,0
2008,381,1,36,"H3","611420",8,70,70,12326,0
2008,381,2,36,"H3","611420",8,2638,2638,356766,0
2008,381,2,36,"H3","611430",8,3186,3186,350948,0
2008,381,2,36,"H3","610891",5,178,59,7097,0
2008,381,2,36,"H3","610899",5,635,128,16683,0
2008,381,1,36,"H3","6109",5,3426,688,87417,0
2008,381,2,36,"H3","6109",5,94675,21071,2931746,0
2008,381,1,36,"H3","610910",5,2833,599,80598,0
2008,381,2,36,"H3","610910",5,46316,12765,1797606,0
2008,381,1,36,"H3","6110",5,1065,360,34012,0
2008,381,2,36,"H3","6110",5,101302,25313,4735998,0
2008,381,1,36,"H3","610449",5,9,9,4478,0
2008,381,1,36,"H3","611019",5,114,32,1856,0
2008,381,2,36,"H3","611019",5,2757,976,195205,0
2008,381,1,36,"H3","611020",5,843,291,26929,0
2008,381,2,36,"H3","611020",5,13501,4412,1018260,0
2008,381,1,36,"H3","611130",8,4,4,1540,0
2008,381,2,36,"H3","611190",8,3775,3775,383629,0
2008,381,2,36,"H3","610449",5,77,69,9138,0
2008,381,2,36,"H3","610451",5,447,366,73008,0
2008,381,1,36,"H3","611231",5,80,8,1997,0
2008,381,2,36,"H3","611231",5,345,22,6064,0
2008,381,2,36,"H3","611239",5,904,116,19291,0
2008,381,2,36,"H3","600633",8,459,459,69875,0
2008,381,1,36,"H3","6114",8,590,590,151768,0
2008,381,2,36,"H3","6114",8,28152,28152,6054528,0
2008,381,2,36,"H3","610459",5,41,18,10299,0
2008,381,2,36,"H3","611595",8,1909,1909,83359,0
2008,381,1,36,"H3","6203",5,853,511,58344,4
2008,381,2,36,"H3","6203",5,152786,115054,12241213,0
2008,381,2,36,"H3","611610",8,11,11,2057,0
2008,381,2,36,"H3","620299",5,97,74,60258,0
2008,381,2,36,"H3","620219",5,26,17,17379,0
2008,381,1,36,"H3","6104",5,193,65,24742,0
2008,381,2,36,"H3","6104",5,33921,17588,2571084,0
2008,381,2,36,"H3","610413",5,11,3,3061,0
2008,381,2,36,"H3","610419",5,226,214,44014,0
2008,381,1,36,"H3","610429",5,23,5,9269,0
2008,381,2,36,"H3","610429",5,12897,5380,300773,0
2008,381,2,36,"H3","610431",5,2924,1606,244123,0
2008,381,1,36,"H3","610432",5,29,20,1750,0
2008,381,2,36,"H3","620311",5,13073,15079,2640812,0
2008,381,2,36,"H3","610432",5,367,164,43258,0
2008,381,2,36,"H3","620312",5,3,4,1907,0
2008,381,2,36,"H3","6105",5,5631,2350,263872,0
2008,381,2,36,"H3","611521",8,35194,35194,2076452,0
2008,381,1,36,"H3","6106",5,6,2,2006,0
2008,381,2,36,"H3","6106",5,3502,1445,205052,0
2008,381,2,36,"H3","620191",5,6,8,13747,0
2008,381,2,36,"H3","620192",5,7,10,2014,0
2008,381,2,36,"H3","620292",5,186,270,30367,0
2008,381,1,36,"H3","620319",5,47,45,2831,0
2008,381,2,36,"H3","620319",5,12943,9259,2018446,0
2008,381,1,36,"H3","610711",5,335,28,7023,0
2008,381,2,36,"H3","610711",5,16221,2152,197914,0
2008,381,1,36,"H3","620193",5,24,9,2323,0
2008,381,2,36,"H3","620193",5,2989,3486,360356,0
2008,381,2,36,"H3","610811",5,4671,1676,109841,0
2008,381,2,36,"H3","6115",8,92829,92829,4671826,6
2008,381,2,36,"H3","620199",5,23,20,10159,0
2008,381,1,36,"H3","6202",5,2,1,1479,0
2008,381,2,36,"H3","6202",5,7219,3297,724855,0
2008,381,2,36,"H3","611529",8,24407,24407,1052949,0
2008,381,1,36,"H3","611596",8,720,720,30514,0
2008,381,2,36,"H3","620211",5,207,166,71327,0
2008,381,2,36,"H3","611596",8,5949,5949,244139,6
2008,381,2,36,"H3","620212",5,193,106,23089,0
2008,381,1,36,"H3","62",1,,,266376,0
2008,381,2,36,"H3","62",1,,,57318413,0
2008,381,2,36,"H3","611599",8,4687,4687,99057,0
2008,381,1,36,"H3","620311",5,3,4,7361,0
2008,381,1,36,"H3","6115",8,720,720,30514,0
2008,381,1,36,"H3","620219",5,2,1,1479,0
2008,381,2,36,"H3","620331",5,1568,1185,228027,0
2008,381,2,36,"H3","620439",5,1078,522,352109,0
2008,381,2,36,"H3","611510",8,13136,13136,700568,0
2008,381,2,36,"H3","610441",5,191,128,51584,0
2008,381,2,36,"H3","620291",5,51,33,9962,0
2008,381,2,36,"H3","620322",5,5354,1676,247846,0
2008,381,2,36,"H3","611522",8,999,999,61554,0
2008,381,2,36,"H3","610819",5,492,235,11016,0
2008,381,1,36,"H3","620329",5,40,96,2835,4
2008,381,2,36,"H3","620329",5,9586,7465,1429896,0
2008,381,1,36,"H3","611490",8,520,520,139441,0
2008,381,2,36,"H3","611490",8,22328,22328,5346814,0
2008,381,1,36,"H3","620332",5,17,5,1683,0
2008,381,2,36,"H3","620332",5,158,125,60211,0
2008,381,2,36,"H3","620333",5,188,87,26431,0
2008,381,2,36,"H3","620339",5,849,606,90447,0
2008,381,2,36,"H3","620341",5,9802,5665,508151,0
2008,381,1,36,"H3","620342",5,690,352,39415,0
2008,381,1,36,"H3","610990",5,593,89,6819,0
2008,381,2,36,"H3","610990",5,48359,8306,1134139,0
2008,381,2,36,"H3","620342",5,88810,58063,4046046,0
2008,381,1,36,"H3","620343",5,56,9,4220,0
2008,381,2,36,"H3","611530",8,3802,3802,213136,0
2008,381,2,36,"H3","600191",8,25,25,1843,0
2008,381,2,36,"H3","611594",8,2746,2746,140611,0
2008,381,2,36,"H3","620429",5,56525,23589,3422808,0
2008,381,2,36,"H3","620343",5,1852,875,74326,0
2008,381,2,36,"H3","620433",5,110,51,19066,0
2008,381,2,36,"H3","620349",5,8600,14965,868666,0
2008,381,1,36,"H3","6204",5,1327,559,134790,0
2008,381,2,36,"H3","6204",5,219322,110528,17023183,0
2008,381,2,36,"H3","620431",5,112,70,48567,0
2008,381,1,36,"H3","620432",5,6,11,3433,0
2008,381,2,36,"H3","6116",8,678,678,51236,6
2008,381,2,36,"H3","620432",5,4730,3360,478500,0
2008,381,1,36,"H3","620429",5,349,119,29226,0
2008,381,1,36,"H3","6205",5,21,4,7553,0
2008,381,2,36,"H3","6205",5,51247,22490,2309293,0
2008,381,2,36,"H3","620640",5,1565,1238,166210,0
2008,381,1,36,"H3","620111",5,26,10,2834,0
2008,381,2,36,"H3","620111",5,11,11,9087,0
2008,381,2,36,"H3","620113",5,366,111,26182,0
2008,381,2,36,"H3","620213",5,2440,256,92507,0
2008,381,2,36,"H3","620819",5,927,265,34515,0
2008,381,1,36,"H3","620442",5,78,45,8217,0
2008,381,2,36,"H3","620442",5,13841,3282,1059753,0
2008,381,2,36,"H3","620451",5,45,16,14685,0
2008,381,2,36,"H3","620821",5,6062,2020,135170,0
2008,381,2,36,"H3","620119",5,944,637,156704,0
2008,381,1,36,"H3","620459",5,4,2,2100,0
2008,381,2,36,"H3","620459",5,149,51,33905,0
2008,381,2,36,"H3","620461",5,596,296,102510,0
2008,381,1,36,"H3","620462",5,623,255,46491,0
2008,381,2,36,"H3","620462",5,53715,32103,3101066,0
2008,381,2,36,"H3","6117",1,,8240,795256,0
2008,381,2,36,"H3","620463",5,1563,855,118355,0
2008,381,2,36,"H3","620469",5,4897,2315,400172,0
2008,381,2,36,"H3","620293",5,4019,2375,419967,0
2008,381,2,36,"H3","611710",5,109909,4336,295178,2
2008,381,1,36,"H3","620630",5,45,10,3574,0
2008,381,2,36,"H3","620630",5,10195,2841,612102,0
2008,381,2,36,"H3","620411",5,1344,547,72983,0
2008,381,2,36,"H3","611780",8,2505,2505,390827,0
2008,381,2,36,"H3","611790",8,1399,1399,109251,0
2008,381,2,36,"H3","620690",5,775,201,31450,0
2008,381,2,36,"H3","6207",1,,1497,101632,0
2008,381,2,36,"H3","620711",5,16856,1072,34692,0
2008,381,1,36,"H3","620419",5,6,1,2229,0
2008,381,2,36,"H3","620419",5,10965,6112,1179469,0
2008,381,2,36,"H3","620721",5,248,125,6931,0
2008,381,2,36,"H3","620112",5,904,549,192123,0
2008,381,1,36,"H3","620422",5,39,6,2244,0
2008,381,2,36,"H3","620422",5,26065,11539,1962571,0
2008,381,1,36,"H3","620444",5,50,56,7121,0
2008,381,2,36,"H3","620444",5,2916,3219,626221,0
2008,381,2,36,"H3","620452",5,819,352,107279,0
2008,381,1,36,"H3","620453",5,75,31,6795,0
2008,381,2,36,"H3","620453",5,36,16,18592,0
2008,381,1,36,"H3","620520",5,21,4,7553,0
2008,381,2,36,"H3","620520",5,49000,21753,2190204,0
2008,381,1,36,"H3","620610",5,48,25,5982,0
2008,381,2,36,"H3","620610",5,129,50,36630,0
2008,381,2,36,"H3","621141",8,215,215,24829,0
2008,381,2,36,"H3","621142",8,4286,4286,1661605,0
2008,381,1,36,"H3","620443",5,38,9,4343,0
2008,381,2,36,"H3","620443",5,5526,1634,417286,0
2008,381,1,36,"H3","6206",5,93,35,9556,0
2008,381,2,36,"H3","6206",5,12734,4360,860592,0
2008,381,2,36,"H3","621410",5,41588,2506,718411,0
2008,381,2,36,"H3","620441",5,601,464,122875,0
2008,381,2,36,"H3","621420",5,28195,4394,388576,0
2008,381,1,36,"H3","620449",5,33,14,15940,0
2008,381,2,36,"H3","620449",5,9961,4657,1437484,0
2008,381,1,36,"H3","621290",8,4,4,2446,0
2008,381,2,36,"H3","621290",8,2188,2188,115971,0
2008,381,2,36,"H3","620590",5,1504,550,102701,0
2008,381,2,36,"H3","6208",1,,3488,238037,0
2008,381,2,36,"H3","621133",8,19615,19615,980122,0
2008,381,2,36,"H3","621139",8,5120,5120,575777,0
2008,381,2,36,"H3","620620",5,70,30,14200,0
2008,381,1,36,"H3","621143",8,37,37,9222,0
2008,381,2,36,"H3","621143",8,1733,1733,227141,0
2008,381,1,36,"H3","620412",5,24,8,4979,0
2008,381,2,36,"H3","620412",5,8145,4500,957409,0
2008,381,2,36,"H3","621390",8,456,456,54169,0
2008,381,2,36,"H3","620413",5,2699,2171,298780,0
2008,381,1,36,"H3","6214",5,35,10,3812,0
2008,381,1,36,"H3","620421",5,2,2,1672,0
2008,381,2,36,"H3","620421",5,157,78,41396,0
2008,381,2,36,"H3","6214",5,411731,50593,3182027,0
2008,381,1,36,"H3","621410",5,35,10,3812,0
2008,381,2,36,"H3","620729",5,200,36,3295,0
2008,381,2,36,"H3","620423",5,12727,8729,629343,0
2008,381,1,36,"H3","6217",8,1800,1800,2358,0
2008,381,2,36,"H3","6217",8,3513,3513,361509,0
2008,381,2,36,"H3","6213",8,456,456,54169,0
2008,381,2,36,"H3","6304",8,1976,1976,127804,0
2008,381,2,36,"H3","630232",8,93,93,14792,0
2008,381,2,36,"H3","6215",8,25919,25919,5897423,0
2008,381,2,36,"H3","620822",5,108,21,12020,0
2008,381,2,36,"H3","620891",8,758,758,35247,0
2008,381,2,36,"H3","621520",8,1751,1751,378991,0
2008,381,2,36,"H3","621600",8,654,654,123950,6
2008,381,2,36,"H3","630260",8,3558,3558,257752,0
2008,381,2,36,"H3","620920",8,104,104,11382,0
2008,381,1,36,"H3","6304",8,135,135,14827,0
2008,381,2,36,"H3","621112",5,2,15,11007,0
2008,381,2,36,"H3","630293",8,49,49,5529,0
2008,381,1,36,"H3","63",1,,,232363,0
2008,381,2,36,"H3","63",1,,,2406500,0
2008,381,2,36,"H3","630110",5,10,4,2202,0
2008,381,2,36,"H3","630120",8,1078,1078,73610,0
2008,381,2,36,"H3","630130",8,62,62,4645,0
2008,381,2,36,"H3","630229",8,276,276,45181,0
2008,381,2,36,"H3","621590",8,3248,3248,306317,0
2008,381,2,36,"H3","630499",8,199,199,46887,0
2008,381,2,36,"H3","630299",8,120,120,5848,0
2008,381,1,36,"H3","6303",8,12,12,2671,0
2008,381,2,36,"H3","6303",8,1035,1035,46839,0
2008,381,2,36,"H3","630419",8,190,190,31258,0
2008,381,2,36,"H3","630491",8,1409,1409,38608,0
2008,381,1,36,"H3","630392",8,12,12,2671,0
2008,381,2,36,"H3","630392",8,472,472,34523,0
2008,381,1,36,"H3","630239",8,16,16,6001,0
2008,381,2,36,"H3","630239",8,1138,1138,119930,0
2008,381,2,36,"H3","621490",5,154260,28242,1096437,0
2008,381,2,36,"H3","630251",8,626,626,37781,0
2008,381,2,36,"H3","6216",8,654,654,123950,6
2008,381,1,36,"H3","621710",8,1800,1800,2358,0
2008,381,2,36,"H3","630493",8,22,22,1991,0
2008,381,2,36,"H3","620899",8,424,424,21085,0
2008,381,2,36,"H3","630291",8,1810,1810,182719,0
2008,381,2,36,"H3","620530",5,743,187,16388,0
2008,381,2,36,"H3","620990",8,80,80,9512,0
2008,381,2,36,"H3","621710",8,1530,1530,220771,0
2008,381,2,36,"H3","621010",8,4462,4462,527953,0
2008,381,2,36,"H3","621790",8,1983,1983,140738,0
2008,381,2,36,"H3","621030",5,12952,2761,439473,0
2008,381,2,36,"H3","621050",8,29695,29695,3992020,0
2008,381,1,36,"H3","6211",1,,49,24316,0
2008,381,2,36,"H3","6211",1,,50541,6793080,0
2008,381,1,36,"H3","6302",8,106,106,15226,0
2008,381,1,36,"H3","6201",5,50,19,5157,0
2008,381,2,36,"H3","6201",5,5250,4832,770373,0
2008,381,2,36,"H3","6302",8,12672,12672,1155007,0
2008,381,2,36,"H3","630210",8,34,34,2243,0
2008,381,2,36,"H3","620719",5,2709,264,56714,0
2008,381,1,36,"H3","630221",8,90,90,9225,0
2008,381,2,36,"H3","630221",8,1778,1778,131156,0
2008,381,2,36,"H3","630222",8,133,133,16805,0
2008,381,2,36,"H3","630231",8,3010,3010,327995,0
2008,381,2,36,"H3","6403",6,727154,593229,53439809,0
2008,381,2,36,"H3","631090",8,1835,1835,38049,0
2008,381,1,36,"H3","6210",1,,277,13746,0
2008,381,2,36,"H3","6210",1,,44360,6008205,0
2008,381,1,36,"H3","6403",6,2351,2029,182474,0
2008,381,1,36,"H3","630629",8,60,60,2464,0
2008,381,2,36,"H3","630629",8,1477,1477,30875,0
2008,381,1,36,"H3","6307",8,512,512,17627,0
2008,381,2,36,"H3","6307",8,17565,17565,187775,0
2008,381,2,36,"H3","640110",6,908,516,62725,0
2008,381,1,36,"H3","6306",8,15237,15237,182012,0
2008,381,2,36,"H3","6306",8,28724,28724,615437,0
2008,381,2,36,"H3","630790",8,3321,3321,54774,0
2008,381,2,36,"H3","621430",5,103699,8021,582374,0
2008,381,2,36,"H3","6308",8,1055,1055,77433,0
2008,381,1,36,"H3","630492",8,135,135,14827,0
2008,381,2,36,"H3","630492",8,156,156,9060,0
2008,381,2,36,"H3","621440",5,83989,7430,396229,0
2008,381,2,36,"H3","630800",8,1055,1055,77433,0
2008,381,2,36,"H3","630259",8,47,47,7273,0
2008,381,2,36,"H3","621510",8,20920,20920,5212115,0
2008,381,2,36,"H3","6310",8,1855,1855,42977,0
2008,381,2,36,"H3","631010",8,20,20,4929,0
2008,381,2,36,"H3","630710",8,14244,14244,133000,0
2008,381,1,36,"H3","630720",8,45,45,1780,0
2008,381,2,36,"H3","6209",8,184,184,20894,0
2008,381,2,36,"H3","6305",8,909,909,10987,0
2008,381,1,36,"H3","64",1,,,201009,0
2008,381,2,36,"H3","630532",8,49,49,2845,0
2008,381,2,36,"H3","630399",8,563,563,12315,0
2008,381,2,36,"H3","64",1,,,65595702,0
2008,381,1,36,"H3","621020",5,412,224,5836,0
2008,381,2,36,"H3","621020",5,3599,1688,384875,0
2008,381,1,36,"H3","621040",8,53,53,7910,0
2008,381,2,36,"H3","621040",8,5754,5754,663884,0
2008,381,2,36,"H3","621111",5,2032,246,52720,0
2008,381,2,36,"H3","6401",6,13353,19114,667381,0
2008,381,2,36,"H3","640291",6,5196,5475,715267,0
2008,381,2,36,"H3","621120",5,20,70,3964,0
2008,381,2,36,"H3","621132",8,4837,4837,559925,0
2008,381,2,36,"H3","630533",8,860,860,8141,0
2008,381,2,36,"H3","640299",6,90282,52771,3183708,0
2008,381,1,36,"H3","630612",8,15000,15000,169320,0
2008,381,2,36,"H3","630612",8,20131,20131,416762,0
2008,381,1,36,"H3","621149",8,12,12,15094,0
2008,381,2,36,"H3","6301",1,,1144,80458,0
2008,381,1,36,"H3","630790",8,467,467,15847,0
2008,381,1,36,"H3","630619",8,95,95,1741,0
2008,381,2,36,"H3","630619",8,1856,1856,42447,0
2008,381,2,36,"H3","630622",8,2875,2875,48448,0
2008,381,2,36,"H3","621149",8,14404,14404,2695990,0
2008,381,1,36,"H3","630630",8,82,82,8487,0
2008,381,2,36,"H3","630630",8,95,95,23096,0
2008,381,1,36,"H3","621210",8,2,2,2819,0
2008,381,2,36,"H3","630691",8,1990,1990,46475,0
2008,381,2,36,"H3","630699",8,300,300,7335,0
2008,381,2,36,"H3","621210",8,2197,2197,492007,0
2008,381,1,36,"H3","640319",6,425,584,26080,0
2008,381,2,36,"H3","640319",6,53128,66995,3435406,0
2008,381,2,36,"H3","650200",1,,84,20929,0
2008,381,1,36,"H3","6506",1,,611,39114,0
2008,381,2,36,"H3","65",1,,,4127806,0
2008,381,2,36,"H3","640312",6,2005,1112,124357,0
2008,381,2,36,"H3","6506",1,,59463,3698440,0
2008,381,2,36,"H3","640340",6,4287,6744,317132,0
2008,381,1,36,"H3","640351",6,1116,663,73268,0
2008,381,2,36,"H3","640351",6,51985,52808,3688437,0
2008,381,1,36,"H3","640359",6,202,98,25121,0
2008,381,2,36,"H3","640359",6,381192,275733,32068230,0
2008,381,1,36,"H3","640391",6,453,515,29611,0
2008,381,2,36,"H3","640220",6,69162,36059,2632298,0
2008,381,2,36,"H3","6501",8,6,6,14770,6
2008,381,2,36,"H3","640391",6,41743,44765,2596264,0
2008,381,1,36,"H3","6404",6,74,8,10654,0
2008,381,2,36,"H3","650100",8,6,6,14770,6
2008,381,2,36,"H3","6502",1,,84,20929,0
2008,381,2,36,"H3","6404",6,26176,21607,1566197,0
2008,381,2,36,"H3","650510",8,100,100,20524,0
2008,381,1,36,"H3","650590",8,136,136,10799,0
2008,381,2,36,"H3","650590",8,1914,1914,230683,0
2008,381,2,36,"H3","640192",6,2151,3832,42433,0
2008,381,2,36,"H3","640199",6,10294,14766,562224,0
2008,381,2,36,"H3","640212",6,14060,41579,1157623,0
2008,381,2,36,"H3","640510",6,1313,954,142486,0
2008,381,1,36,"H3","640590",6,73,75,5679,0
2008,381,2,36,"H3","640590",6,14729,10037,777818,0
2008,381,2,36,"H3","6504",8,395,395,67862,0
2008,381,2,36,"H3","6406",8,38781,38781,456689,0
2008,381,1,36,"H3","6212",8,6,6,5265,0
2008,381,2,36,"H3","640610",8,4697,4697,37935,0
2008,381,2,36,"H3","6212",8,4385,4385,607978,0
2008,381,2,36,"H3","640620",8,15645,15645,151673,0
2008,381,2,36,"H3","640691",8,8,8,1542,0
2008,381,2,36,"H3","640699",8,18431,18431,265539,0
2008,381,1,36,"H3","65",1,,,49913,0
2008,381,2,36,"H3","680292",8,345629,345629,756028,0
2008,381,2,36,"H3","640320",6,22488,14822,1342495,0
2008,381,2,36,"H3","680221",8,7140275,7140275,13941187,0
2008,381,2,36,"H3","680291",8,6185938,6185938,10658225,0
2008,381,1,36,"H3","650610",5,380,418,22104,0
2008,381,2,36,"H3","650610",5,44142,40232,3508775,0
2008,381,1,36,"H3","650699",8,181,181,15513,0
2008,381,2,36,"H3","650699",8,19231,19231,189666,0
2008,381,2,36,"H3","6309",8,12996,12996,61784,0
2008,381,2,36,"H3","6507",8,471,471,74598,0
2008,381,2,36,"H3","630900",8,12996,12996,61784,0
2008,381,2,36,"H3","650700",8,471,471,74598,0
2008,381,2,36,"H3","640219",6,20497,25844,792673,0
2008,381,1,36,"H3","640399",6,155,169,28394,0
2008,381,2,36,"H3","640399",6,170326,130250,9867488,0
2008,381,2,36,"H3","680610",8,2380,2380,10040,0
2008,381,2,36,"H3","680690",8,4910,4910,103542,0
2008,381,2,36,"H3","6807",8,2119644,2119644,2261755,0
2008,381,2,36,"H3","680293",8,1646107,1646107,5075046,0
2008,381,2,36,"H3","680710",8,2078844,2078844,2207149,0
2008,381,2,36,"H3","680790",8,40800,40800,54607,0
2008,381,2,36,"H3","650400",8,395,395,67862,0
2008,381,1,36,"H3","640219",6,17,20,2201,0
2008,381,1,36,"H3","680299",8,120,120,28253,0
2008,381,2,36,"H3","680299",8,1309671,1309671,2611552,0
2008,381,2,36,"H3","6803",8,411917,411917,412185,0
2008,381,1,36,"H3","6815",8,250,250,55706,0
2008,381,2,36,"H3","6815",8,61976,61976,99880,0
2008,381,1,36,"H3","6804",8,2294,2294,148652,0
2008,381,2,36,"H3","6804",8,497531,497531,4033473,0
2008,381,2,36,"H3","680410",8,1145,1145,21768,0
2008,381,1,36,"H3","680421",8,13,13,4396,0
2008,381,1,36,"H3","6601",5,32,576,10724,0
2008,381,2,36,"H3","6601",5,6803,3775,86452,0
2008,381,2,36,"H3","680421",8,6867,6867,589323,0
2008,381,2,36,"H3","660191",5,150,129,8002,0
2008,381,1,36,"H3","660199",5,10,140,1703,0
2008,381,2,36,"H3","660199",5,6616,3625,76771,0
2008,381,1,36,"H3","67",1,,,5521,0
2008,381,2,36,"H3","67",1,,,619064,0
2008,381,2,36,"H3","6702",8,123,123,14729,0
2008,381,2,36,"H3","6703",8,669,669,367610,0
2008,381,2,36,"H3","670300",8,669,669,367610,0
2008,381,2,36,"H3","6704",8,341,341,236724,0
2008,381,2,36,"H3","670411",8,65,65,43905,0
2008,381,2,36,"H3","680300",8,411917,411917,412185,0
2008,381,2,36,"H3","6813",8,817,817,16887,0
2008,381,2,36,"H3","681320",8,7,7,3039,0
2008,381,1,36,"H3","650691",8,12,12,1498,0
2008,381,2,36,"H3","681591",8,56954,56954,46618,0
2008,381,2,36,"H3","680423",8,40,40,2425,0
2008,381,1,36,"H3","680430",8,48,48,2851,0
2008,381,1,36,"H3","660110",5,22,436,9021,0
2008,381,2,36,"H3","660110",5,37,21,1680,0
2008,381,2,36,"H3","6805",8,292166,292166,4844033,0
2008,381,2,36,"H3","680510",8,167712,167712,3311643,0
2008,381,2,36,"H3","680520",8,23272,23272,336752,0
2008,381,2,36,"H3","680530",8,101182,101182,1195638,0
2008,381,1,36,"H3","6602",1,,18,3034,0
2008,381,2,36,"H3","6602",1,,129,35704,0
2008,381,1,36,"H3","660200",1,,18,3034,0
2008,381,2,36,"H3","660200",5,10285,129,35704,2
2008,381,1,36,"H3","6701",8,100,100,5521,0
2008,381,1,36,"H3","670100",8,100,100,5521,0
2008,381,2,36,"H3","670210",8,27,27,2643,0
2008,381,2,36,"H3","670290",8,96,96,12086,0
2008,381,1,36,"H3","6402",6,17,20,2201,0
2008,381,2,36,"H3","6402",6,199197,161728,8481569,0
2008,381,2,36,"H3","640520",6,7751,2952,63752,0
2008,381,2,36,"H3","681389",8,810,810,13848,0
2008,381,2,36,"H3","680223",8,871815,871815,1550556,0
2008,381,1,36,"H3","6505",8,136,136,10799,0
2008,381,2,36,"H3","6505",8,2014,2014,251207,0
2008,381,2,36,"H3","6905",8,161960,161960,104815,0
2008,381,2,36,"H3","690510",8,145255,145255,34676,0
2008,381,2,36,"H3","690590",8,16705,16705,70139,0
2008,381,2,36,"H3","691010",1,,227389,2209330,0
2008,381,1,36,"H3","6907",2,1853,38460,66424,0
2008,381,1,36,"H3","691090",5,996,6317,31037,2
2008,381,2,36,"H3","6907",2,1140662,23924317,27746325,0
2008,381,2,36,"H3","691090",5,353363,613498,4994553,2
2008,381,1,36,"H3","681510",8,250,250,55706,0
2008,381,1,36,"H3","6911",8,2000,2000,11648,0
2008,381,2,36,"H3","681510",8,3697,3697,33612,0
2008,381,2,36,"H3","690710",2,3914,87240,79741,0
2008,381,1,36,"H3","690790",2,1853,38460,66424,0
2008,381,2,36,"H3","690790",2,1136748,23837077,27666584,0
2008,381,2,36,"H3","6911",8,70192,70192,624781,0
2008,381,1,36,"H3","66",1,,,13758,0
2008,381,1,36,"H3","6908",2,70,1400,4688,0
2008,381,2,36,"H3","66",1,,,122156,0
2008,381,2,36,"H3","6908",2,1834360,33181741,32239279,0
2008,381,2,36,"H3","690810",2,113452,1783316,1851507,0
2008,381,1,36,"H3","690890",2,70,1400,4688,0
2008,381,1,36,"H3","680422",8,2233,2233,141404,0
2008,381,2,36,"H3","680422",8,489479,489479,3419957,0
2008,381,2,36,"H3","690890",2,1720908,31398425,30387772,0
2008,381,1,36,"H3","6909",8,340,340,272827,0
2008,381,2,36,"H3","640411",6,7372,7863,620528,0
2008,381,2,36,"H3","6909",8,22076,22076,94285,0
2008,381,2,36,"H3","640419",6,11599,8031,425672,0
2008,381,1,36,"H3","640420",6,74,8,10654,0
2008,381,2,36,"H3","690912",8,21035,21035,74244,0
2008,381,2,36,"H3","640420",6,7205,5713,519997,0
2008,381,1,36,"H3","6405",6,73,75,5679,0
2008,381,2,36,"H3","6405",6,23793,13943,984057,0
2008,381,1,36,"H3","690919",8,325,325,259368,0
2008,381,2,36,"H3","6806",8,7290,7290,113582,0
2008,381,1,36,"H3","690990",8,15,15,13460,0
2008,381,2,36,"H3","690220",8,115536,115536,451696,0
2008,381,2,36,"H3","690290",8,81242,81242,313714,0
2008,381,2,36,"H3","6903",8,159079,159079,167173,0
2008,381,2,36,"H3","690990",8,1041,1041,20041,0
2008,381,2,36,"H3","690310",8,370,370,9289,0
2008,381,1,36,"H3","6910",1,,9817,79197,0
2008,381,2,36,"H3","6910",1,,840887,7203884,0
2008,381,1,36,"H3","691010",5,1326,3500,48160,2
2008,381,2,36,"H3","690320",8,158387,158387,145779,0
2008,381,2,36,"H3","670419",8,117,117,87122,0
2008,381,2,36,"H3","670420",8,159,159,105697,0
2008,381,2,36,"H3","6808",8,44564,44564,85463,0
2008,381,1,36,"H3","68",1,,,305924,0
2008,381,2,36,"H3","68",1,,,52515739,0
2008,381,2,36,"H3","6801",8,21000,21000,12130,0
2008,381,2,36,"H3","680100",8,21000,21000,12130,0
2008,381,2,36,"H3","6904",1,,358580,246981,0
2008,381,1,36,"H3","6802",8,120,120,28253,0
2008,381,2,36,"H3","6802",8,19183384,19183384,36922539,0
2008,381,2,36,"H3","680210",8,1650116,1650116,2255080,0
2008,381,2,36,"H3","690490",8,358580,358580,246981,0
2008,381,2,36,"H3","681099",8,230740,230740,287891,0
2008,381,2,36,"H3","680229",8,33833,33833,74865,0
2008,381,2,36,"H3","681599",8,1325,1325,19650,0
2008,381,1,36,"H3","69",1,,,438905,0
2008,381,2,36,"H3","69",1,,,73481172,0
2008,381,2,36,"H3","6901",8,207234,207234,333099,0
2008,381,2,36,"H3","690100",8,207234,207234,333099,0
2008,381,2,36,"H3","690210",8,24000,24000,51828,0
2008,381,1,36,"H3","6912",8,20,20,1540,0
2008,381,2,36,"H3","6912",8,612177,612177,1960844,0
2008,381,1,36,"H3","691200",8,20,20,1540,0
2008,381,2,36,"H3","691200",8,612177,612177,1960844,0
2008,381,2,36,"H3","680919",8,1166,1166,8958,0
2008,381,2,36,"H3","681091",8,17680,17680,50351,0
2008,381,2,36,"H3","6902",8,220778,220778,817238,0
2008,381,1,36,"H3","6913",8,3,3,2580,0
2008,381,2,36,"H3","6913",8,42401,42401,294097,0
2008,381,1,36,"H3","691310",8,3,3,2580,0
2008,381,2,36,"H3","691310",8,3151,3151,65019,0
2008,381,2,36,"H3","691390",8,39250,39250,229078,0
2008,381,2,36,"H3","690390",8,322,322,12104,0
2008,381,2,36,"H3","680990",8,419,419,8657,0
2008,381,2,36,"H3","700312",2,312,3470,9975,0
2008,381,2,36,"H3","700420",2,10,90,5807,0
2008,381,1,36,"H3","7007",1,,20,3133,0
2008,381,2,36,"H3","7007",1,,255948,3811896,0
2008,381,2,36,"H3","700991",8,3981,3981,62385,0
2008,381,1,36,"H3","700992",8,205,205,17449,0
2008,381,2,36,"H3","700992",8,2624,2624,86144,0
2008,381,1,36,"H3","7010",8,4026,4026,14350,6
2008,381,2,36,"H3","7010",8,3113793,3113793,5697972,0
2008,381,2,36,"H3","701010",8,71638,71638,70895,0
2008,381,2,36,"H3","691410",8,4757,4757,97694,0
2008,381,2,36,"H3","701322",8,182787,182787,667820,0
2008,381,2,36,"H3","691490",8,1506481,1506481,1550676,0
2008,381,1,36,"H3","70",1,,,259178,0
2008,381,2,36,"H3","701328",8,294328,294328,2190148,0
2008,381,2,36,"H3","701333",8,702,702,15619,0
2008,381,2,36,"H3","701337",8,692694,692694,3094885,0
2008,381,2,36,"H3","701341",8,239,239,95846,0
2008,381,2,36,"H3","70",1,,,30786496,0
2008,381,2,36,"H3","7001",8,22150,22150,31860,0
2008,381,2,36,"H3","700100",8,22150,22150,31860,0
2008,381,1,36,"H3","7017",8,127,127,159923,0
2008,381,1,36,"H3","6810",8,34860,34860,73314,0
2008,381,2,36,"H3","7017",8,6940,6940,156116,0
2008,381,2,36,"H3","6810",8,2598186,2598186,3696197,0
2008,381,1,36,"H3","681019",8,34860,34860,73314,0
2008,381,1,36,"H3","701790",8,113,113,140296,0
2008,381,2,36,"H3","681019",8,2249200,2249200,3309259,0
2008,381,2,36,"H3","701790",8,6940,6940,156116,0
2008,381,2,36,"H3","700220",8,3081,3081,42337,0
2008,381,2,36,"H3","700239",8,4369,4369,64754,0
2008,381,1,36,"H3","7018",8,14,14,18417,0
2008,381,2,36,"H3","7018",8,3575,3575,386795,0
2008,381,2,36,"H3","7003",1,,21020,72340,0
2008,381,2,36,"H3","701952",8,13485,13485,186968,0
2008,381,1,36,"H3","701090",8,4026,4026,14350,6
2008,381,2,36,"H3","701090",8,3039795,3039795,5609063,0
2008,381,1,36,"H3","701391",1,,10,4188,0
2008,381,2,36,"H3","701391",8,40967,40967,1007888,0
2008,381,1,36,"H3","7101",8,657,657,13851189,0
2008,381,2,36,"H3","7101",8,1,1,125970,0
2008,381,1,36,"H3","710121",8,1,1,582885,0
2008,381,2,36,"H3","700711",8,55,55,14645,0
2008,381,2,36,"H3","700719",2,641,8184,252496,0
2008,381,1,36,"H3","700721",8,20,20,3133,0
2008,381,1,36,"H3","701890",8,9,9,2471,0
2008,381,2,36,"H3","701890",8,3533,3533,312982,0
2008,381,1,36,"H3","7019",8,2525,2525,20332,0
2008,381,2,36,"H3","700721",8,105784,105784,3347476,0
2008,381,2,36,"H3","7019",8,74177,74177,577481,0
2008,381,2,36,"H3","700729",2,5569,141925,197278,0
2008,381,1,36,"H3","7009",8,205,205,17449,0
2008,381,2,36,"H3","7009",8,6837,6837,154725,6
2008,381,2,36,"H3","700910",8,232,232,6196,6
2008,381,1,36,"H3","710122",8,655,655,13254415,0
2008,381,2,36,"H3","701919",8,1515,1515,29370,0
2008,381,2,36,"H3","710122",8,1,1,125970,0
2008,381,2,36,"H3","701931",8,16427,16427,42132,0
2008,381,1,36,"H3","7102",13,37,,42159,0
2008,381,2,36,"H3","7102",13,4,0,191446,4
2008,381,2,36,"H3","701349",8,244240,244240,984372,0
2008,381,1,36,"H3","701399",8,773,773,2123,6
2008,381,2,36,"H3","701399",8,481364,481364,2489768,0
2008,381,1,36,"H3","71",1,,,39695247,0
2008,381,2,36,"H3","71",1,,,99138959,0
2008,381,2,36,"H3","681011",8,100566,100566,48696,0
2008,381,1,36,"H3","701720",8,14,14,19627,0
2008,381,2,36,"H3","701951",8,27415,27415,186606,0
2008,381,2,36,"H3","6809",8,1585,1585,17614,0
2008,381,2,36,"H3","700319",2,1951,17550,62365,0
2008,381,2,36,"H3","7004",2,10,90,5807,0
2008,381,2,36,"H3","7005",2,16943,233284,558841,0
2008,381,2,36,"H3","700510",2,50,602,3193,0
2008,381,2,36,"H3","700521",2,10976,191256,447167,0
2008,381,2,36,"H3","700529",2,5917,41426,108481,0
2008,381,2,36,"H3","7006",8,36897,36897,55138,0
2008,381,2,36,"H3","700600",8,36897,36897,55138,0
2008,381,1,36,"H3","710110",8,1,1,13889,0
2008,381,2,36,"H3","701810",8,42,42,73814,0
2008,381,2,36,"H3","7008",8,197959,197959,131049,0
2008,381,1,36,"H3","691110",8,2000,2000,11648,0
2008,381,2,36,"H3","691110",8,50165,50165,496177,0
2008,381,2,36,"H3","691190",8,20027,20027,128604,0
2008,381,2,36,"H3","701912",8,4981,4981,52018,0
2008,381,1,36,"H3","701939",8,2015,2015,6873,0
2008,381,2,36,"H3","701939",8,1000,1000,26428,0
2008,381,1,36,"H3","710239",13,37,,42159,0
2008,381,2,36,"H3","710239",13,4,0,191446,4
2008,381,2,36,"H3","701020",8,2360,2360,18013,0
2008,381,2,36,"H3","701110",8,350,350,11615,0
2008,381,1,36,"H3","7013",1,,783,6311,4
2008,381,2,36,"H3","7013",1,,1938659,10899210,0
2008,381,1,36,"H3","7103",1,,750,30567,0
2008,381,2,36,"H3","7103",1,,41,5616,0
2008,381,1,36,"H3","710310",8,750,750,2135,0
2008,381,2,36,"H3","710310",8,41,41,5616,0
2008,381,1,36,"H3","710391",13,50,0,9214,0
2008,381,1,36,"H3","710399",13,1530,0,19219,0
2008,381,2,36,"H3","7106",8,8,8,11185,0
2008,381,2,36,"H3","710691",8,7,7,7234,0
2008,381,2,36,"H3","701342",8,1338,1338,352864,0
2008,381,1,36,"H3","7108",8,754,754,21296029,0
2008,381,2,36,"H3","7108",8,10,10,131818,0
2008,381,2,36,"H3","701940",8,430,430,3770,0
2008,381,2,36,"H3","7002",8,7450,7450,107091,0
2008,381,1,36,"H3","701810",8,5,5,15946,0
2008,381,2,36,"H3","701959",8,3357,3357,18419,0
2008,381,1,36,"H3","711790",8,64,64,31146,0
2008,381,2,36,"H3","711790",8,6145,6145,780543,0
2008,381,2,36,"H3","680800",8,44564,44564,85463,0
2008,381,2,36,"H3","7204",8,541891,541891,382874,0
2008,381,1,36,"H3","7113",8,80,80,591856,0
2008,381,2,36,"H3","7113",8,16483,16483,95071976,0
2008,381,2,36,"H3","711419",8,52,52,175625,0
2008,381,1,36,"H3","7114",8,2,2,4602,0
2008,381,2,36,"H3","7114",8,1062,1062,531092,0
2008,381,1,36,"H3","7115",8,10,10,2802,6
2008,381,2,36,"H3","7115",8,5,5,109262,0
2008,381,2,36,"H3","700800",8,197959,197959,131049,0
2008,381,1,36,"H3","711311",8,56,56,168848,0
2008,381,2,36,"H3","711711",8,3916,3916,515539,0
2008,381,2,36,"H3","7020",8,31205,31205,468014,0
2008,381,2,36,"H3","702000",8,31205,31205,468014,0
2008,381,2,36,"H3","711311",8,8625,8625,9040957,0
2008,381,1,36,"H3","711319",8,24,24,423008,0
2008,381,2,36,"H3","6914",8,1511238,1511238,1648371,0
2008,381,2,36,"H3","711319",8,7085,7085,85755430,0
2008,381,2,36,"H3","710692",8,1,1,3951,0
2008,381,1,36,"H3","710812",8,754,754,21293209,0
2008,381,2,36,"H3","710813",8,10,10,131818,0
2008,381,1,36,"H3","7110",8,4,4,161450,0
2008,381,2,36,"H3","7110",8,3,3,99832,0
2008,381,1,36,"H3","7112",8,16484,16484,3416042,0
2008,381,1,36,"H3","711610",8,15,15,41653,0
2008,381,2,36,"H3","711610",8,0,0,4317,0
2008,381,1,36,"H3","711019",8,4,4,161450,0
2008,381,2,36,"H3","711019",8,3,3,99832,0
2008,381,1,36,"H3","711590",8,10,10,2802,6
2008,381,2,36,"H3","711590",8,5,5,109262,0
2008,381,1,36,"H3","711620",8,0,0,3010,0
2008,381,2,36,"H3","711620",8,58,58,80770,0
2008,381,1,36,"H3","7117",8,186,186,133264,0
2008,381,2,36,"H3","7117",8,21797,21797,2770503,0
2008,381,2,36,"H3","7212",8,63322,63322,176370,0
2008,381,2,36,"H3","721230",8,30174,30174,41180,0
2008,381,2,36,"H3","7213",8,2650,2650,39335,0
2008,381,1,36,"H3","7118",8,300,300,120624,0
2008,381,2,36,"H3","701610",8,789589,789589,6371387,0
2008,381,1,36,"H3","701690",8,1900,1900,19264,0
2008,381,2,36,"H3","701690",8,254048,254048,1289160,0
2008,381,2,36,"H3","721720",8,11858,11858,26478,0
2008,381,1,36,"H3","721730",8,6605,6605,53242,0
2008,381,2,36,"H3","721710",8,315666,315666,408876,0
2008,381,2,36,"H3","721730",8,467475,467475,727707,0
2008,381,2,36,"H3","7218",8,81113,81113,653288,0
2008,381,2,36,"H3","721891",8,42971,42971,375050,0
2008,381,1,36,"H3","7219",8,800,800,2238,0
2008,381,2,36,"H3","7219",8,200787,200787,1157588,0
2008,381,2,36,"H3","721220",8,2460,2460,4170,0
2008,381,2,36,"H3","721250",8,30688,30688,131020,0
2008,381,1,36,"H3","721710",8,10181,10181,13229,0
2008,381,2,36,"H3","711411",8,102,102,174017,0
2008,381,1,36,"H3","711420",8,2,2,4602,0
2008,381,2,36,"H3","711420",8,908,908,181449,0
2008,381,2,36,"H3","721790",8,43329,43329,58959,0
2008,381,1,36,"H3","7116",8,15,15,44663,0
2008,381,2,36,"H3","7116",8,58,58,85087,0
2008,381,2,36,"H3","721810",8,34689,34689,241926,0
2008,381,1,36,"H3","711719",8,122,122,102119,0
2008,381,2,36,"H3","711719",8,11736,11736,1474421,0
2008,381,1,36,"H3","701990",8,510,510,13458,0
2008,381,2,36,"H3","701990",8,5567,5567,31770,0
2008,381,2,36,"H3","721899",8,3453,3453,36312,0
2008,381,2,36,"H3","7011",8,350,350,11615,0
2008,381,2,36,"H3","721391",8,2650,2650,39335,0
2008,381,2,36,"H3","7214",8,23573,23573,80955,0
2008,381,2,36,"H3","721491",8,22479,22479,70669,0
2008,381,2,36,"H3","711320",8,773,773,275589,0
2008,381,1,36,"H3","7016",8,1900,1900,19264,0
2008,381,1,36,"H3","711810",8,300,300,120624,0
2008,381,2,36,"H3","7016",8,1043637,1043637,7660547,0
2008,381,1,36,"H3","710811",8,0,0,2821,0
2008,381,1,36,"H3","72",1,,,109910251,0
2008,381,2,36,"H3","7109",8,4,4,5171,0
2008,381,2,36,"H3","72",1,,,28567207,0
2008,381,2,36,"H3","710900",8,4,4,5171,0
2008,381,2,36,"H3","720430",8,55120,55120,51794,0
2008,381,1,36,"H3","711299",8,16484,16484,3416042,0
2008,381,2,36,"H3","722300",8,105514,105514,1212903,0
2008,381,1,36,"H3","7302",8,381980,381980,756736,0
2008,381,2,36,"H3","721934",8,17977,17977,161381,0
2008,381,1,36,"H3","721990",8,800,800,2238,0
2008,381,2,36,"H3","722090",8,2064,2064,2029,0
2008,381,2,36,"H3","7221",8,57594,57594,450949,0
2008,381,2,36,"H3","721990",8,1583,1583,65006,0
2008,381,2,36,"H3","7302",8,18458,18458,52469,0
2008,381,2,36,"H3","722211",8,75584,75584,687842,0
2008,381,2,36,"H3","722220",8,1540328,1540328,9993031,0
2008,381,2,36,"H3","722850",8,587075,587075,1029856,0
2008,381,2,36,"H3","722870",8,6565,6565,124805,0
2008,381,2,36,"H3","720852",8,1,1,2293,0
2008,381,2,36,"H3","730210",8,12165,12165,28984,0
2008,381,2,36,"H3","7229",8,494835,494835,1326233,0
2008,381,1,36,"H3","730290",8,381980,381980,756736,0
2008,381,2,36,"H3","730290",8,6293,6293,23485,0
2008,381,2,36,"H3","720890",8,314,314,12773,0
2008,381,2,36,"H3","722920",8,15360,15360,26532,0
2008,381,1,36,"H3","7304",8,343,343,21471,0
2008,381,2,36,"H3","722100",8,57594,57594,450949,0
2008,381,2,36,"H3","7222",8,2559955,2559955,16804294,0
2008,381,2,36,"H3","7304",8,2908054,2908054,11197360,0
2008,381,2,36,"H3","7209",8,83530,83530,94687,0
2008,381,2,36,"H3","722990",8,479475,479475,1299701,0
2008,381,2,36,"H3","7220",8,59726,59726,466658,0
2008,381,2,36,"H3","722020",8,57662,57662,464629,0
2008,381,2,36,"H3","722219",8,592986,592986,3858231,0
2008,381,2,36,"H3","720926",8,83530,83530,94687,0
2008,381,1,36,"H3","7210",8,9398557,9398557,11639693,0
2008,381,2,36,"H3","7210",8,63580,63580,82852,0
2008,381,2,36,"H3","721012",8,63580,63580,82852,0
2008,381,2,36,"H3","722240",8,351057,351057,2265190,0
2008,381,1,36,"H3","721049",8,66590,66590,63554,0
2008,381,1,36,"H3","721050",8,13841,13841,53508,0
2008,381,2,36,"H3","721650",8,202468,202468,804144,0
2008,381,1,36,"H3","721070",8,9318126,9318126,11522632,0
2008,381,1,36,"H3","7211",8,330,330,3304,0
2008,381,2,36,"H3","7211",8,100304,100304,219203,0
2008,381,2,36,"H3","721912",8,71120,71120,224120,0
2008,381,2,36,"H3","721129",8,100304,100304,219203,0
2008,381,2,36,"H3","721913",8,20214,20214,158061,0
2008,381,2,36,"H3","7223",8,105514,105514,1212903,0
2008,381,2,36,"H3","7226",8,41206,41206,194687,0
2008,381,2,36,"H3","721499",8,1094,1094,10286,0
2008,381,2,36,"H3","7215",8,509344,509344,1203111,0
2008,381,2,36,"H3","721661",8,13632,13632,38223,0
2008,381,2,36,"H3","721921",8,4473,4473,24566,0
2008,381,2,36,"H3","721669",8,262,262,4402,0
2008,381,2,36,"H3","722611",8,36756,36756,184142,0
2008,381,2,36,"H3","721922",8,77029,77029,475180,0
2008,381,2,36,"H3","721550",8,357877,357877,715704,0
2008,381,2,36,"H3","721590",8,151467,151467,487407,0
2008,381,2,36,"H3","722619",8,4450,4450,10545,0
2008,381,2,36,"H3","7228",8,603320,603320,1169153,0
2008,381,2,36,"H3","721699",8,25894,25894,52205,0
2008,381,2,36,"H3","722830",8,9680,9680,14493,0
2008,381,2,36,"H3","720449",8,486771,486771,331080,0
2008,381,2,36,"H3","7216",8,267205,267205,975322,0
2008,381,2,36,"H3","721933",8,7374,7374,39085,0
2008,381,1,36,"H3","7217",8,16786,16786,66471,0
2008,381,2,36,"H3","721935",8,1017,1017,10189,0
2008,381,2,36,"H3","721610",8,2200,2200,5882,0
2008,381,2,36,"H3","7217",8,838328,838328,1222019,0
2008,381,2,36,"H3","721632",8,22749,22749,70466,0
2008,381,2,36,"H3","730719",8,120884,120884,1464437,0
2008,381,1,36,"H3","7208",8,141054337,141054337,98198545,0
2008,381,2,36,"H3","7208",8,315,315,15067,0
2008,381,1,36,"H3","720837",8,23523090,23523090,16349900,0
2008,381,2,36,"H3","730711",8,43748,43748,811334,0
2008,381,1,36,"H3","73",1,,,2291440,0
2008,381,1,36,"H3","730431",8,343,343,21471,0
2008,381,2,36,"H3","730431",8,348577,348577,1024880,0
2008,381,2,36,"H3","730439",8,56020,56020,551678,0
2008,381,2,36,"H3","73",1,,,169826993,0
2008,381,2,36,"H3","730449",8,14310,14310,376879,0
2008,381,2,36,"H3","730120",8,21480,21480,30822,0
2008,381,2,36,"H3","730619",8,4311,4311,89083,0
2008,381,2,36,"H3","730451",8,116120,116120,225612,0
2008,381,1,36,"H3","730519",8,2400,2400,5685,0
2008,381,2,36,"H3","730519",8,3105,3105,30271,0
2008,381,2,36,"H3","730630",8,1434097,1434097,3713679,0
2008,381,2,36,"H3","730640",8,256883,256883,4283009,0
2008,381,2,36,"H3","730650",8,18599,18599,241774,0
2008,381,1,36,"H3","730590",8,442,442,3550,0
2008,381,2,36,"H3","730669",8,97800,97800,172373,0
2008,381,2,36,"H3","730690",8,109107,109107,1778453,0
2008,381,2,36,"H3","7306",8,1979594,1979594,11181093,0
2008,381,2,36,"H3","720711",8,31834,31834,639660,0
2008,381,1,36,"H3","730721",8,1140,1140,33884,0
2008,381,1,36,"H3","720836",8,439640,439640,303395,0
2008,381,1,36,"H3","720839",8,78013494,78013494,54016686,0
2008,381,2,36,"H3","730721",8,185471,185471,2236065,0
2008,381,2,36,"H3","730722",8,19551,19551,233306,0
2008,381,2,36,"H3","7307",8,1594541,1594541,23904914,0
2008,381,2,36,"H3","730441",8,1029,1029,28194,0
2008,381,2,36,"H3","7301",8,21480,21480,30822,0
2008,381,2,36,"H3","730459",8,702140,702140,1504685,0
2008,381,2,36,"H3","730490",8,191929,191929,646575,0
2008,381,1,36,"H3","7305",8,34142,34142,78595,0
2008,381,2,36,"H3","7305",8,9077553,9077553,13916498,0
2008,381,1,36,"H3","730520",8,280,280,1730,0
2008,381,2,36,"H3","730520",8,3356,3356,39192,0
2008,381,1,36,"H3","7307",8,1842,1842,110673,0
2008,381,1,36,"H3","730512",8,31020,31020,67630,0
2008,381,2,36,"H3","731582",8,3042,3042,24419,0
2008,381,1,36,"H3","731021",8,195,195,1577,0
2008,381,2,36,"H3","731021",8,31508,31508,142962,0
2008,381,1,36,"H3","7312",8,10,10,5446,0
2008,381,2,36,"H3","7312",8,182053,182053,1447028,0
2008,381,1,36,"H3","731582",8,21609,21609,197654,0
2008,381,1,36,"H3","7308",8,17663,17663,52141,0
2008,381,2,36,"H3","7308",8,1279442,1279442,3833376,0
2008,381,2,36,"H3","730830",8,28186,28186,159873,0
2008,381,2,36,"H3","7207",8,31834,31834,639660,0
2008,381,1,36,"H3","731589",8,2300,2300,7753,0
2008,381,2,36,"H3","731589",8,80878,80878,787643,0
2008,381,1,36,"H3","720838",8,39078113,39078113,27528565,0
2008,381,1,36,"H3","730723",8,64,64,9764,0
2008,381,2,36,"H3","730723",8,47897,47897,1629316,0
2008,381,1,36,"H3","730729",8,26,26,12511,0
2008,381,2,36,"H3","730729",8,3172,3172,157076,0
2008,381,1,36,"H3","730791",8,470,470,52536,0
2008,381,2,36,"H3","730791",8,465843,465843,6275943,0
2008,381,2,36,"H3","730792",8,3476,3476,83080,0
2008,381,2,36,"H3","730793",8,125837,125837,2272052,0
2008,381,1,36,"H3","730799",8,142,142,1978,0
2008,381,2,36,"H3","730411",8,38118,38118,487965,0
2008,381,2,36,"H3","730799",8,578662,578662,8742305,0
2008,381,2,36,"H3","730810",8,20865,20865,126992,0
2008,381,1,36,"H3","730840",8,16293,16293,43810,0
2008,381,2,36,"H3","730840",8,129834,129834,647966,0
2008,381,2,36,"H3","730419",8,483265,483265,3401160,0
2008,381,1,36,"H3","730890",8,1370,1370,8331,0
2008,381,2,36,"H3","730890",8,1100557,1100557,2898545,0
2008,381,2,36,"H3","7309",8,190363,190363,2266709,0
2008,381,2,36,"H3","730900",8,190363,190363,2266709,0
2008,381,2,36,"H3","730429",8,956546,956546,2949732,0
2008,381,1,36,"H3","7310",8,3307,3307,13798,0
2008,381,2,36,"H3","7310",8,223907,223907,1445595,0
2008,381,1,36,"H3","7318",8,21103,21103,124012,0
2008,381,1,36,"H3","731010",8,662,662,7016,0
2008,381,2,36,"H3","7318",8,290337,290337,2879591,0
2008,381,2,36,"H3","731010",8,104053,104053,658004,0
2008,381,2,36,"H3","731811",8,270,270,4255,0
2008,381,2,36,"H3","731812",8,12075,12075,60665,0
2008,381,1,36,"H3","731813",8,6,6,2470,0
2008,381,1,36,"H3","721119",8,330,330,3304,0
2008,381,1,36,"H3","731029",8,2450,2450,5205,0
2008,381,2,36,"H3","731029",8,88346,88346,644630,0
2008,381,2,36,"H3","7311",8,1199401,1199401,7052964,0
2008,381,2,36,"H3","731814",8,7647,7647,72347,0
2008,381,2,36,"H3","730611",8,58797,58797,902722,0
2008,381,1,36,"H3","731815",8,20075,20075,85966,0
2008,381,2,36,"H3","731100",8,1199401,1199401,7052964,0
2008,381,2,36,"H3","731815",8,193268,193268,2136268,0
2008,381,1,36,"H3","731210",8,10,10,5446,0
2008,381,2,36,"H3","731210",8,177453,177453,1402430,0
2008,381,2,36,"H3","731290",8,4600,4600,44598,0
2008,381,2,36,"H3","7314",8,178656,178656,567950,0
2008,381,2,36,"H3","731414",8,422,422,36707,0
2008,381,2,36,"H3","731419",8,46078,46078,116116,0
2008,381,2,36,"H3","730511",8,38,38,3480,0
2008,381,1,36,"H3","731816",8,889,889,31107,0
2008,381,2,36,"H3","731816",8,16118,16118,113081,0
2008,381,2,36,"H3","731511",8,49814,49814,330298,0
2008,381,1,36,"H3","731819",8,8,8,2555,0
2008,381,2,36,"H3","730531",8,9071054,9071054,13843554,0
2008,381,2,36,"H3","731512",8,57531,57531,401952,0
2008,381,2,36,"H3","731519",8,11712,11712,77693,0
2008,381,2,36,"H3","731819",8,28096,28096,147187,0
2008,381,2,36,"H3","731821",8,17224,17224,201590,0
2008,381,2,36,"H3","731822",8,312,312,16918,0
2008,381,2,36,"H3","731520",8,24090,24090,122639,0
2008,381,2,36,"H3","731824",8,10337,10337,82852,0
2008,381,1,36,"H3","731829",8,125,125,1915,0
2008,381,2,36,"H3","731829",8,4990,4990,44426,0
2008,381,2,36,"H3","731581",8,411,411,2715,0
2008,381,2,36,"H3","732182",5,2007,11323,137180,0
2008,381,2,36,"H3","731590",8,25411,25411,182897,0
2008,381,1,36,"H3","732020",8,14779,14779,173356,0
2008,381,2,36,"H3","732020",8,2572,2572,54299,0
2008,381,2,36,"H3","732219",8,139252,139252,361169,0
2008,381,2,36,"H3","7323",8,404624,404624,5000240,0
2008,381,1,36,"H3","7321",1,,10175,335232,0
2008,381,2,36,"H3","7321",1,,6064240,68130890,0
2008,381,1,36,"H3","7315",8,23909,23909,205406,0
2008,381,2,36,"H3","7315",8,252889,252889,1930255,0
2008,381,2,36,"H3","731700",8,26582,26582,227627,0
2008,381,2,36,"H3","732310",8,2770,2770,26397,0
2008,381,1,36,"H3","7320",8,16486,16486,189309,0
2008,381,2,36,"H3","7320",8,31592,31592,241935,0
2008,381,2,36,"H3","732391",8,3366,3366,64708,0
2008,381,2,36,"H3","732393",8,226184,226184,3921463,0
2008,381,2,36,"H3","732290",8,156040,156040,547875,0
2008,381,1,36,"H3","732090",8,482,482,2619,0
2008,381,2,36,"H3","7317",8,26582,26582,227627,0
2008,381,2,36,"H3","732090",8,27700,27700,181435,0
2008,381,2,36,"H3","732189",5,996,10034,129421,0
2008,381,2,36,"H3","7322",8,343307,343307,1006532,0
2008,381,2,36,"H3","732112",5,9898,301300,3022078,0
2008,381,2,36,"H3","731439",8,40432,40432,105399,0
2008,381,2,36,"H3","731441",8,6050,6050,42261,0
2008,381,2,36,"H3","731449",8,26029,26029,87882,0
2008,381,2,36,"H3","731450",8,9350,9350,53804,0
2008,381,2,36,"H3","732211",8,48015,48015,97487,0
2008,381,2,36,"H3","7503",8,10017,10017,125785,0
2008,381,2,36,"H3","750300",8,10017,10017,125785,0
2008,381,2,36,"H3","7415",8,2152,2152,143015,0
2008,381,1,36,"H3","732119",5,256,4348,102567,0
2008,381,2,36,"H3","732119",5,635,17980,176229,0
2008,381,1,36,"H3","750220",8,100279,100279,3462703,0
2008,381,2,36,"H3","750220",8,9872,9872,129450,0
2008,381,1,36,"H3","7502",8,3087103,3087103,75506619,0
2008,381,2,36,"H3","750522",8,4826,4826,149716,0
2008,381,1,36,"H3","732010",8,1225,1225,13334,0
2008,381,2,36,"H3","7502",8,9872,9872,129450,0
2008,381,2,36,"H3","732010",8,1320,1320,6202,0
2008,381,1,36,"H3","750210",8,2986824,2986824,72043915,0
2008,381,2,36,"H3","750512",8,2799,2799,91456,0
2008,381,2,36,"H3","740729",8,8065,8065,95893,0
2008,381,2,36,"H3","7408",8,1117,1117,19690,0
2008,381,2,36,"H3","740821",8,317,317,6705,0
2008,381,2,36,"H3","740829",8,800,800,12985,0
2008,381,2,36,"H3","7504",8,960,960,38394,0
2008,381,1,36,"H3","7412",8,7500,7500,134026,0
2008,381,2,36,"H3","7412",8,639957,639957,11123030,0
2008,381,1,36,"H3","741220",8,7500,7500,134026,0
2008,381,2,36,"H3","731420",8,50295,50295,125781,0
2008,381,2,36,"H3","750400",8,960,960,38394,0
2008,381,2,36,"H3","741220",8,639957,639957,11123030,0
2008,381,2,36,"H3","7505",8,7625,7625,241172,0
2008,381,2,36,"H3","741529",8,2,2,2188,0
2008,381,2,36,"H3","741539",8,2150,2150,140827,0
2008,381,2,36,"H3","7418",8,13613,13613,403781,0
2008,381,2,36,"H3","741811",8,3275,3275,38753,0
2008,381,2,36,"H3","7606",8,3637262,3637262,16552685,0
2008,381,2,36,"H3","760611",8,23213,23213,233464,0
2008,381,2,36,"H3","7324",8,149516,149516,3225263,0
2008,381,2,36,"H3","732429",8,237,237,10763,0
2008,381,1,36,"H3","732599",8,64618,64618,137938,0
2008,381,2,36,"H3","732599",8,36738,36738,563234,0
2008,381,1,36,"H3","7326",8,14566,14566,200937,0
2008,381,1,36,"H3","750890",8,10,10,3220,0
2008,381,2,36,"H3","760421",8,33368,33368,182614,0
2008,381,2,36,"H3","7326",8,1387948,1387948,9610535,0
2008,381,2,36,"H3","750890",8,55,55,5885,0
2008,381,1,36,"H3","7403",8,130859,130859,1179603,0
2008,381,2,36,"H3","7403",8,2493,2493,100472,0
2008,381,2,36,"H3","7405",8,358,358,10316,0
2008,381,1,36,"H3","76",1,,,6215446,0
2008,381,2,36,"H3","76",1,,,35067158,0
2008,381,1,36,"H3","760429",8,1500,1500,28187,0
2008,381,2,36,"H3","7407",8,8065,8065,95893,0
2008,381,1,36,"H3","7601",8,730637,730637,1944211,0
2008,381,2,36,"H3","760429",8,62636,62636,339155,0
2008,381,1,36,"H3","7419",8,180,180,17402,0
2008,381,2,36,"H3","7419",8,7714,7714,212611,0
2008,381,2,36,"H3","7507",8,3727,3727,257555,0
2008,381,2,36,"H3","750720",8,201,201,32446,0
2008,381,2,36,"H3","760612",8,3611178,3611178,16267969,0
2008,381,2,36,"H3","732394",8,16454,16454,189230,0
2008,381,2,36,"H3","732399",8,155850,155850,798442,0
2008,381,2,36,"H3","732490",8,59008,59008,1353963,0
2008,381,1,36,"H3","732510",8,44912,44912,59747,0
2008,381,2,36,"H3","732510",8,14352,14352,114112,0
2008,381,2,36,"H3","740500",8,358,358,10316,0
2008,381,2,36,"H3","7406",8,16000,16000,153251,0
2008,381,1,36,"H3","732190",8,5362,5362,225216,0
2008,381,1,36,"H3","732111",5,35,350,2085,0
2008,381,2,36,"H3","732190",8,225230,225230,3186364,0
2008,381,2,36,"H3","741012",8,7,7,3493,0
2008,381,2,36,"H3","732111",5,186392,4627000,51949726,0
2008,381,2,36,"H3","7411",8,572,572,18963,0
2008,381,2,36,"H3","741122",8,572,572,18963,0
2008,381,1,36,"H3","760120",8,730637,730637,1944211,0
2008,381,2,36,"H3","760820",8,65614,65614,563511,0
2008,381,1,36,"H3","7602",8,1626125,1626125,4012748,0
2008,381,1,36,"H3","760200",8,1626125,1626125,4012748,0
2008,381,1,36,"H3","7604",8,1500,1500,28187,0
2008,381,2,36,"H3","7604",8,97014,97014,566739,0
2008,381,1,36,"H3","7605",8,486,486,3230,0
2008,381,2,36,"H3","7605",8,526083,526083,4016666,0
2008,381,2,36,"H3","741819",8,1763,1763,91789,0
2008,381,2,36,"H3","741820",8,8575,8575,273239,0
2008,381,2,36,"H3","741910",8,16,16,6826,0
2008,381,1,36,"H3","741999",8,180,180,17402,0
2008,381,2,36,"H3","741999",8,7698,7698,205785,0
2008,381,1,36,"H3","75",1,,,75509839,0
2008,381,2,36,"H3","75",1,,,798241,0
2008,381,2,36,"H3","760410",8,1010,1010,44970,0
2008,381,1,36,"H3","74",1,,,1331032,0
2008,381,2,36,"H3","74",1,,,17475144,0
2008,381,2,36,"H3","740321",8,2416,2416,91055,0
2008,381,2,36,"H3","740322",8,77,77,9417,0
2008,381,1,36,"H3","740329",8,130859,130859,1179603,0
2008,381,2,36,"H3","760810",8,15779,15779,160040,0
2008,381,2,36,"H3","7609",8,346,346,6865,0
2008,381,1,36,"H3","7612",8,554,554,4851,0
2008,381,2,36,"H3","7612",8,3162,3162,34338,0
2008,381,2,36,"H3","750711",8,3526,3526,225109,0
2008,381,1,36,"H3","7508",8,10,10,3220,0
2008,381,1,36,"H3","7607",8,189,189,7785,0
2008,381,2,36,"H3","7607",8,905879,905879,5491140,0
2008,381,1,36,"H3","760529",8,486,486,3230,0
2008,381,1,36,"H3","7325",8,109530,109530,197684,0
2008,381,2,36,"H3","7325",8,51090,51090,677346,0
2008,381,2,36,"H3","760529",8,526083,526083,4016666,0
2008,381,2,36,"H3","7508",8,55,55,5885,0
2008,381,1,36,"H3","7616",8,9907,9907,171897,0
2008,381,2,36,"H3","732620",8,22178,22178,450052,0
2008,381,1,36,"H3","732690",8,14566,14566,200937,0
2008,381,2,36,"H3","732690",8,1107751,1107751,7911448,0
2008,381,2,36,"H3","7616",8,257882,257882,2871396,0
2008,381,2,36,"H3","761610",8,71973,71973,711258,0
2008,381,2,36,"H3","740610",8,16000,16000,153251,0
2008,381,2,36,"H3","760719",8,697856,697856,3782699,0
2008,381,2,36,"H3","740911",8,49016,49016,442677,0
2008,381,2,36,"H3","7608",8,81393,81393,723552,0
2008,381,2,36,"H3","7410",8,7,7,3493,0
2008,381,2,36,"H3","760692",8,2871,2871,51252,0
2008,381,2,36,"H3","732410",8,90271,90271,1860536,0
2008,381,2,36,"H3","761520",8,2332,2332,45484,0
2008,381,2,36,"H3","732619",8,258019,258019,1249035,0
2008,381,1,36,"H3","760711",8,177,177,6045,0
2008,381,2,36,"H3","761691",8,3205,3205,96304,0
2008,381,1,36,"H3","761699",8,9907,9907,171897,0
2008,381,2,36,"H3","761699",8,182704,182704,2063834,0
2008,381,2,36,"H3","78",1,,,86411,0
2008,381,2,36,"H3","760711",8,85209,85209,545893,0
2008,381,1,36,"H3","760720",8,12,12,1740,0
2008,381,2,36,"H3","760720",8,122814,122814,1162548,0
2008,381,2,36,"H3","7409",8,611976,611976,5190629,0
2008,381,2,36,"H3","740919",8,248199,248199,2269349,0
2008,381,2,36,"H3","740929",8,314415,314415,2461948,0
2008,381,2,36,"H3","740939",8,346,346,16655,0
2008,381,2,36,"H3","732181",5,21667,871373,9529892,0
2008,381,2,36,"H3","760900",8,346,346,6865,0
2008,381,1,36,"H3","7610",8,1790,1790,42537,6
2008,381,2,36,"H3","7610",8,325495,325495,2823448,0
2008,381,1,36,"H3","761010",8,1790,1790,42537,6
2008,381,2,36,"H3","761010",8,36729,36729,412452,0
2008,381,2,36,"H3","761090",8,288766,288766,2410995,0
2008,381,2,36,"H3","7611",8,16195,16195,232888,0
2008,381,2,36,"H3","761100",8,16195,16195,232888,0
2008,381,1,36,"H3","732181",5,1,115,5364,0
2008,381,2,36,"H3","820530",8,10856,10856,189177,0
2008,381,1,36,"H3","820551",8,640,640,10162,0
2008,381,2,36,"H3","820551",8,12111,12111,312820,0
2008,381,1,36,"H3","820559",8,300,300,15220,0
2008,381,2,36,"H3","820559",8,62232,62232,1402734,0
2008,381,1,36,"H3","820570",8,300,300,23259,0
2008,381,2,36,"H3","80",1,,,287422,0
2008,381,1,36,"H3","761290",8,554,554,4851,0
2008,381,2,36,"H3","761290",8,3162,3162,34338,0
2008,381,2,36,"H3","820570",8,3035,3035,248950,0
2008,381,2,36,"H3","7613",8,7300,7300,26721,0
2008,381,1,36,"H3","820750",8,412,412,113858,0
2008,381,2,36,"H3","820750",8,24151,24151,952339,0
2008,381,2,36,"H3","820720",8,49,49,11781,0
2008,381,2,36,"H3","810890",8,18134,18134,1075374,0
2008,381,1,36,"H3","82",1,,,1129057,0
2008,381,2,36,"H3","82",1,,,12934646,0
2008,381,2,36,"H3","820190",8,12415,12415,49865,0
2008,381,2,36,"H3","820210",8,858,858,5381,0
2008,381,2,36,"H3","820299",8,6566,6566,56913,0
2008,381,2,36,"H3","820310",8,1296,1296,47681,0
2008,381,2,36,"H3","820320",8,5830,5830,398686,0
2008,381,2,36,"H3","8202",8,23016,23016,702492,0
2008,381,1,36,"H3","7901",8,198732,198732,432368,0
2008,381,1,36,"H3","790111",8,198732,198732,432368,0
2008,381,2,36,"H3","7907",8,3632,3632,45887,0
2008,381,2,36,"H3","820730",8,40913,40913,750299,0
2008,381,2,36,"H3","790700",8,3632,3632,45887,0
2008,381,1,36,"H3","820740",8,200,200,42675,0
2008,381,2,36,"H3","800700",8,7259,7259,287422,0
2008,381,2,36,"H3","761300",8,7300,7300,26721,0
2008,381,1,36,"H3","8206",8,500,500,2630,0
2008,381,2,36,"H3","761519",8,105027,105027,1675236,0
2008,381,2,36,"H3","820740",8,1257,1257,157251,0
2008,381,2,36,"H3","8206",8,8396,8396,207846,0
2008,381,1,36,"H3","820600",8,500,500,2630,0
2008,381,2,36,"H3","820600",8,8396,8396,207846,0
2008,381,1,36,"H3","8207",8,5519,5519,910551,0
2008,381,2,36,"H3","8207",8,184947,184947,6432865,0
2008,381,2,36,"H3","820411",8,182,182,7094,0
2008,381,2,36,"H3","820760",8,2148,2148,66426,0
2008,381,1,36,"H3","810411",8,64,64,3051,0
2008,381,1,36,"H3","820719",8,280,280,52932,0
2008,381,2,36,"H3","820719",8,37164,37164,1992390,0
2008,381,2,36,"H3","7806",8,525,525,23487,0
2008,381,1,36,"H3","820730",8,32,32,1609,0
2008,381,2,36,"H3","8109",8,4200,4200,51240,0
2008,381,2,36,"H3","8201",8,26957,26957,220461,6
2008,381,2,36,"H3","820520",8,10610,10610,206412,0
2008,381,2,36,"H3","820160",8,13597,13597,130027,0
2008,381,2,36,"H3","780600",8,525,525,23487,0
2008,381,2,36,"H3","820220",8,269,269,17074,0
2008,381,2,36,"H3","820231",8,9177,9177,400049,0
2008,381,2,36,"H3","820239",8,6146,6146,223075,0
2008,381,1,36,"H3","79",1,,,432368,0
2008,381,2,36,"H3","79",1,,,45887,0
2008,381,2,36,"H3","820330",8,1483,1483,22284,0
2008,381,2,36,"H3","820340",8,10930,10930,28238,0
2008,381,2,36,"H3","821192",1,,2013,47573,0
2008,381,1,36,"H3","821191",1,,150,7198,0
2008,381,2,36,"H3","821191",1,,2382,42801,0
2008,381,2,36,"H3","820820",8,768,768,50621,0
2008,381,2,36,"H3","810990",8,4200,4200,51240,0
2008,381,2,36,"H3","8007",8,7259,7259,287422,0
2008,381,2,36,"H3","821420",8,1406,1406,89810,0
2008,381,2,36,"H3","7615",8,107359,107359,1720719,0
2008,381,2,36,"H3","820780",8,458,458,46429,0
2008,381,2,36,"H3","7804",8,29314,29314,62924,0
2008,381,2,36,"H3","780419",8,29314,29314,62924,0
2008,381,2,36,"H3","8108",8,18134,18134,1075374,0
2008,381,2,36,"H3","830110",8,2379,2379,299571,0
2008,381,2,36,"H3","820560",8,13415,13415,502414,0
2008,381,2,36,"H3","8308",8,43811,43811,828606,0
2008,381,2,36,"H3","8213",8,6269,6269,294136,0
2008,381,2,36,"H3","830910",8,102316,102316,354571,0
2008,381,2,36,"H3","8310",8,1261,1261,26385,0
2008,381,1,36,"H3","820790",8,3337,3337,301430,0
2008,381,2,36,"H3","820790",8,76694,76694,2309176,0
2008,381,2,36,"H3","830810",8,5556,5556,95587,0
2008,381,2,36,"H3","830140",8,20951,20951,803795,0
2008,381,2,36,"H3","821193",1,,104,6768,0
2008,381,2,36,"H3","830160",8,14734,14734,397781,0
2008,381,1,36,"H3","830170",8,8,8,1882,0
2008,381,2,36,"H3","830170",8,102178,102178,3595556,0
2008,381,1,36,"H3","821194",8,13,13,2360,0
2008,381,2,36,"H3","821194",8,1681,1681,184809,0
2008,381,1,36,"H3","8214",8,100,100,6010,0
2008,381,1,36,"H3","8309",8,4,4,9052,0
2008,381,2,36,"H3","8214",8,3597,3597,215455,0
2008,381,1,36,"H3","81",1,,,3051,0
2008,381,2,36,"H3","8309",8,508019,508019,2882876,0
2008,381,1,36,"H3","821490",8,100,100,6010,0
2008,381,2,36,"H3","821490",8,2191,2191,125645,0
2008,381,1,36,"H3","820770",8,881,881,381639,0
2008,381,2,36,"H3","81",1,,,1126615,0
2008,381,2,36,"H3","820770",8,503,503,70139,0
2008,381,2,36,"H3","830820",8,1131,1131,20104,0
2008,381,2,36,"H3","8215",8,24243,24243,376844,0
2008,381,2,36,"H3","820120",8,210,210,7387,6
2008,381,2,36,"H3","830120",8,174,174,12168,0
2008,381,1,36,"H3","8301",8,8,8,1882,0
2008,381,2,36,"H3","8203",8,19539,19539,496890,0
2008,381,2,36,"H3","8301",8,144187,144187,5144592,0
2008,381,2,36,"H3","821110",5,1455,391,3524,2
2008,381,2,36,"H3","831110",8,135584,135584,829280,0
2008,381,2,36,"H3","821300",8,6269,6269,294136,0
2008,381,1,36,"H3","820590",8,1283,1283,26108,0
2008,381,2,36,"H3","820590",8,20319,20319,338254,0
2008,381,1,36,"H3","830242",8,29,29,3873,0
2008,381,2,36,"H3","830242",8,392765,392765,3218669,0
2008,381,2,36,"H3","8204",8,3229,3229,23540,0
2008,381,2,36,"H3","820412",8,3047,3047,16445,0
2008,381,1,36,"H3","8205",8,2523,2523,74750,0
2008,381,2,36,"H3","8205",8,132843,132843,3230192,0
2008,381,2,36,"H3","830260",8,400938,400938,7793794,0
2008,381,2,36,"H3","821510",8,6200,6200,75911,0
2008,381,2,36,"H3","821599",8,11335,11335,146909,0
2008,381,2,36,"H3","820510",8,265,265,29432,0
2008,381,2,36,"H3","820150",8,735,735,33183,0
2008,381,2,36,"H3","8305",8,84500,84500,426005,0
2008,381,2,36,"H3","821520",8,6708,6708,154025,0
2008,381,2,36,"H3","830150",8,3771,3771,35721,0
2008,381,2,36,"H3","8311",8,3003370,3003370,7260189,0
2008,381,1,36,"H3","8302",8,8723,8723,141434,0
2008,381,2,36,"H3","8302",8,1866695,1866695,20079728,0
2008,381,2,36,"H3","830220",8,94112,94112,582371,0
2008,381,1,36,"H3","830230",8,44,44,8622,0
2008,381,2,36,"H3","830230",8,4282,4282,41584,0
2008,381,2,36,"H3","830241",8,66380,66380,750586,0
2008,381,1,36,"H3","830249",8,1900,1900,11447,0
2008,381,2,36,"H3","830249",8,419144,419144,2661289,0
2008,381,1,36,"H3","820713",8,377,377,16408,0
2008,381,1,36,"H3","8104",8,64,64,3051,0
2008,381,1,36,"H3","830990",8,4,4,9052,0
2008,381,2,36,"H3","820713",8,1610,1610,76636,0
2008,381,2,36,"H3","830990",8,405703,405703,2528305,0
2008,381,1,36,"H3","8208",8,7,7,1482,0
2008,381,2,36,"H3","8208",8,1967,1967,120501,0
2008,381,2,36,"H3","830300",8,7683,7683,138151,0
2008,381,2,36,"H3","831000",8,1261,1261,26385,0
2008,381,2,36,"H3","830400",8,1972,1972,28852,0
2008,381,2,36,"H3","830890",8,37124,37124,712914,0
2008,381,2,36,"H3","830510",8,76867,76867,358493,0
2008,381,2,36,"H3","830520",8,7595,7595,62755,0
2008,381,1,36,"H3","83",1,,,161401,0
2008,381,1,36,"H3","8306",8,255,255,6367,0
2008,381,2,36,"H3","83",1,,,37855424,0
2008,381,2,36,"H3","8306",8,26917,26917,1023876,0
2008,381,1,36,"H3","8311",8,84,84,2666,0
2008,381,2,36,"H3","84",1,,,1173947230,0
2008,381,2,36,"H3","840790",5,752,3974,266022,0
2008,381,2,36,"H3","840890",5,1133,171102,2992534,0
2008,381,1,36,"H3","84",1,,,33519502,0
2008,381,1,36,"H3","830630",8,255,255,6367,0
2008,381,2,36,"H3","830630",8,4984,4984,128781,0
2008,381,1,36,"H3","840734",5,7,845,55192,0
2008,381,2,36,"H3","830790",8,943,943,16163,0
2008,381,2,36,"H3","840734",5,2,183,9144,0
2008,381,2,36,"H3","840410",8,162,162,11186,0
2008,381,2,36,"H3","840510",8,400,400,11246,0
2008,381,2,36,"H3","8408",5,3828,242668,4428628,0
2008,381,2,36,"H3","8406",1,,5591,1790016,0
2008,381,2,36,"H3","830250",8,2536,2536,33794,0
2008,381,1,36,"H3","8409",8,3453,3453,189932,0
2008,381,2,36,"H3","8409",8,354674,354674,22342001,0
2008,381,2,36,"H3","8303",8,7683,7683,138151,0
2008,381,2,36,"H3","8304",8,1972,1972,28852,0
2008,381,2,36,"H3","830590",8,38,38,4757,0
2008,381,2,36,"H3","830610",8,100,100,21186,0
2008,381,2,36,"H3","830629",8,16768,16768,594884,0
2008,381,2,36,"H3","841360",5,12779,177087,3386504,2
2008,381,1,36,"H3","841360",5,619,3597,306183,2
2008,381,1,36,"H3","841330",5,58,124,11892,0
2008,381,2,36,"H3","840140",8,2,2,2298,0
2008,381,2,36,"H3","840390",8,32187,32187,517742,0
2008,381,2,36,"H3","841330",5,17037,66417,1351683,0
2008,381,2,36,"H3","841340",5,357,87613,1459389,0
2008,381,2,36,"H3","840910",8,19168,19168,438168,0
2008,381,1,36,"H3","831190",8,84,84,2666,0
2008,381,2,36,"H3","831190",8,2282652,2282652,3798907,0
2008,381,2,36,"H3","830621",8,5065,5065,279025,0
2008,381,2,36,"H3","8307",8,943,943,16163,0
2008,381,1,36,"H3","841350",5,8,8175,150235,0
2008,381,2,36,"H3","841350",5,21678,160848,4018983,2
2008,381,1,36,"H3","840733",5,3,89,3575,0
2008,381,2,36,"H3","840733",5,4,25,11612,0
2008,381,1,36,"H3","841430",5,155,1189,14586,0
2008,381,2,36,"H3","8401",8,2,2,2298,0
2008,381,1,36,"H3","841459",5,8,90,5055,0
2008,381,2,36,"H3","8404",8,162,162,11186,0
2008,381,2,36,"H3","8405",8,424,424,12825,0
2008,381,2,36,"H3","841459",5,34332,335370,3786188,0
2008,381,1,36,"H3","830210",8,6750,6750,117492,0
2008,381,2,36,"H3","830210",8,486538,486538,4997643,0
2008,381,2,36,"H3","840810",5,463,29109,657381,0
2008,381,2,36,"H3","840820",5,2232,42457,778714,0
2008,381,1,36,"H3","841392",8,5,5,2749,0
2008,381,2,36,"H3","841392",8,6989,6989,138933,0
2008,381,1,36,"H3","8414",1,,5483,259487,0
2008,381,2,36,"H3","8414",1,,3109024,43803036,0
2008,381,1,36,"H3","841410",5,19,254,49794,0
2008,381,1,36,"H3","840731",5,1,72,2975,0
2008,381,2,36,"H3","841410",5,4153,208181,4165319,0
2008,381,2,36,"H3","841420",5,2248,18423,284287,0
2008,381,2,36,"H3","840731",5,24,70,14224,0
2008,381,2,36,"H3","840732",5,8,858,65006,0
2008,381,2,36,"H3","841320",5,978,13600,244118,0
2008,381,2,36,"H3","841430",5,1393,75632,1262024,0
2008,381,1,36,"H3","8411",1,,29020,1209163,0
2008,381,2,36,"H3","8411",1,,447980,34910396,4
2008,381,2,36,"H3","821000",8,10341,10341,178435,0
2008,381,1,36,"H3","8211",1,,163,9557,0
2008,381,2,36,"H3","8211",1,,6571,285475,0
2008,381,2,36,"H3","840590",8,24,24,1578,0
2008,381,2,36,"H3","841382",5,3238,130428,1789392,0
2008,381,1,36,"H3","841199",8,29020,29020,1209163,0
2008,381,2,36,"H3","841199",8,311584,311584,16761447,0
2008,381,2,36,"H3","840682",1,,1951,278971,0
2008,381,2,36,"H3","840690",8,3640,3640,1511045,0
2008,381,1,36,"H3","8407",5,14,1276,93622,0
2008,381,2,36,"H3","8407",5,947,8800,576634,0
2008,381,1,36,"H3","840991",8,1649,1649,64213,0
2008,381,1,36,"H3","840710",5,3,270,31880,0
2008,381,1,36,"H3","820830",8,7,7,1482,0
2008,381,2,36,"H3","820830",8,21,21,4942,0
2008,381,2,36,"H3","840721",5,142,822,50014,0
2008,381,2,36,"H3","840991",8,135576,135576,14032214,0
2008,381,2,36,"H3","840729",5,15,2868,160611,0
2008,381,2,36,"H3","820890",8,1178,1178,64939,0
2008,381,1,36,"H3","8415",1,,1209,63047,0
2008,381,2,36,"H3","8415",1,,700714,10266956,0
2008,381,1,36,"H3","841520",5,5,250,2035,2
2008,381,2,36,"H3","841440",5,1813,260225,3852693,0
2008,381,2,36,"H3","841520",1,,25562,558495,0
2008,381,2,36,"H3","841090",8,710,710,48367,0
2008,381,2,36,"H3","8402",8,2760,2760,103949,0
2008,381,2,36,"H3","840219",8,2760,2760,103949,0
2008,381,2,36,"H3","840310",1,,197299,2792486,0
2008,381,1,36,"H3","841381",5,85,4205,200219,0
2008,381,2,36,"H3","841121",5,1,10,3392,4
2008,381,2,36,"H3","841381",5,94768,972654,17279863,0
2008,381,2,36,"H3","831130",8,7375,7375,60835,0
2008,381,2,36,"H3","841181",5,136,140,6917,0
2008,381,2,36,"H3","841191",8,246,246,170755,0
2008,381,1,36,"H3","841391",8,31749,31749,326365,0
2008,381,2,36,"H3","841391",8,639516,639516,14518773,0
2008,381,2,36,"H3","8410",1,,710,48367,0
2008,381,1,36,"H3","841090",8,17,17,4277,0
2008,381,1,36,"H3","840999",8,1804,1804,125719,0
2008,381,2,36,"H3","840999",8,199930,199930,7871619,0
2008,381,1,36,"H3","8209",8,886,886,124079,0
2008,381,1,36,"H3","8410",1,,17,4277,0
2008,381,2,36,"H3","8209",8,707,707,149515,0
2008,381,2,36,"H3","8210",8,10341,10341,178435,0
2008,381,1,36,"H3","841510",5,122,150,32621,2
2008,381,2,36,"H3","841510",5,6668,96887,1668567,2
2008,381,2,36,"H3","841919",5,1172,8032,368073,2
2008,381,2,36,"H3","8418",1,,2033816,30008542,0
2008,381,1,36,"H3","841460",5,36,1553,31777,0
2008,381,2,36,"H3","841460",5,131291,1409696,15834969,0
2008,381,2,36,"H3","841861",1,,15208,258306,0
2008,381,1,36,"H3","841869",8,110,110,14768,0
2008,381,2,36,"H3","841869",8,238980,238980,5359636,0
2008,381,2,36,"H3","841280",1,,11770,295614,0
2008,381,1,36,"H3","841919",5,518,28485,250006,2
2008,381,1,36,"H3","8418",1,,113037,970460,0
2008,381,1,36,"H3","841231",1,,1012,20057,0
2008,381,2,36,"H3","841231",1,,14127,306877,0
2008,381,1,36,"H3","841370",5,104,1250,21922,0
2008,381,2,36,"H3","8403",1,,229486,3310228,0
2008,381,2,36,"H3","831120",8,577759,577759,2571168,0
2008,381,2,36,"H3","841370",5,24928,363538,6541100,0
2008,381,2,36,"H3","841182",5,2,136000,17967885,0
2008,381,2,36,"H3","841911",1,,3150,86226,0
2008,381,1,36,"H3","841239",1,,8442,176174,0
2008,381,1,36,"H3","841891",8,69,69,17072,0
2008,381,2,36,"H3","841891",8,5525,5525,103241,0
2008,381,1,36,"H3","841899",8,7000,7000,29272,0
2008,381,2,36,"H3","841239",1,,64519,811262,0
2008,381,2,36,"H3","841899",8,245540,245540,4349206,0
2008,381,1,36,"H3","841290",8,1001,1001,32098,0
2008,381,2,36,"H3","841290",8,82168,82168,1493045,0
2008,381,1,36,"H3","8419",1,,670502,8985283,0
2008,381,1,36,"H3","8413",1,,49113,1023529,0
2008,381,2,36,"H3","8419",1,,1557638,54200744,0
2008,381,2,36,"H3","8413",1,,2740047,52724576,0
2008,381,1,36,"H3","820900",8,886,886,124079,0
2008,381,2,36,"H3","820900",8,707,707,149515,0
2008,381,2,36,"H3","841311",5,2932,17104,227488,0
2008,381,1,36,"H3","841319",5,18,8,3966,0
2008,381,2,36,"H3","841319",5,7796,104253,1768351,0
2008,381,2,36,"H3","841710",5,5,4797,149954,2
2008,381,1,36,"H3","841490",8,109,109,15185,0
2008,381,1,36,"H3","841720",1,,1020,15099,0
2008,381,2,36,"H3","841720",5,357,246587,1934267,2
2008,381,2,36,"H3","841780",1,,76582,457886,0
2008,381,2,36,"H3","841790",8,36246,36246,966914,0
2008,381,2,36,"H3","841490",8,554741,554741,11047961,0
2008,381,2,36,"H3","841931",5,1,1096,41615,2
2008,381,2,36,"H3","841940",1,,2520,135294,0
2008,381,1,36,"H3","841583",1,,364,10363,0
2008,381,2,36,"H3","841583",1,,106367,1278578,0
2008,381,1,36,"H3","841990",8,2874,2874,150037,0
2008,381,1,36,"H3","8412",1,,10955,255117,0
2008,381,2,36,"H3","8412",1,,333572,7078656,0
2008,381,2,36,"H3","842131",1,,11478,249507,0
2008,381,1,36,"H3","842131",5,176,152,2380,2
2008,381,1,36,"H3","842230",1,,20435,262100,0
2008,381,2,36,"H3","842230",5,734,302618,17663687,2
2008,381,1,36,"H3","842119",1,,11586,575586,0
2008,381,2,36,"H3","841451",5,11705,34005,407736,0
2008,381,2,36,"H3","841932",5,19,109844,561074,2
2008,381,2,36,"H3","841939",1,,84073,1665396,0
2008,381,2,36,"H3","842119",5,321,70253,4447282,2
2008,381,1,36,"H3","841810",5,801,88290,802957,0
2008,381,2,36,"H3","841582",1,,96737,1996645,0
2008,381,1,36,"H3","841950",1,,564187,4269974,0
2008,381,2,36,"H3","841950",1,,20290,509382,0
2008,381,1,36,"H3","841981",1,,73388,4274622,0
2008,381,1,36,"H3","841829",5,7,9000,39293,0
2008,381,1,36,"H3","841590",8,445,445,18028,0
2008,381,2,36,"H3","841829",5,48,7755,140221,0
2008,381,2,36,"H3","841590",8,304036,304036,3296815,0
2008,381,2,36,"H3","841981",1,,1041396,35329072,0
2008,381,1,36,"H3","841989",1,,1350,29014,0
2008,381,2,36,"H3","841989",1,,132920,4590380,0
2008,381,1,36,"H3","842121",1,,6391,265438,0
2008,381,2,36,"H3","841990",8,80424,80424,6297119,0
2008,381,2,36,"H3","842121",1,,259078,4436975,0
2008,381,1,36,"H3","841850",5,30,885,8559,0
2008,381,2,36,"H3","841850",5,7077,1307738,15733763,0
2008,381,2,36,"H3","842122",1,,13460,1491224,0
2008,381,2,36,"H3","841221",1,,1602,111570,0
2008,381,2,36,"H3","841229",1,,159322,4058112,0
2008,381,1,36,"H3","842123",5,1041,19,6334,2
2008,381,1,36,"H3","841480",5,273,2288,143089,0
2008,381,2,36,"H3","841480",5,2830,212751,3161859,0
2008,381,1,36,"H3","841690",8,738,738,41767,0
2008,381,2,36,"H3","842123",5,233581,29292,560436,2
2008,381,2,36,"H3","842220",5,56,44637,1612893,2
2008,381,2,36,"H3","841690",8,20500,20500,764745,0
2008,381,2,36,"H3","842010",1,,232978,5058111,0
2008,381,1,36,"H3","842091",8,320,320,1644,0
2008,381,2,36,"H3","842091",8,16316,16316,103917,0
2008,381,1,36,"H3","8417",1,,1020,15099,0
2008,381,2,36,"H3","8417",1,,364212,3509020,0
2008,381,2,36,"H3","841810",5,783,56316,1413628,0
2008,381,1,36,"H3","841821",5,65,7083,56537,0
2008,381,2,36,"H3","841821",5,2984,102697,2016852,0
2008,381,2,36,"H3","842111",1,,5514,393176,0
2008,381,2,36,"H3","842139",1,,186065,3632298,0
2008,381,1,36,"H3","842139",1,,5,1655,0
2008,381,2,36,"H3","842511",5,727,47805,485700,0
2008,381,2,36,"H3","842420",1,,189837,2218570,0
2008,381,1,36,"H3","842199",8,10059,10059,264281,0
2008,381,1,36,"H3","842481",5,20464,9307,247523,2
2008,381,2,36,"H3","842199",8,132736,132736,3998858,0
2008,381,2,36,"H3","842481",5,506332,618071,6574175,2
2008,381,1,36,"H3","842489",1,,4,1731,0
2008,381,2,36,"H3","842489",1,,86417,1296179,0
2008,381,1,36,"H3","8422",1,,42674,827962,0
2008,381,2,36,"H3","8422",1,,4990510,102906377,0
2008,381,2,36,"H3","842219",5,3309,268581,7116410,0
2008,381,1,36,"H3","8424",1,,21983,555579,0
2008,381,2,36,"H3","8424",1,,1577451,22463176,0
2008,381,1,36,"H3","842420",1,,2200,29472,0
2008,381,2,36,"H3","842519",5,21,6015,172320,0
2008,381,1,36,"H3","842539",5,1,920,6744,0
2008,381,2,36,"H3","842539",5,3958,113006,3221253,0
2008,381,2,36,"H3","841581",5,1712,71125,1467856,2
2008,381,1,36,"H3","8416",8,738,738,41767,0
2008,381,2,36,"H3","8416",8,106166,106166,2511277,0
2008,381,1,36,"H3","841210",5,2,500,26788,0
2008,381,2,36,"H3","841210",5,40,64,2176,0
2008,381,1,36,"H3","842211",5,4,318,4312,0
2008,381,2,36,"H3","842211",5,74177,3123398,24067083,0
2008,381,1,36,"H3","842129",1,,3880,122201,0
2008,381,1,36,"H3","8420",1,,320,1644,0
2008,381,2,36,"H3","8420",1,,282323,6212173,0
2008,381,1,36,"H3","842290",8,1326,1326,172273,0
2008,381,2,36,"H3","842290",8,269791,269791,14004449,0
2008,381,2,36,"H3","842099",8,33029,33029,1050146,0
2008,381,1,36,"H3","8423",1,,22,2291,0
2008,381,1,36,"H3","8421",1,,33592,1283093,0
2008,381,2,36,"H3","8423",1,,27057,1695033,0
2008,381,2,36,"H3","8421",1,,900765,22104144,0
2008,381,2,36,"H3","842129",1,,191628,2768641,0
2008,381,2,36,"H3","842112",5,8,35,3333,0
2008,381,1,36,"H3","841920",1,,218,11630,0
2008,381,2,36,"H3","841920",5,1095,73893,4617113,2
2008,381,2,36,"H3","843049",1,,36099,585352,0
2008,381,1,36,"H3","843120",8,131,131,7990,0
2008,381,2,36,"H3","843120",8,81123,81123,1086164,0
2008,381,2,36,"H3","842952",5,40,144964,1540601,0
2008,381,2,36,"H3","842940",5,1,540,12765,0
2008,381,2,36,"H3","842959",5,197,1137660,10095580,0
2008,381,1,36,"H3","842191",8,1500,1500,45219,0
2008,381,1,36,"H3","843131",8,7346,7346,53646,0
2008,381,2,36,"H3","842191",8,1226,1226,122414,0
2008,381,1,36,"H3","8430",1,,800,5809,0
2008,381,2,36,"H3","8430",1,,1494686,19805145,0
2008,381,2,36,"H3","841830",5,214,38170,412100,0
2008,381,2,36,"H3","843131",8,907379,907379,12334396,0
2008,381,1,36,"H3","843139",8,754,754,54232,0
2008,381,1,36,"H3","841840",5,3,600,2003,0
2008,381,2,36,"H3","841840",5,551,15887,221590,0
2008,381,2,36,"H3","841610",8,12335,12335,392742,0
2008,381,2,36,"H3","841620",8,73331,73331,1353790,0
2008,381,2,36,"H3","843139",8,282600,282600,4163478,0
2008,381,1,36,"H3","842490",8,7472,7472,239437,0
2008,381,1,36,"H3","842240",1,,20595,389277,0
2008,381,2,36,"H3","842240",1,,981485,38441856,0
2008,381,2,36,"H3","842310",5,42,53,5421,0
2008,381,2,36,"H3","842320",5,255,2675,484140,0
2008,381,2,36,"H3","842330",5,29,18960,885089,0
2008,381,2,36,"H3","842381",5,54,4250,213820,0
2008,381,2,36,"H3","842382",5,3,277,32835,0
2008,381,1,36,"H3","842390",8,22,22,2291,0
2008,381,2,36,"H3","842390",8,842,842,73727,0
2008,381,2,36,"H3","842490",8,342886,342886,7874555,0
2008,381,2,36,"H3","842611",1,,65405,302923,0
2008,381,2,36,"H3","842620",5,61,955772,4880365,2
2008,381,2,36,"H3","842641",5,118,1098566,10248107,2
2008,381,1,36,"H3","843149",8,19875,19875,109628,0
2008,381,2,36,"H3","843149",8,2387066,2387066,18443823,0
2008,381,2,36,"H3","843230",5,93,53271,680541,0
2008,381,1,36,"H3","842531",5,42,9900,607688,0
2008,381,2,36,"H3","842531",5,2100,8821,393405,0
2008,381,2,36,"H3","842541",5,427,242200,1368387,0
2008,381,1,36,"H3","842542",5,45,14710,199482,0
2008,381,2,36,"H3","842542",5,6693,316669,2369055,0
2008,381,2,36,"H3","843010",5,11,23350,457604,0
2008,381,2,36,"H3","843039",1,,858,27350,0
2008,381,2,36,"H3","843041",1,,1351730,16762506,0
2008,381,1,36,"H3","8425",5,89,28030,821510,0
2008,381,2,36,"H3","8425",5,14068,786813,8464578,0
2008,381,1,36,"H3","8432",1,,5,1736,0
2008,381,2,36,"H3","8432",1,,1526392,12158625,0
2008,381,1,36,"H3","843210",5,1,5,1736,0
2008,381,2,36,"H3","843210",5,381,30477,431514,0
2008,381,2,36,"H3","843229",5,395,234038,1873129,0
2008,381,2,36,"H3","842410",1,,398,26296,0
2008,381,1,36,"H3","8435",1,,317,39659,0
2008,381,1,36,"H3","842890",1,,60000,54094,0
2008,381,2,36,"H3","8435",1,,298435,5462297,0
2008,381,2,36,"H3","8437",1,,5236,137190,0
2008,381,2,36,"H3","842890",5,25,45263,972003,2
2008,381,1,36,"H3","843610",1,,100,16401,0
2008,381,2,36,"H3","843610",5,30,76369,447101,2
2008,381,2,36,"H3","843319",5,113,24235,164407,0
2008,381,2,36,"H3","843290",8,584410,584410,4266268,0
2008,381,1,36,"H3","8433",1,,30300,1049612,0
2008,381,2,36,"H3","843320",5,596,177659,1534475,0
2008,381,2,36,"H3","843110",8,138717,138717,1916620,0
2008,381,2,36,"H3","843780",5,5,2080,71717,2
2008,381,2,36,"H3","843790",8,3156,3156,65473,0
2008,381,1,36,"H3","842430",5,43,3000,37417,0
2008,381,1,36,"H3","843311",5,311,4045,35194,0
2008,381,2,36,"H3","843311",5,1729,89534,815348,0
2008,381,1,36,"H3","8438",1,,10723,468475,0
2008,381,2,36,"H3","8438",1,,990230,30058310,0
2008,381,2,36,"H3","842430",5,18341,339842,4473401,2
2008,381,1,36,"H3","842549",5,1,2500,7597,0
2008,381,2,36,"H3","842549",5,142,52297,454458,0
2008,381,1,36,"H3","8426",1,,12600,410507,0
2008,381,2,36,"H3","8426",1,,3610205,32714018,0
2008,381,2,36,"H3","842612",1,,539313,4753282,0
2008,381,2,36,"H3","843680",5,6799,47836,656757,2
2008,381,2,36,"H3","843691",8,72034,72034,386713,0
2008,381,2,36,"H3","8433",1,,1489006,11335268,0
2008,381,2,36,"H3","842691",5,1153,716893,10231371,2
2008,381,2,36,"H3","842699",5,91,195926,1810087,2
2008,381,1,36,"H3","8427",5,3,8830,32752,0
2008,381,2,36,"H3","843141",8,106151,106151,1383553,0
2008,381,2,36,"H3","8427",5,1137,1790970,16880222,0
2008,381,2,36,"H3","842710",5,417,513383,5173199,0
2008,381,1,36,"H3","842720",5,2,4430,15319,0
2008,381,2,36,"H3","842720",5,130,1165267,10566538,0
2008,381,1,36,"H3","842790",5,1,4400,17433,0
2008,381,2,36,"H3","842790",5,590,112320,1140485,0
2008,381,2,36,"H3","843050",5,21,46729,681101,2
2008,381,2,36,"H3","842951",5,138,549153,5757319,0
2008,381,1,36,"H3","843069",1,,800,5809,0
2008,381,1,36,"H3","8428",1,,69000,212091,0
2008,381,2,36,"H3","843142",8,157813,157813,318195,0
2008,381,1,36,"H3","843143",8,2243,2243,61442,0
2008,381,2,36,"H3","843069",1,,35920,1291231,0
2008,381,2,36,"H3","8428",1,,5117198,42107900,0
2008,381,1,36,"H3","842810",5,6,9000,157998,2
2008,381,2,36,"H3","843143",8,472709,472709,5085293,0
2008,381,1,36,"H3","843699",8,8,8,3480,0
2008,381,2,36,"H3","843699",8,35221,35221,644298,0
2008,381,2,36,"H3","842810",5,1619,4473411,31735105,2
2008,381,2,36,"H3","842833",5,8,4610,110220,2
2008,381,2,36,"H3","843221",5,211,69208,474920,0
2008,381,2,36,"H3","843510",1,,280855,5038140,0
2008,381,2,36,"H3","8429",5,391,1864354,17738859,0
2008,381,2,36,"H3","842911",5,1,22917,244783,0
2008,381,1,36,"H3","8436",1,,108,19881,0
2008,381,2,36,"H3","8436",1,,1238385,7739241,0
2008,381,2,36,"H3","843240",5,2095,133296,928056,0
2008,381,1,36,"H3","8431",8,30752,30752,468180,0
2008,381,2,36,"H3","8431",8,4533558,4533558,44731523,0
2008,381,2,36,"H3","843280",5,917,421692,3504197,2
2008,381,1,36,"H3","843110",8,403,403,181242,0
2008,381,2,36,"H3","843340",5,752,267551,2167987,0
2008,381,2,36,"H3","843351",5,6,8400,178121,0
2008,381,2,36,"H3","843352",5,42,23811,337986,0
2008,381,2,36,"H3","843359",5,226,106516,951995,0
2008,381,2,36,"H3","843629",1,,1006925,5604372,0
2008,381,1,36,"H3","843490",8,10028,10028,164385,0
2008,381,2,36,"H3","843490",8,2238,2238,298006,0
2008,381,2,36,"H3","843890",8,120978,120978,5612205,0
2008,381,1,36,"H3","843880",1,,650,14752,0
2008,381,2,36,"H3","8439",1,,2784400,26009845,0
2008,381,2,36,"H3","843880",1,,276378,6747824,0
2008,381,2,36,"H3","843910",1,,7006,127236,0
2008,381,1,36,"H3","843890",8,646,646,107092,0
2008,381,2,36,"H3","843860",5,10,8021,267714,2
2008,381,1,36,"H3","8440",1,,300,18470,0
2008,381,2,36,"H3","8440",1,,32249,1817054,0
2008,381,2,36,"H3","843330",5,2884,508901,2378008,0
2008,381,2,36,"H3","844090",8,2913,2913,82275,0
2008,381,1,36,"H3","842649",1,,12600,410507,0
2008,381,2,36,"H3","842649",1,,37700,480395,0
2008,381,2,36,"H3","843830",1,,2335,128174,0
2008,381,2,36,"H3","842839",5,689,492321,8375183,2
2008,381,2,36,"H3","843930",5,10,53819,457086,2
2008,381,2,36,"H3","843999",8,2720133,2720133,25282197,0
2008,381,1,36,"H3","844010",1,,300,18470,0
2008,381,2,36,"H3","844010",5,116,29336,1734779,2
2008,381,1,36,"H3","843810",1,,9210,335744,0
2008,381,2,36,"H3","843810",5,1514,455941,12798365,2
2008,381,2,36,"H3","842630",1,,630,7488,0
2008,381,1,36,"H3","843820",1,,60,8943,0
2008,381,1,36,"H3","843360",5,19,25000,1010189,2
2008,381,2,36,"H3","843360",5,11,16128,316452,2
2008,381,1,36,"H3","843390",8,1255,1255,4229,0
2008,381,2,36,"H3","843390",8,223701,223701,1122416,0
2008,381,1,36,"H3","8434",1,,27308,270728,0
2008,381,2,36,"H3","843820",1,,10087,243232,0
2008,381,2,36,"H3","8434",1,,40778,818753,0
2008,381,2,36,"H3","843840",5,38,11222,626355,2
2008,381,1,36,"H3","843850",1,,157,1944,0
2008,381,2,36,"H3","843850",5,342,105268,3634441,2
2008,381,2,36,"H3","843920",1,,794,55523,0
2008,381,1,36,"H3","843590",8,317,317,39659,0
2008,381,2,36,"H3","843590",8,17580,17580,424157,0
2008,381,2,36,"H3","843991",8,2648,2648,87803,0
2008,381,1,36,"H3","843410",1,,17280,106343,0
2008,381,2,36,"H3","844317",5,1,180,24959,0
2008,381,1,36,"H3","844859",8,19,19,7366,0
2008,381,2,36,"H3","844859",8,1487,1487,169249,0
2008,381,2,36,"H3","8451",1,,159575,4050991,0
2008,381,2,36,"H3","845110",1,,51195,1095646,0
2008,381,2,36,"H3","8449",8,21935,21935,750307,0
2008,381,2,36,"H3","844900",8,21935,21935,750307,0
2008,381,1,36,"H3","8441",1,,11018,83302,0
2008,381,2,36,"H3","8441",1,,260891,7302976,0
2008,381,2,36,"H3","844712",5,3,3550,354783,0
2008,381,2,36,"H3","844110",1,,147167,3594478,0
2008,381,2,36,"H3","844120",5,9,16250,295109,2
2008,381,1,36,"H3","8448",8,409,409,39024,0
2008,381,2,36,"H3","8448",8,30295,30295,1112040,0
2008,381,2,36,"H3","843353",5,2,42570,1368073,0
2008,381,2,36,"H3","844130",5,1,2000,24813,2
2008,381,1,36,"H3","844140",1,,970,15681,0
2008,381,1,36,"H3","844180",1,,10000,56339,0
2008,381,2,36,"H3","844180",5,39,46640,1266310,2
2008,381,2,36,"H3","844811",8,112,112,34752,0
2008,381,2,36,"H3","845121",5,225,7757,49330,2
2008,381,1,36,"H3","844190",8,48,48,11282,0
2008,381,2,36,"H3","844190",8,48834,48834,2122266,0
2008,381,1,36,"H3","8442",1,,2,1605,0
2008,381,2,36,"H3","8442",1,,50716,755807,0
2008,381,2,36,"H3","844819",8,1957,1957,105648,0
2008,381,2,36,"H3","844230",5,10,2817,137149,2
2008,381,1,36,"H3","844240",8,2,2,1605,0
2008,381,2,36,"H3","844240",8,1127,1127,41298,0
2008,381,2,36,"H3","844250",8,46772,46772,577360,0
2008,381,2,36,"H3","8450",1,,1845339,9652569,0
2008,381,2,36,"H3","845011",5,24882,1737862,7764886,0
2008,381,1,36,"H3","8443",1,,6162,218578,0
2008,381,2,36,"H3","8443",1,,156712,7376738,0
2008,381,2,36,"H3","843420",1,,38540,520747,0
2008,381,2,36,"H3","844313",5,3582,16516,516254,0
2008,381,2,36,"H3","844315",5,1,220,13513,0
2008,381,2,36,"H3","844316",5,35,25079,1349449,0
2008,381,1,36,"H3","844319",5,1,70,5022,0
2008,381,2,36,"H3","844331",5,18,50425,1936855,0
2008,381,1,36,"H3","844332",5,406,5381,145648,0
2008,381,2,36,"H3","844332",5,2453,5055,542783,0
2008,381,1,36,"H3","844339",5,2,15,2238,0
2008,381,2,36,"H3","844820",8,1880,1880,52942,0
2008,381,2,36,"H3","844339",5,1,92,16150,0
2008,381,1,36,"H3","844391",8,193,193,26563,0
2008,381,2,36,"H3","844391",8,11937,11937,314329,0
2008,381,1,36,"H3","844399",8,503,503,39108,0
2008,381,2,36,"H3","844399",8,47208,47208,2662445,0
2008,381,2,36,"H3","8444",5,131,25,5794,0
2008,381,2,36,"H3","844400",5,131,25,5794,0
2008,381,2,36,"H3","845019",5,11,4053,99913,0
2008,381,1,36,"H3","8445",5,9,7100,59535,0
2008,381,2,36,"H3","8445",5,86,21327,373361,0
2008,381,2,36,"H3","844512",5,23,22,3246,0
2008,381,2,36,"H3","844519",5,56,5865,131366,0
2008,381,1,36,"H3","844530",5,6,3920,39694,0
2008,381,2,36,"H3","844831",8,874,874,25993,0
2008,381,2,36,"H3","842820",5,61,101593,915390,2
2008,381,1,36,"H3","844832",8,150,150,25846,0
2008,381,2,36,"H3","844530",5,1,1410,41242,0
2008,381,2,36,"H3","844849",8,18632,18632,391378,0
2008,381,2,36,"H3","845020",5,3,5470,96747,0
2008,381,2,36,"H3","844832",8,3828,3828,240539,0
2008,381,2,36,"H3","844833",8,172,172,5823,0
2008,381,1,36,"H3","844540",5,2,1200,7929,0
2008,381,2,36,"H3","844839",8,1253,1253,77912,0
2008,381,2,36,"H3","844842",8,100,100,7805,0
2008,381,2,36,"H3","844540",5,2,900,49963,0
2008,381,2,36,"H3","845090",8,97954,97954,1691023,0
2008,381,1,36,"H3","844590",5,1,1980,11912,0
2008,381,2,36,"H3","844590",5,4,13130,147544,0
2008,381,2,36,"H3","8446",5,37,107924,1556238,0
2008,381,2,36,"H3","844621",5,1,4400,17620,0
2008,381,2,36,"H3","844630",5,36,103524,1538618,0
2008,381,1,36,"H3","8447",5,1,300,7341,0
2008,381,2,36,"H3","8447",5,27,10266,1139124,0
2008,381,2,36,"H3","842919",5,14,9120,87810,0
2008,381,1,36,"H3","844849",8,240,240,5812,0
2008,381,1,36,"H3","8451",1,,20,1762,0
2008,381,1,36,"H3","844711",5,1,300,7341,0
2008,381,2,36,"H3","844711",5,24,6716,784341,0
2008,381,2,36,"H3","845530",5,9,21373,184276,2
2008,381,2,36,"H3","845210",5,2,15,4405,0
2008,381,2,36,"H3","845229",5,80,130,10128,0
2008,381,1,36,"H3","845390",8,2000,2000,11237,0
2008,381,2,36,"H3","845390",8,38172,38172,900111,0
2008,381,2,36,"H3","845380",1,,2470,20073,0
2008,381,2,36,"H3","8454",1,,8187,346642,0
2008,381,2,36,"H3","845420",1,,8177,344168,0
2008,381,2,36,"H3","845490",8,10,10,2474,0
2008,381,1,36,"H3","8455",1,,2440,38368,0
2008,381,2,36,"H3","8455",1,,173553,3710123,0
2008,381,2,36,"H3","845510",5,45,103199,2067819,2
2008,381,2,36,"H3","845522",5,5,4908,157822,2
2008,381,1,36,"H3","845590",8,2440,2440,38368,0
2008,381,2,36,"H3","845590",8,44073,44073,1300206,0
2008,381,2,36,"H3","8456",5,257,197526,4957543,0
2008,381,2,36,"H3","845610",5,190,127343,4061176,0
2008,381,2,36,"H3","845630",5,49,59230,615230,0
2008,381,2,36,"H3","845690",5,18,10953,281136,0
2008,381,2,36,"H3","8457",5,144,103796,2994847,0
2008,381,2,36,"H3","845710",5,11,45416,1820719,0
2008,381,2,36,"H3","845720",5,132,8087,301869,0
2008,381,2,36,"H3","845730",5,1,50293,872260,0
2008,381,2,36,"H3","845819",5,62,6835,230904,0
2008,381,2,36,"H3","845899",5,6,80,1493,0
2008,381,1,36,"H3","8459",5,10,483,66542,0
2008,381,2,36,"H3","8459",5,185,299446,5469805,0
2008,381,2,36,"H3","845290",8,353,353,64592,0
2008,381,1,36,"H3","8453",1,,73500,184081,0
2008,381,2,36,"H3","8453",1,,141792,2211452,0
2008,381,1,36,"H3","845310",1,,71500,172844,0
2008,381,2,36,"H3","845310",5,65,95131,1044144,2
2008,381,2,36,"H3","845320",5,46,6019,247124,2
2008,381,2,36,"H3","845140",5,7,7032,234910,2
2008,381,2,36,"H3","846019",5,119,15074,259879,0
2008,381,2,36,"H3","846040",5,93,19758,616390,0
2008,381,1,36,"H3","8461",5,502,80614,119757,0
2008,381,2,36,"H3","8461",5,1370,175623,3094929,0
2008,381,1,36,"H3","846221",5,1,5200,49833,0
2008,381,2,36,"H3","846221",5,984,674042,13731767,0
2008,381,2,36,"H3","846410",5,336,104691,2571287,0
2008,381,2,36,"H3","846510",5,2931,436974,8848060,0
2008,381,1,36,"H3","846591",5,4,1050,31511,0
2008,381,2,36,"H3","846591",5,893,173197,3129673,0
2008,381,1,36,"H3","8466",8,13343,13343,1606214,0
2008,381,2,36,"H3","8466",8,897910,897910,21783255,0
2008,381,2,36,"H3","8452",1,,498,79124,0
2008,381,2,36,"H3","846593",5,248,35548,1167262,0
2008,381,1,36,"H3","845969",5,5,135,33342,0
2008,381,2,36,"H3","845969",5,21,11364,283484,0
2008,381,2,36,"H3","846021",5,36,11450,381403,0
2008,381,1,36,"H3","846420",5,23,3500,88393,2
2008,381,2,36,"H3","846420",1,,665488,17678535,0
2008,381,2,36,"H3","845180",1,,17277,458931,0
2008,381,1,36,"H3","846210",5,1,2750,23369,0
2008,381,2,36,"H3","846210",5,18,715,20794,0
2008,381,2,36,"H3","846599",5,1054,283777,6664032,0
2008,381,1,36,"H3","846190",5,502,80614,119757,0
2008,381,2,36,"H3","846190",5,25,14951,562601,0
2008,381,1,36,"H3","846599",5,65,130450,679316,0
2008,381,1,36,"H3","846610",8,662,662,42074,0
2008,381,2,36,"H3","846610",8,26072,26072,635913,0
2008,381,1,36,"H3","846620",8,6148,6148,126893,0
2008,381,2,36,"H3","846620",8,7273,7273,236592,0
2008,381,2,36,"H3","846592",5,232,10089,212649,0
2008,381,1,36,"H3","845929",5,1,50,2515,0
2008,381,2,36,"H3","845929",5,4,800,15001,0
2008,381,2,36,"H3","845129",1,,9355,82820,0
2008,381,2,36,"H3","845150",1,,16820,685099,0
2008,381,2,36,"H3","845961",5,66,272770,4116111,0
2008,381,2,36,"H3","846594",5,14,51046,349578,0
2008,381,2,36,"H3","846595",5,160,584648,12740846,0
2008,381,2,36,"H3","846140",5,45,44775,886619,0
2008,381,1,36,"H3","8462",5,12,103459,239020,0
2008,381,2,36,"H3","8462",5,1462,1282775,29805348,0
2008,381,1,36,"H3","846229",5,1,400,6449,0
2008,381,2,36,"H3","846229",5,189,223237,7997607,0
2008,381,1,36,"H3","8465",5,69,131500,710827,0
2008,381,2,36,"H3","8465",5,5577,1577679,33146878,0
2008,381,2,36,"H3","847141",5,68,751,138038,0
2008,381,2,36,"H3","847150",5,4,274,81228,0
2008,381,1,36,"H3","846691",8,1587,1587,195119,0
2008,381,2,36,"H3","846691",8,179552,179552,3862177,0
2008,381,2,36,"H3","8458",5,68,6915,232398,0
2008,381,2,36,"H3","845939",5,6,11138,866161,0
2008,381,2,36,"H3","845130",5,1144,34804,1009270,0
2008,381,2,36,"H3","845970",5,81,1975,84831,0
2008,381,1,36,"H3","8460",5,222,3200,84608,0
2008,381,2,36,"H3","8460",5,329,51281,1332134,0
2008,381,2,36,"H3","846596",5,45,2400,34779,0
2008,381,1,36,"H3","847141",5,13,92,12602,0
2008,381,1,36,"H3","846291",5,3,109,3578,0
2008,381,2,36,"H3","846291",5,36,39167,471321,0
2008,381,2,36,"H3","846299",5,73,206259,4124258,0
2008,381,1,36,"H3","8463",5,31,71766,357751,0
2008,381,2,36,"H3","8463",5,821,176203,3733247,0
2008,381,1,36,"H3","846310",5,19,61838,321453,0
2008,381,2,36,"H3","846310",5,12,1645,83488,0
2008,381,1,36,"H3","846330",5,3,9820,34672,0
2008,381,2,36,"H3","846330",5,89,27866,616421,0
2008,381,1,36,"H3","8464",1,,3500,88393,0
2008,381,2,36,"H3","8464",1,,1029756,25801030,0
2008,381,1,36,"H3","847150",5,2,11,4829,0
2008,381,2,36,"H3","846490",1,,259577,5551208,0
2008,381,2,36,"H3","847330",8,2772,2772,2218649,0
2008,381,2,36,"H3","846810",1,,341,26564,0
2008,381,2,36,"H3","846820",1,,320,72033,0
2008,381,1,36,"H3","846630",8,378,378,189187,0
2008,381,2,36,"H3","846630",8,3024,3024,137483,0
2008,381,2,36,"H3","845931",5,6,660,77255,0
2008,381,1,36,"H3","845190",8,20,20,1762,0
2008,381,2,36,"H3","845190",8,15335,15335,434985,0
2008,381,1,36,"H3","845940",5,4,298,30685,0
2008,381,2,36,"H3","846880",1,,350,11746,0
2008,381,1,36,"H3","846890",8,980,980,21390,0
2008,381,2,36,"H3","845940",5,1,739,26962,0
2008,381,2,36,"H3","846890",8,10070,10070,332843,0
2008,381,1,36,"H3","846789",5,9,150,2016,2
2008,381,2,36,"H3","846789",1,,5937,359258,0
2008,381,1,36,"H3","846090",5,222,3200,84608,0
2008,381,2,36,"H3","846090",5,78,3419,48034,0
2008,381,1,36,"H3","846791",8,1030,1030,19788,0
2008,381,2,36,"H3","846791",8,680,680,15018,0
2008,381,2,36,"H3","846150",5,1300,115897,1645709,0
2008,381,1,36,"H3","847149",5,30,64,17302,0
2008,381,2,36,"H3","847149",5,2,13,4054,0
2008,381,1,36,"H3","847310",8,78,78,7792,0
2008,381,2,36,"H3","847310",8,205,205,292450,0
2008,381,2,36,"H3","847321",8,696,696,245357,0
2008,381,1,36,"H3","847329",8,11,11,7305,0
2008,381,2,36,"H3","846231",5,2,25315,487554,0
2008,381,2,36,"H3","846239",5,91,20605,307069,0
2008,381,1,36,"H3","846241",5,6,95000,155791,0
2008,381,2,36,"H3","846241",5,69,93435,2664979,0
2008,381,1,36,"H3","846390",5,9,108,1625,0
2008,381,2,36,"H3","846390",5,720,146692,3033338,0
2008,381,1,36,"H3","846799",8,6093,6093,144103,0
2008,381,2,36,"H3","847329",8,291,291,120035,0
2008,381,1,36,"H3","847330",8,683,683,518183,0
2008,381,2,36,"H3","846799",8,26946,26946,688955,0
2008,381,1,36,"H3","8468",1,,980,21390,0
2008,381,2,36,"H3","8468",1,,11081,443186,0
2008,381,2,36,"H3","847431",1,,139785,1782589,0
2008,381,1,36,"H3","846722",5,13,110,2088,0
2008,381,2,36,"H3","846722",5,2136,23431,643866,0
2008,381,2,36,"H3","846729",5,1842,5528,165172,2
2008,381,1,36,"H3","847340",8,32,32,19245,0
2008,381,1,36,"H3","847160",5,45,24,44645,0
2008,381,2,36,"H3","847160",5,361,620,55579,0
2008,381,1,36,"H3","847170",5,264,31,251125,0
2008,381,2,36,"H3","847170",5,1777,2316,1111689,0
2008,381,2,36,"H3","847340",8,1627,1627,336834,0
2008,381,1,36,"H3","847350",8,75,75,19455,0
2008,381,1,36,"H3","846693",8,1157,1157,273258,0
2008,381,2,36,"H3","846693",8,47409,47409,2356886,0
2008,381,1,36,"H3","846694",8,2625,2625,557724,0
2008,381,2,36,"H3","846694",8,572997,572997,11564314,0
2008,381,2,36,"H3","847350",8,202,202,103417,0
2008,381,1,36,"H3","8467",1,,7939,252320,0
2008,381,2,36,"H3","8467",1,,203344,5505016,0
2008,381,1,36,"H3","847180",5,78,39,7575,0
2008,381,2,36,"H3","847180",5,360,361,113698,0
2008,381,1,36,"H3","8474",1,,4391,187395,0
2008,381,2,36,"H3","8474",1,,953524,10910271,0
2008,381,2,36,"H3","846781",5,552,3517,89751,0
2008,381,1,36,"H3","847130",5,31,244,96956,0
2008,381,2,36,"H3","8472",5,43,5642,238868,2
2008,381,2,36,"H3","847290",5,43,5642,238868,2
2008,381,1,36,"H3","8473",8,879,879,571980,0
2008,381,1,36,"H3","8469",5,4,15,3126,0
2008,381,2,36,"H3","847410",5,2,4345,71403,2
2008,381,2,36,"H3","847420",5,122,397668,5147711,2
2008,381,1,36,"H3","846900",5,4,15,3126,0
2008,381,2,36,"H3","8473",8,5793,5793,3316742,0
2008,381,2,36,"H3","847130",5,2136,5340,865860,0
2008,381,1,36,"H3","846719",1,,420,45614,0
2008,381,2,36,"H3","846719",1,,72353,1705187,0
2008,381,2,36,"H3","847690",8,37979,37979,1074614,0
2008,381,1,36,"H3","846692",8,786,786,221958,0
2008,381,2,36,"H3","846692",8,61583,61583,2989889,0
2008,381,1,36,"H3","846711",1,,127,30532,0
2008,381,2,36,"H3","846711",1,,62082,1616580,0
2008,381,1,36,"H3","847190",5,26,103,22704,0
2008,381,2,36,"H3","847190",5,528744,10249,1135412,0
2008,381,2,36,"H3","847439",5,27,33513,528520,2
2008,381,2,36,"H3","846029",5,3,1580,26428,0
2008,381,1,36,"H3","847910",1,,1144,88914,0
2008,381,2,36,"H3","847910",5,137,178573,4239791,2
2008,381,2,36,"H3","847930",1,,102912,1997280,0
2008,381,1,36,"H3","847950",5,30,1781,1124118,2
2008,381,2,36,"H3","847480",5,50,66190,1280397,2
2008,381,2,36,"H3","847950",5,24,9723,577264,2
2008,381,1,36,"H3","847960",1,,59606,731663,0
2008,381,2,36,"H3","847960",1,,1263,19712,0
2008,381,1,36,"H3","847981",1,,1402,159310,0
2008,381,2,36,"H3","847981",5,15,12328,256321,2
2008,381,1,36,"H3","847982",1,,116,5430,0
2008,381,1,36,"H3","847490",8,4391,4391,187395,0
2008,381,2,36,"H3","847490",8,312023,312023,2099651,0
2008,381,2,36,"H3","8475",1,,1972,107078,0
2008,381,2,36,"H3","847521",1,,1200,29245,0
2008,381,2,36,"H3","847529",1,,115,5333,0
2008,381,2,36,"H3","847590",8,657,657,72500,0
2008,381,2,36,"H3","847982",1,,84595,3217170,0
2008,381,2,36,"H3","847629",5,380,9939,297636,0
2008,381,2,36,"H3","847681",5,453,99219,1503362,0
2008,381,2,36,"H3","847689",5,952,14610,632731,0
2008,381,1,36,"H3","847990",8,11783,11783,864318,0
2008,381,2,36,"H3","847990",8,1517550,1517550,48524379,0
2008,381,2,36,"H3","847890",8,4878,4878,349974,0
2008,381,2,36,"H3","848030",8,6555,6555,146600,0
2008,381,1,36,"H3","8477",1,,91513,890401,0
2008,381,2,36,"H3","8477",1,,495762,15189707,0
2008,381,2,36,"H3","848049",8,753,753,137028,0
2008,381,1,36,"H3","848060",8,2820,2820,31206,0
2008,381,2,36,"H3","848060",8,3829,3829,110465,0
2008,381,1,36,"H3","848071",8,2350,2350,331150,0
2008,381,2,36,"H3","848071",8,847,847,105106,0
2008,381,1,36,"H3","847710",5,2,39760,138838,2
2008,381,1,36,"H3","847720",1,,40,7181,0
2008,381,2,36,"H3","847720",5,69,153957,3344559,2
2008,381,1,36,"H3","848180",8,16383,16383,531254,0
2008,381,2,36,"H3","848180",8,2100209,2100209,70243850,0
2008,381,1,36,"H3","848190",8,5781,5781,194072,0
2008,381,2,36,"H3","847730",5,33,37345,1620626,2
2008,381,1,36,"H3","847759",1,,8500,3080,0
2008,381,2,36,"H3","847759",5,30,25450,1214888,2
2008,381,1,36,"H3","847780",1,,35448,693056,0
2008,381,2,36,"H3","847780",5,289,252733,7307981,2
2008,381,1,36,"H3","847790",8,7765,7765,48245,0
2008,381,2,36,"H3","848190",8,157703,157703,5810605,0
2008,381,2,36,"H3","847790",8,26277,26277,1701653,0
2008,381,2,36,"H3","848020",8,38,38,5540,0
2008,381,2,36,"H3","8478",1,,227491,5357611,0
2008,381,2,36,"H3","847810",1,,222613,5007637,0
2008,381,1,36,"H3","8479",1,,153144,4251122,0
2008,381,2,36,"H3","8479",1,,4212189,97981657,0
2008,381,1,36,"H3","847920",1,,6700,204974,0
2008,381,2,36,"H3","847920",5,216,141575,4828231,2
2008,381,1,36,"H3","846792",8,9,9,8178,0
2008,381,2,36,"H3","846792",8,1860,1860,169036,0
2008,381,2,36,"H3","846721",5,117,1010,52193,0
2008,381,1,36,"H3","8476",1,,100,10614,0
2008,381,2,36,"H3","8476",1,,266432,6053182,0
2008,381,1,36,"H3","847621",5,1,100,10614,0
2008,381,1,36,"H3","848041",8,600,600,62579,0
2008,381,1,36,"H3","848049",8,32,32,6901,0
2008,381,1,36,"H3","847989",1,,70612,1072394,0
2008,381,2,36,"H3","847621",5,8700,104685,2544838,0
2008,381,2,36,"H3","847989",1,,2163670,34321509,0
2008,381,1,36,"H3","8471",5,489,608,457739,0
2008,381,2,36,"H3","8471",5,533452,19924,3505558,0
2008,381,1,36,"H3","8480",8,9729,9729,451199,0
2008,381,2,36,"H3","8480",8,38700,38700,1466538,0
2008,381,2,36,"H3","848010",8,459,459,7862,0
2008,381,1,36,"H3","848120",8,183,183,25124,0
2008,381,2,36,"H3","848120",8,242685,242685,7962395,0
2008,381,1,36,"H3","8483",1,,8227,683954,0
2008,381,2,36,"H3","8483",1,,2553043,38519023,0
2008,381,2,36,"H3","848690",8,4437,4437,189770,0
2008,381,1,36,"H3","848690",8,18,18,1988,0
2008,381,2,36,"H3","848280",1,,3826,176547,0
2008,381,2,36,"H3","8487",8,57890,57890,6944744,0
2008,381,1,36,"H3","848079",8,3927,3927,19364,0
2008,381,2,36,"H3","848079",8,26219,26219,953938,0
2008,381,2,36,"H3","848291",8,8084,8084,49302,0
2008,381,1,36,"H3","8481",8,37388,37388,1537802,0
2008,381,2,36,"H3","8481",8,2848075,2848075,93888913,0
2008,381,1,36,"H3","848110",8,14265,14265,747496,0
2008,381,2,36,"H3","848110",8,225881,225881,7041467,0
2008,381,1,36,"H3","848130",8,96,96,9159,0
2008,381,2,36,"H3","848130",8,56770,56770,1073660,0
2008,381,1,36,"H3","848140",8,680,680,30696,0
2008,381,2,36,"H3","848140",8,64827,64827,1756937,0
2008,381,1,36,"H3","848310",1,,30,6496,0
2008,381,2,36,"H3","848310",1,,169763,1892827,0
2008,381,2,36,"H3","848330",1,,11943,236006,0
2008,381,1,36,"H3","848340",1,,5399,77344,0
2008,381,2,36,"H3","848340",1,,2062388,30056979,0
2008,381,1,36,"H3","848350",5,18239,1458,232885,2
2008,381,2,36,"H3","848350",5,17078,13391,188557,2
2008,381,1,36,"H3","848360",1,,380,250364,0
2008,381,2,36,"H3","848250",1,,13666,296398,0
2008,381,2,36,"H3","848360",1,,176029,3669524,0
2008,381,1,36,"H3","848390",8,960,960,116865,0
2008,381,2,36,"H3","848390",8,119253,119253,2464150,0
2008,381,1,36,"H3","8484",8,406,406,52829,0
2008,381,2,36,"H3","8484",8,24423,24423,1026866,0
2008,381,1,36,"H3","848280",1,,88,4083,0
2008,381,1,36,"H3","848410",8,88,88,1928,0
2008,381,2,36,"H3","848410",8,13583,13583,415127,0
2008,381,1,36,"H3","848420",8,15,15,1797,0
2008,381,2,36,"H3","848420",8,6379,6379,346172,0
2008,381,1,36,"H3","848490",8,303,303,49104,0
2008,381,2,36,"H3","848490",8,4461,4461,265567,0
2008,381,1,36,"H3","8487",8,1460,1460,156880,0
2008,381,1,36,"H3","8486",1,,18,1988,0
2008,381,2,36,"H3","8486",1,,4683,224130,0
2008,381,2,36,"H3","848610",5,0,5,1794,2
2008,381,2,36,"H3","848620",1,,235,30931,0
2008,381,2,36,"H3","848630",1,,6,1636,0
2008,381,2,36,"H3","850422",5,3,8730,68066,0
2008,381,2,36,"H3","850423",5,4,9000,80164,0
2008,381,1,36,"H3","850110",5,297,1696,108478,0
2008,381,2,36,"H3","850110",5,23649,120116,1753037,0
2008,381,1,36,"H3","850153",5,8,4750,56776,0
2008,381,2,36,"H3","850153",5,4015,32361,406980,0
2008,381,2,36,"H3","848320",1,,276,10979,0
2008,381,2,36,"H3","850162",5,241,21462,148857,0
2008,381,2,36,"H3","850163",5,920,14026,163446,0
2008,381,2,36,"H3","850211",5,1263,179730,2920357,0
2008,381,1,36,"H3","850422",5,16,29,6916,0
2008,381,1,36,"H3","85",1,,,19704590,0
2008,381,2,36,"H3","85",1,,,304147058,0
2008,381,2,36,"H3","850433",5,2665,1022,45886,0
2008,381,2,36,"H3","850434",5,7,18480,186434,0
2008,381,1,36,"H3","848710",8,1160,1160,113573,0
2008,381,2,36,"H3","848710",8,63,63,5140,0
2008,381,1,36,"H3","848790",8,300,300,43307,0
2008,381,2,36,"H3","848790",8,57827,57827,6939604,0
2008,381,1,36,"H3","8501",5,1889,24868,327858,0
2008,381,2,36,"H3","8501",5,99959,1119465,11759466,0
2008,381,1,36,"H3","848299",8,1,1,3471,0
2008,381,2,36,"H3","848299",8,39663,39663,299922,0
2008,381,1,36,"H3","850431",5,91,92,12376,0
2008,381,2,36,"H3","850431",5,12818,30964,422852,0
2008,381,2,36,"H3","850151",5,13950,69194,1155861,0
2008,381,1,36,"H3","850152",5,13,422,13676,0
2008,381,1,36,"H3","8482",1,,613,481292,0
2008,381,2,36,"H3","8482",1,,472136,5494373,0
2008,381,2,36,"H3","850152",5,4635,168413,1696641,0
2008,381,1,36,"H3","848210",1,,119,432597,0
2008,381,2,36,"H3","848210",1,,137628,1931007,0
2008,381,1,36,"H3","848220",1,,405,41140,0
2008,381,2,36,"H3","848220",1,,268012,2694714,0
2008,381,2,36,"H3","850161",5,7438,463452,3460116,0
2008,381,2,36,"H3","850432",5,6381,38965,190680,0
2008,381,2,36,"H3","848230",5,215,1205,36646,2
2008,381,2,36,"H3","850164",5,268,30876,393947,0
2008,381,1,36,"H3","8502",5,1,2060,73415,0
2008,381,2,36,"H3","848240",1,,52,9836,0
2008,381,2,36,"H3","8502",5,1302,203986,3278497,0
2008,381,1,36,"H3","850212",5,1,2060,73415,0
2008,381,2,36,"H3","850212",5,10,12280,226089,0
2008,381,2,36,"H3","850220",5,29,11976,132052,0
2008,381,1,36,"H3","8503",8,82,82,19229,0
2008,381,2,36,"H3","8503",8,180408,180408,2271325,0
2008,381,1,36,"H3","850300",8,82,82,19229,0
2008,381,2,36,"H3","850300",8,180408,180408,2271325,0
2008,381,1,36,"H3","8504",1,,1551,254506,4
2008,381,2,36,"H3","8504",1,,524277,11489559,0
2008,381,1,36,"H3","850410",5,6,28,7841,0
2008,381,2,36,"H3","850410",5,4331,40176,441477,0
2008,381,1,36,"H3","850433",5,2,187,19380,0
2008,381,1,36,"H3","850421",5,7,64,5395,0
2008,381,2,36,"H3","850421",5,4,4,19204,0
2008,381,1,36,"H3","850120",5,1571,18000,148928,0
2008,381,2,36,"H3","850120",5,11353,14928,232753,0
2008,381,1,36,"H3","8508",1,,900,6835,0
2008,381,2,36,"H3","8508",1,,316032,4303348,0
2008,381,2,36,"H3","850860",5,942,32273,609242,0
2008,381,2,36,"H3","851110",5,137838,770,96090,2
2008,381,1,36,"H3","850450",1,,44,22048,0
2008,381,2,36,"H3","850450",1,,6925,167783,0
2008,381,1,36,"H3","8509",1,,186,11536,0
2008,381,1,36,"H3","850511",8,587,587,95052,0
2008,381,2,36,"H3","850511",8,130,130,4020,0
2008,381,2,36,"H3","8509",1,,320209,7070376,0
2008,381,1,36,"H3","850519",8,401,401,13310,0
2008,381,2,36,"H3","850519",8,9270,9270,143005,0
2008,381,2,36,"H3","850131",5,19703,41079,588424,0
2008,381,1,36,"H3","850520",8,10,10,1631,0
2008,381,2,36,"H3","850520",8,142308,142308,1828224,0
2008,381,1,36,"H3","850590",8,590,590,1571,0
2008,381,2,36,"H3","850590",8,31654,31654,491693,0
2008,381,1,36,"H3","850780",5,35,2,1633,0
2008,381,1,36,"H3","851090",8,94,94,13080,0
2008,381,2,36,"H3","851120",5,11538,3191,83818,2
2008,381,1,36,"H3","851130",5,1456,107,21116,2
2008,381,2,36,"H3","851130",5,2235,3071,25172,2
2008,381,1,36,"H3","851140",5,309,18,19213,2
2008,381,2,36,"H3","851140",5,1117,996,45445,2
2008,381,1,36,"H3","850440",5,7654,811,171245,6
2008,381,2,36,"H3","850440",5,28753,269044,8619826,2
2008,381,1,36,"H3","8505",8,1588,1588,111564,0
2008,381,2,36,"H3","8505",8,183362,183362,2466941,0
2008,381,2,36,"H3","850940",5,8687,77344,2571294,0
2008,381,2,36,"H3","850133",5,53,2908,38499,0
2008,381,2,36,"H3","850134",5,189,3951,43885,0
2008,381,2,36,"H3","850140",5,10874,119951,1429768,0
2008,381,2,36,"H3","851290",8,3886,3886,757030,0
2008,381,2,36,"H3","850980",1,,191653,3384073,0
2008,381,1,36,"H3","8510",1,,94,13080,0
2008,381,2,36,"H3","8510",1,,521,16159,0
2008,381,2,36,"H3","851030",5,227,521,16159,0
2008,381,2,36,"H3","850720",5,119,54838,264945,0
2008,381,1,36,"H3","850730",5,40,3,2653,0
2008,381,2,36,"H3","850730",5,632,499,139438,0
2008,381,1,36,"H3","850819",5,18,600,4481,0
2008,381,2,36,"H3","850819",5,11018,193052,2136431,0
2008,381,2,36,"H3","851672",5,5,248,6770,0
2008,381,2,36,"H3","851629",5,1107,57461,205287,0
2008,381,2,36,"H3","851631",5,49434,114219,4182813,0
2008,381,2,36,"H3","850870",8,19274,19274,391623,0
2008,381,2,36,"H3","851671",5,54487,468080,16515781,0
2008,381,1,36,"H3","8513",1,,630,41741,0
2008,381,2,36,"H3","8513",1,,324,13594,0
2008,381,1,36,"H3","850990",8,186,186,11536,0
2008,381,1,36,"H3","851310",1,,630,41741,0
2008,381,2,36,"H3","850990",8,51212,51212,1115009,0
2008,381,2,36,"H3","851310",1,,219,7115,0
2008,381,2,36,"H3","851390",8,105,105,6479,0
2008,381,1,36,"H3","851680",1,,300,115156,0
2008,381,1,36,"H3","8514",1,,3350,74415,0
2008,381,2,36,"H3","851680",1,,10829,606103,0
2008,381,2,36,"H3","8514",1,,256288,3934516,0
2008,381,1,36,"H3","851690",8,727,727,26056,0
2008,381,1,36,"H3","8506",1,,32,1918,0
2008,381,2,36,"H3","8506",1,,829211,2208420,0
2008,381,2,36,"H3","850610",5,34840,4838,92350,0
2008,381,2,36,"H3","850650",5,103,95,16685,0
2008,381,1,36,"H3","850680",5,213,32,1918,0
2008,381,2,36,"H3","850680",5,610012,824263,2097625,0
2008,381,2,36,"H3","850710",5,85,48877,253369,0
2008,381,2,36,"H3","851430",1,,25908,245675,0
2008,381,2,36,"H3","851690",8,314907,314907,9217379,0
2008,381,2,36,"H3","850790",8,204465,204465,1125892,0
2008,381,1,36,"H3","8516",1,,14342,209909,0
2008,381,2,36,"H3","851440",1,,21197,129496,0
2008,381,2,36,"H3","8516",1,,7676015,93915984,0
2008,381,1,36,"H3","851830",1,,401,60092,0
2008,381,1,36,"H3","851660",5,152,13245,62404,0
2008,381,2,36,"H3","851660",5,254584,6635203,61794027,0
2008,381,2,36,"H3","851829",5,1703,5950,223436,0
2008,381,1,36,"H3","851679",5,17,70,6293,0
2008,381,2,36,"H3","850132",5,2671,16748,247251,0
2008,381,1,36,"H3","851220",5,137,17,1847,2
2008,381,2,36,"H3","851220",1,,18499,818719,0
2008,381,2,36,"H3","851679",5,213710,21049,388538,0
2008,381,2,36,"H3","851410",5,206,187891,2842101,2
2008,381,1,36,"H3","851822",5,510,657,18787,0
2008,381,1,36,"H3","851490",8,1450,1450,22553,0
2008,381,2,36,"H3","851490",8,19402,19402,694928,0
2008,381,1,36,"H3","8515",1,,688,49325,0
2008,381,2,36,"H3","8515",1,,802823,13039561,0
2008,381,2,36,"H3","851519",1,,19483,154480,0
2008,381,2,36,"H3","851822",5,3213,58964,1681175,0
2008,381,1,36,"H3","851829",5,10,332,17719,0
2008,381,2,36,"H3","851610",5,528,2906,59628,0
2008,381,1,36,"H3","8511",1,,305,45773,0
2008,381,2,36,"H3","8511",1,,40889,948178,0
2008,381,2,36,"H3","851632",5,36748,15844,296649,2
2008,381,2,36,"H3","851640",5,1631,11493,298760,0
2008,381,1,36,"H3","851810",1,,4691,387810,0
2008,381,2,36,"H3","851810",1,,1838,55322,0
2008,381,1,36,"H3","850811",5,19,300,2354,0
2008,381,1,36,"H3","851521",1,,205,19374,0
2008,381,2,36,"H3","850811",5,7019,71433,1166052,0
2008,381,2,36,"H3","851521",1,,35610,1021408,0
2008,381,1,36,"H3","852351",5,4,7,2034,4
2008,381,2,36,"H3","851711",5,1480,836,66852,0
2008,381,1,36,"H3","851712",5,5,8,4283,0
2008,381,2,36,"H3","851712",5,8,5,3486,0
2008,381,1,36,"H3","851718",5,19,3,1662,2
2008,381,2,36,"H3","851180",5,75088,9822,464988,2
2008,381,2,36,"H3","851718",5,1665,2003,239477,2
2008,381,1,36,"H3","851761",5,104,495,353246,0
2008,381,1,36,"H3","851190",8,18,18,3975,0
2008,381,1,36,"H3","850490",8,296,296,9306,0
2008,381,2,36,"H3","850490",8,100967,100967,1247187,0
2008,381,2,36,"H3","851761",5,1119,5683,1655882,0
2008,381,1,36,"H3","851762",1,,1779,2586556,0
2008,381,2,36,"H3","851190",8,23039,23039,232665,0
2008,381,2,36,"H3","852351",5,1741,301,48744,0
2008,381,2,36,"H3","851762",5,123163,45202,20835081,2
2008,381,1,36,"H3","851769",5,6949,1129,568462,2
2008,381,2,36,"H3","851769",5,21352,8213,1153639,2
2008,381,1,36,"H3","851890",8,53,53,8924,0
2008,381,2,36,"H3","851890",8,15196,15196,544586,0
2008,381,1,36,"H3","851930",5,2,500,66204,0
2008,381,1,36,"H3","851420",1,,1900,51862,0
2008,381,2,36,"H3","851420",5,1,1890,22317,2
2008,381,2,36,"H3","850630",5,300,15,1760,0
2008,381,1,36,"H3","8507",1,,5,4286,0
2008,381,2,36,"H3","8507",1,,308679,1783645,0
2008,381,2,36,"H3","851531",5,307,15618,695462,2
2008,381,1,36,"H3","8528",5,173,345,35527,0
2008,381,2,36,"H3","8517",1,,147525,65800923,0
2008,381,2,36,"H3","8528",5,508,4072,1056696,0
2008,381,1,36,"H3","852841",5,2,1,2298,0
2008,381,1,36,"H3","851150",5,19,162,1470,2
2008,381,1,36,"H3","851840",5,15,318,20539,0
2008,381,2,36,"H3","851840",5,409,2217,192311,2
2008,381,1,36,"H3","8512",1,,17,1847,0
2008,381,2,36,"H3","851650",5,903,23776,344248,0
2008,381,1,36,"H3","852352",5,1196,15,12613,0
2008,381,2,36,"H3","851850",5,2469,14583,468661,0
2008,381,2,36,"H3","8512",1,,65406,2370216,0
2008,381,1,36,"H3","851590",8,33,33,6187,0
2008,381,2,36,"H3","852352",5,12041,51,23406,0
2008,381,2,36,"H3","851590",8,198204,198204,4162924,0
2008,381,1,36,"H3","851770",8,6176,6176,7738305,0
2008,381,2,36,"H3","851210",5,37951,6954,69221,2
2008,381,2,36,"H3","851230",5,28271,36040,722189,2
2008,381,2,36,"H3","851240",1,,27,3057,0
2008,381,2,36,"H3","851770",8,85583,85583,41846507,0
2008,381,1,36,"H3","8519",5,22,535,70696,0
2008,381,2,36,"H3","8519",5,383,612,87075,0
2008,381,1,36,"H3","851981",5,1,14,1470,0
2008,381,2,36,"H3","851981",5,171,132,19278,0
2008,381,1,36,"H3","852290",8,12002,12002,31847,0
2008,381,2,36,"H3","852290",8,16,16,11056,0
2008,381,1,36,"H3","8523",1,,,415815,0
2008,381,2,36,"H3","8523",1,,5766,911602,0
2008,381,1,36,"H3","852321",5,14,4,17025,0
2008,381,1,36,"H3","851821",5,1,77,4468,0
2008,381,2,36,"H3","851821",5,33017,12332,246501,0
2008,381,2,36,"H3","852321",5,2000,10,1887,0
2008,381,1,36,"H3","852329",5,567,,128908,0
2008,381,2,36,"H3","852329",5,4473,468,74660,2
2008,381,1,36,"H3","852340",5,8410,,245646,0
2008,381,2,36,"H3","852340",5,22107,3838,593263,0
2008,381,2,36,"H3","852799",5,1705,2532,20066,0
2008,381,2,36,"H3","851539",1,,397068,5002094,0
2008,381,2,36,"H3","851580",5,3885,71119,1402492,0
2008,381,1,36,"H3","8517",1,,9590,11252515,0
2008,381,2,36,"H3","853120",1,,691,198732,0
2008,381,2,36,"H3","852691",5,360,76,263651,2
2008,381,1,36,"H3","851989",5,19,21,3022,0
2008,381,2,36,"H3","851989",5,212,480,67797,0
2008,381,2,36,"H3","852791",5,9,60,7824,0
2008,381,1,36,"H3","852610",1,,280,4961,0
2008,381,1,36,"H3","852691",5,1142,474,173952,2
2008,381,1,36,"H3","853120",1,,4053,1560721,0
2008,381,2,36,"H3","852190",5,94,443,28121,0
2008,381,1,36,"H3","853180",1,,5,32119,0
2008,381,2,36,"H3","853180",1,,1451,59785,0
2008,381,1,36,"H3","853190",8,298,298,62447,0
2008,381,2,36,"H3","852849",5,37,142,19029,0
2008,381,2,36,"H3","852851",5,147,1869,321306,0
2008,381,1,36,"H3","852692",1,,125,30221,0
2008,381,2,36,"H3","853190",8,3413,3413,318919,0
2008,381,1,36,"H3","852859",5,69,215,16461,0
2008,381,2,36,"H3","852859",5,195,719,268216,0
2008,381,2,36,"H3","852869",5,129,1342,448144,0
2008,381,1,36,"H3","852871",5,2,105,12840,0
2008,381,2,36,"H3","852692",1,,3713,1047653,0
2008,381,1,36,"H3","8529",8,1537,1537,976138,0
2008,381,2,36,"H3","8529",8,30060,30060,3678970,0
2008,381,1,36,"H3","8527",5,192,243,28394,0
2008,381,1,36,"H3","852910",8,314,314,127072,0
2008,381,2,36,"H3","852910",8,17843,17843,932457,0
2008,381,1,36,"H3","852990",8,1223,1223,849066,0
2008,381,2,36,"H3","852990",8,12217,12217,2746514,0
2008,381,2,36,"H3","852359",5,1,1,5763,0
2008,381,1,36,"H3","852380",1,,60,9589,0
2008,381,1,36,"H3","8530",1,,55,35904,0
2008,381,2,36,"H3","8530",1,,42228,1103702,0
2008,381,2,36,"H3","852380",1,,1097,163879,0
2008,381,1,36,"H3","8525",5,130,305,131119,0
2008,381,1,36,"H3","853080",1,,37,20445,0
2008,381,2,36,"H3","853080",1,,39223,729435,0
2008,381,1,36,"H3","8518",1,,6529,518339,0
2008,381,2,36,"H3","8525",5,3380,18346,1053169,0
2008,381,1,36,"H3","853090",8,18,18,15460,0
2008,381,2,36,"H3","8518",1,,111080,3411992,0
2008,381,2,36,"H3","8527",5,1756,3607,94820,0
2008,381,1,36,"H3","8521",5,11,4,12577,0
2008,381,2,36,"H3","8521",5,94,443,28121,0
2008,381,1,36,"H3","852550",5,7,59,24982,0
2008,381,1,36,"H3","852110",5,11,4,12577,0
2008,381,2,36,"H3","853090",8,3005,3005,374267,0
2008,381,1,36,"H3","8522",8,12002,12002,31847,0
2008,381,1,36,"H3","8531",1,,10808,1774615,0
2008,381,1,36,"H3","852721",5,192,243,28394,0
2008,381,2,36,"H3","8522",8,16,16,11056,0
2008,381,2,36,"H3","8531",1,,11862,1194560,0
2008,381,1,36,"H3","853110",5,4371,6452,119329,0
2008,381,2,36,"H3","853110",5,13365,6307,617124,0
2008,381,2,36,"H3","852550",5,3038,15596,618826,0
2008,381,1,36,"H3","852560",5,97,170,70572,0
2008,381,2,36,"H3","852560",5,277,2200,342095,0
2008,381,2,36,"H3","852721",5,15,875,56762,0
2008,381,1,36,"H3","852580",5,26,76,35565,0
2008,381,2,36,"H3","852580",5,65,550,92249,0
2008,381,1,36,"H3","8526",1,,879,209134,0
2008,381,2,36,"H3","852729",5,27,140,10167,0
2008,381,2,36,"H3","8526",1,,3789,1311305,0
2008,381,1,36,"H3","851529",1,,450,23763,0
2008,381,2,36,"H3","851529",1,,65721,600701,0
2008,381,1,36,"H3","852872",5,100,24,3928,0
2008,381,2,36,"H3","853510",8,327,327,10282,0
2008,381,2,36,"H3","853521",8,37158,37158,1062487,0
2008,381,1,36,"H3","853669",8,373,373,57165,0
2008,381,2,36,"H3","853669",8,110653,110653,2334523,0
2008,381,2,36,"H3","853641",8,6810,6810,282278,0
2008,381,1,36,"H3","853650",8,333,333,122005,6
2008,381,2,36,"H3","853670",8,303,303,40496,0
2008,381,1,36,"H3","853530",8,340,340,10559,0
2008,381,2,36,"H3","853530",8,104791,104791,2345837,0
2008,381,2,36,"H3","853650",8,87035,87035,4370311,0
2008,381,1,36,"H3","853630",8,1521,1521,295024,0
2008,381,2,36,"H3","853630",8,7402,7402,749639,0
2008,381,1,36,"H3","853690",8,629,629,98301,0
2008,381,2,36,"H3","853690",8,344324,344324,9614417,0
2008,381,1,36,"H3","853649",8,8,8,2343,0
2008,381,2,36,"H3","853229",8,11288,11288,164355,0
2008,381,1,36,"H3","853230",8,3,3,6137,0
2008,381,2,36,"H3","853290",8,1203,1203,13813,0
2008,381,2,36,"H3","8533",8,2947,2947,67402,0
2008,381,2,36,"H3","853329",8,2734,2734,61267,0
2008,381,2,36,"H3","853339",8,210,210,2428,0
2008,381,2,36,"H3","853340",8,3,3,3707,0
2008,381,1,36,"H3","8534",8,541,541,104248,0
2008,381,2,36,"H3","8534",8,36561,36561,784525,0
2008,381,1,36,"H3","853400",8,541,541,104248,0
2008,381,2,36,"H3","853400",8,36561,36561,784525,0
2008,381,1,36,"H3","8535",8,430,430,30977,0
2008,381,2,36,"H3","853649",8,23326,23326,1806172,0
2008,381,2,36,"H3","8535",8,188013,188013,4829397,0
2008,381,1,36,"H3","853590",8,90,90,20418,0
2008,381,2,36,"H3","853590",8,44477,44477,1318164,0
2008,381,1,36,"H3","8536",8,4160,4160,666543,6
2008,381,2,36,"H3","8536",8,694697,694697,23754489,0
2008,381,1,36,"H3","853610",8,168,168,19095,0
2008,381,2,36,"H3","853610",8,3937,3937,234375,0
2008,381,1,36,"H3","853620",8,1128,1128,72609,0
2008,381,2,36,"H3","853661",8,50517,50517,1399215,0
2008,381,2,36,"H3","853620",8,60390,60390,2923064,0
2008,381,2,36,"H3","854130",1,,18,15011,0
2008,381,1,36,"H3","854390",8,83,83,36611,0
2008,381,2,36,"H3","854390",8,98090,98090,4986437,0
2008,381,2,36,"H3","854310",1,,176,27458,0
2008,381,1,36,"H3","853720",8,18353,18353,481731,0
2008,381,2,36,"H3","853720",8,175479,175479,1751640,0
2008,381,1,36,"H3","8538",8,1013,1013,144102,0
2008,381,2,36,"H3","8538",8,188152,188152,6055986,0
2008,381,1,36,"H3","8532",8,133,133,9402,0
2008,381,1,36,"H3","853810",8,48,48,2505,0
2008,381,2,36,"H3","853810",8,134359,134359,1766204,0
2008,381,1,36,"H3","853890",8,965,965,141597,0
2008,381,2,36,"H3","853890",8,53793,53793,4289782,0
2008,381,2,36,"H3","8532",8,135547,135547,3612690,0
2008,381,1,36,"H3","853910",5,100,345,3078,0
2008,381,2,36,"H3","853210",8,17740,17740,340701,0
2008,381,2,36,"H3","853221",8,21010,21010,162486,0
2008,381,2,36,"H3","853910",5,818,611,21593,0
2008,381,1,36,"H3","853222",8,130,130,3264,0
2008,381,2,36,"H3","853222",8,145,145,5711,0
2008,381,2,36,"H3","853225",8,84161,84161,2925623,0
2008,381,1,36,"H3","853921",5,3,11,9813,0
2008,381,2,36,"H3","853921",5,1009,508,38140,0
2008,381,2,36,"H3","853922",5,53193,3336,170610,0
2008,381,1,36,"H3","853929",5,30,15,5126,0
2008,381,2,36,"H3","853929",5,203,152,24557,0
2008,381,1,36,"H3","853931",5,39,13,5952,0
2008,381,1,36,"H3","853932",5,71,103,15963,0
2008,381,2,36,"H3","853932",5,2,14,2845,0
2008,381,1,36,"H3","853939",5,56,47,16435,0
2008,381,2,36,"H3","853939",5,931,1140,64842,0
2008,381,2,36,"H3","853949",5,160,3035,104958,0
2008,381,2,36,"H3","853990",8,1665,1665,75129,0
2008,381,1,36,"H3","854320",1,,1500,125663,0
2008,381,2,36,"H3","854320",1,,750,70960,0
2008,381,1,36,"H3","854121",1,,11,8046,0
2008,381,2,36,"H3","854129",1,,58,44525,0
2008,381,2,36,"H3","854330",1,,1349,55422,0
2008,381,1,36,"H3","854370",1,,3692,229251,0
2008,381,1,36,"H3","854140",1,,268,123709,0
2008,381,2,36,"H3","854140",1,,755,118444,0
2008,381,2,36,"H3","854150",1,,244,27867,0
2008,381,2,36,"H3","854190",8,260,260,27867,0
2008,381,2,36,"H3","854370",1,,25551,726413,0
2008,381,1,36,"H3","8543",1,,5275,391525,0
2008,381,2,36,"H3","8543",1,,125916,5866690,0
2008,381,1,36,"H3","8539",1,,534,56367,0
2008,381,2,36,"H3","8539",1,,10461,502674,0
2008,381,1,36,"H3","854430",8,100,100,2026,0
2008,381,2,36,"H3","854430",8,4286,4286,134502,0
2008,381,1,36,"H3","854460",8,20,20,16043,0
2008,381,2,36,"H3","854460",8,1757538,1757538,11584281,0
2008,381,2,36,"H3","853529",8,1260,1260,92628,0
2008,381,2,36,"H3","854720",8,561,561,21803,0
2008,381,1,36,"H3","8544",8,3228,3228,381589,0
2008,381,2,36,"H3","8544",8,1902652,1902652,13636264,0
2008,381,1,36,"H3","8537",8,23681,23681,752620,0
2008,381,2,36,"H3","8537",8,184616,184616,2107227,0
2008,381,1,36,"H3","853710",8,5328,5328,270889,0
2008,381,2,36,"H3","853710",8,9137,9137,355587,0
2008,381,2,36,"H3","854790",8,379,379,16002,0
2008,381,2,36,"H3","854890",8,26259,26259,801891,0
2008,381,1,36,"H3","86",1,,,55847,0
2008,381,2,36,"H3","86",1,,,6011404,0
2008,381,2,36,"H3","854449",8,103652,103652,935399,0
2008,381,1,36,"H3","854470",8,954,954,330797,0
2008,381,2,36,"H3","854470",8,98,98,14060,0
2008,381,1,36,"H3","8540",1,,19,18092,0
2008,381,2,36,"H3","8540",1,,419,13967,0
2008,381,2,36,"H3","854099",8,226,226,6548,0
2008,381,1,36,"H3","854110",1,,17,12977,0
2008,381,2,36,"H3","854110",1,,5436,172605,0
2008,381,2,36,"H3","854511",8,11828,11828,74290,0
2008,381,2,36,"H3","870110",5,1,532,3516,0
2008,381,2,36,"H3","854520",8,653,653,11442,0
2008,381,1,36,"H3","854620",8,400,400,2338,0
2008,381,2,36,"H3","854620",8,3255,3255,49854,0
2008,381,1,36,"H3","854710",8,1,1,3646,0
2008,381,2,36,"H3","854710",8,140,140,1763,0
2008,381,2,36,"H3","854411",8,10136,10136,162585,0
2008,381,1,36,"H3","854420",8,1854,1854,26382,0
2008,381,2,36,"H3","854420",8,3948,3948,119946,0
2008,381,1,36,"H3","854239",1,,26,12304,0
2008,381,2,36,"H3","8545",8,24218,24218,200862,0
2008,381,1,36,"H3","87",1,,,2802280,0
2008,381,1,36,"H3","854089",5,1,3,15868,0
2008,381,2,36,"H3","854089",5,20,60,1926,0
2008,381,2,36,"H3","87",1,,,438418745,0
2008,381,1,36,"H3","8541",1,,296,144732,0
2008,381,2,36,"H3","8541",1,,6771,406318,0
2008,381,2,36,"H3","854239",1,,30,23314,0
2008,381,2,36,"H3","854290",8,40,40,13280,0
2008,381,2,36,"H3","8547",8,1080,1080,39568,0
2008,381,1,36,"H3","8542",1,,146,258556,0
2008,381,2,36,"H3","8542",1,,332,231178,0
2008,381,1,36,"H3","854231",1,,9,27296,0
2008,381,2,36,"H3","854231",1,,75,84401,0
2008,381,1,36,"H3","854233",5,267077,81,210623,2
2008,381,2,36,"H3","854690",8,25026,25026,495372,0
2008,381,1,36,"H3","8547",8,1,1,3646,0
2008,381,1,36,"H3","854419",8,300,300,6340,0
2008,381,2,36,"H3","854419",8,1922,1922,62854,0
2008,381,1,36,"H3","8704",5,1,2010,47115,0
2008,381,2,36,"H3","8704",5,1203,3159620,40399762,0
2008,381,2,36,"H3","870410",5,26,381611,4649705,0
2008,381,1,36,"H3","870421",5,1,2010,47115,0
2008,381,2,36,"H3","870421",5,626,1220307,16246759,0
2008,381,2,36,"H3","870422",5,527,1410586,17875096,0
2008,381,2,36,"H3","870423",5,8,112800,1158031,0
2008,381,2,36,"H3","870431",5,1,5066,50609,0
2008,381,2,36,"H3","8548",8,26259,26259,801891,0
2008,381,2,36,"H3","870490",5,15,29250,419561,0
2008,381,2,36,"H3","8705",5,308,1619723,19111659,0
2008,381,2,36,"H3","8602",1,,58000,1112899,0
2008,381,2,36,"H3","860290",1,,58000,1112899,0
2008,381,2,36,"H3","8604",5,4,129685,4572722,0
2008,381,2,36,"H3","860400",5,4,129685,4572722,0
2008,381,2,36,"H3","854442",8,21072,21072,622638,0
2008,381,2,36,"H3","870333",5,812,1558756,20898239,0
2008,381,2,36,"H3","854012",5,2,133,5493,0
2008,381,1,36,"H3","854079",5,41,16,2224,0
2008,381,2,36,"H3","8701",5,1515,5571964,51270852,0
2008,381,2,36,"H3","870390",5,2,2935,23017,0
2008,381,2,36,"H3","870120",5,5,52790,606032,0
2008,381,2,36,"H3","870130",5,7,30550,558624,0
2008,381,2,36,"H3","854519",8,11737,11737,115131,0
2008,381,2,36,"H3","870190",5,1502,5488092,50102679,0
2008,381,1,36,"H3","8546",8,400,400,2338,0
2008,381,2,36,"H3","8546",8,47777,47777,622154,0
2008,381,2,36,"H3","854610",8,19496,19496,76928,0
2008,381,2,36,"H3","8702",5,3,5850,83868,0
2008,381,2,36,"H3","870210",5,3,5850,83868,0
2008,381,1,36,"H3","854232",5,1813,30,8333,2
2008,381,2,36,"H3","854232",5,102408,187,110183,2
2008,381,2,36,"H3","870324",5,513,857950,67116794,0
2008,381,2,36,"H3","870919",5,1,98,4736,0
2008,381,2,36,"H3","870322",5,1320,1280950,18463334,0
2008,381,1,36,"H3","871140",5,1,220,9404,0
2008,381,2,36,"H3","871140",5,1523,208507,10259577,0
2008,381,2,36,"H3","871190",5,1880,335817,26350551,0
2008,381,1,36,"H3","8712",5,2,20,1951,0
2008,381,1,36,"H3","870850",8,15098,15098,361616,0
2008,381,2,36,"H3","8712",5,2625,38720,2268177,0
2008,381,2,36,"H3","870540",5,1,7500,76038,0
2008,381,2,36,"H3","870870",8,256292,256292,1555145,0
2008,381,1,36,"H3","8607",8,6332,6332,29366,0
2008,381,1,36,"H3","870323",5,1,2000,55967,0
2008,381,2,36,"H3","870323",5,591,871049,14657026,0
2008,381,2,36,"H3","8607",8,14162,14162,298101,0
2008,381,2,36,"H3","860711",8,5809,5809,161209,0
2008,381,1,36,"H3","860719",8,1289,1289,1738,0
2008,381,2,36,"H3","860719",8,6459,6459,44842,0
2008,381,1,36,"H3","860721",8,3902,3902,15090,0
2008,381,2,36,"H3","860721",8,290,290,27805,0
2008,381,1,36,"H3","860729",8,14,14,5086,0
2008,381,1,36,"H3","860730",8,882,882,4638,0
2008,381,1,36,"H3","871130",5,3,1380,10084,0
2008,381,2,36,"H3","871130",5,196,35260,1415899,0
2008,381,2,36,"H3","870850",8,106268,106268,713970,0
2008,381,2,36,"H3","860730",8,80,80,25346,0
2008,381,1,36,"H3","860799",8,245,245,2813,0
2008,381,2,36,"H3","860799",8,1524,1524,38900,0
2008,381,1,36,"H3","8608",8,17,17,10400,0
2008,381,1,36,"H3","870870",8,750,750,12798,0
2008,381,2,36,"H3","8608",8,312,312,25186,0
2008,381,1,36,"H3","860800",8,17,17,10400,0
2008,381,2,36,"H3","870331",5,65,63016,980565,0
2008,381,2,36,"H3","870590",5,307,1612223,19035621,0
2008,381,2,36,"H3","860800",8,312,312,25186,0
2008,381,1,36,"H3","8609",5,10,21500,16081,0
2008,381,2,36,"H3","8609",5,1,4400,2496,0
2008,381,2,36,"H3","870332",5,642,1045210,16029537,0
2008,381,1,36,"H3","860900",5,10,21500,16081,0
2008,381,2,36,"H3","860900",5,1,4400,2496,0
2008,381,2,36,"H3","8707",5,77,94289,1323527,0
2008,381,2,36,"H3","870710",5,1,1976,43954,0
2008,381,1,36,"H3","8708",8,145890,145890,2539811,0
2008,381,1,36,"H3","870880",8,41558,41558,630344,0
2008,381,2,36,"H3","870880",8,138072,138072,1122329,0
2008,381,2,36,"H3","8708",8,9299066,9299066,88945568,0
2008,381,2,36,"H3","870810",8,49130,49130,977102,0
2008,381,1,36,"H3","870821",8,8,8,1575,0
2008,381,2,36,"H3","870821",8,11225,11225,124856,0
2008,381,2,36,"H3","870895",8,18,18,3508,0
2008,381,1,36,"H3","870899",8,78059,78059,1356128,0
2008,381,1,36,"H3","870829",8,2785,2785,85518,0
2008,381,2,36,"H3","870899",8,7703180,7703180,65480472,0
2008,381,2,36,"H3","870829",8,492143,492143,9193281,0
2008,381,1,36,"H3","870830",8,6437,6437,84195,0
2008,381,2,36,"H3","8709",1,,118,6233,0
2008,381,2,36,"H3","870990",8,20,20,1496,0
2008,381,2,36,"H3","870830",8,427908,427908,8133786,0
2008,381,2,36,"H3","871110",5,233,19969,438235,0
2008,381,2,36,"H3","870321",5,4,3000,14535,0
2008,381,2,36,"H3","871120",5,3507,485552,18088074,0
2008,381,1,36,"H3","870840",8,1080,1080,2439,0
2008,381,2,36,"H3","870840",8,21582,21582,581404,0
2008,381,1,36,"H3","871150",5,2,550,18305,0
2008,381,2,36,"H3","871150",5,1248,247324,16805041,0
2008,381,1,36,"H3","871200",5,2,20,1951,0
2008,381,2,36,"H3","871200",5,2625,38720,2268177,0
2008,381,1,36,"H3","8703",5,1,2000,55967,0
2008,381,2,36,"H3","8716",1,,524354,4143642,0
2008,381,1,36,"H3","8711",5,6,2150,37794,0
2008,381,2,36,"H3","8703",5,3949,5682866,138183047,0
2008,381,2,36,"H3","8711",5,8587,1332429,73357377,0
2008,381,2,36,"H3","8713",5,48,604,27985,0
2008,381,2,36,"H3","871310",5,16,270,11547,0
2008,381,2,36,"H3","871390",5,32,334,16438,0
2008,381,2,36,"H3","871411",8,1711,1711,73582,0
2008,381,1,36,"H3","871419",8,1721,1721,88713,0
2008,381,2,36,"H3","871419",8,122616,122616,9352906,0
2008,381,2,36,"H3","870790",5,76,92313,1279574,0
2008,381,2,36,"H3","870893",8,21108,21108,240840,0
2008,381,2,36,"H3","871494",8,6280,6280,138863,0
2008,381,1,36,"H3","871496",8,3,3,1575,0
2008,381,2,36,"H3","871496",8,1789,1789,165057,0
2008,381,2,36,"H3","8715",8,75675,75675,1504332,0
2008,381,2,36,"H3","871680",5,417,7886,72239,2
2008,381,2,36,"H3","871620",5,20,54490,400128,0
2008,381,1,36,"H3","900490",1,,196,12228,0
2008,381,2,36,"H3","871690",8,461978,461978,3671276,0
2008,381,1,36,"H3","8714",1,,2237,119641,0
2008,381,2,36,"H3","8714",1,,231470,17792714,0
2008,381,2,36,"H3","871500",8,75675,75675,1504332,0
2008,381,1,36,"H3","89",1,,,12886545,0
2008,381,2,36,"H3","89",1,,,6054286,0
2008,381,1,36,"H3","8903",5,15,282920,12876384,0
2008,381,2,36,"H3","8903",5,111,70957,4635287,0
2008,381,2,36,"H3","890310",5,21,2606,37927,0
2008,381,1,36,"H3","890392",5,12,259690,12739280,0
2008,381,1,36,"H3","871420",8,128,128,11335,0
2008,381,2,36,"H3","871420",8,559,559,51035,0
2008,381,2,36,"H3","870892",8,25626,25626,280180,0
2008,381,2,36,"H3","900390",8,4862,4862,672072,0
2008,381,2,36,"H3","890392",5,2,37500,2648591,0
2008,381,1,36,"H3","870894",8,115,115,5199,0
2008,381,2,36,"H3","870894",8,14550,14550,369011,0
2008,381,1,36,"H3","871491",8,18,18,5550,0
2008,381,1,36,"H3","8907",1,,87,10161,0
2008,381,2,36,"H3","8907",1,,43079,1152245,0
2008,381,2,36,"H3","890710",1,,3695,85472,0
2008,381,2,36,"H3","871491",8,15615,15615,2040267,0
2008,381,1,36,"H3","871492",8,100,100,3646,0
2008,381,2,36,"H3","871492",8,5875,5875,182739,0
2008,381,2,36,"H3","8908",1,,16220,266754,0
2008,381,1,36,"H3","900410",5,20656,1531,520691,0
2008,381,1,36,"H3","871499",8,214,214,6226,0
2008,381,1,36,"H3","90",1,,,22160064,0
2008,381,2,36,"H3","90",1,,,145129449,0
2008,381,2,36,"H3","871499",8,38706,38706,4562075,0
2008,381,2,36,"H3","900410",5,1328632,173372,49812293,0
2008,381,2,36,"H3","900490",5,1035719,7405,1121554,2
2008,381,1,36,"H3","890399",5,2,22,4957,0
2008,381,2,36,"H3","890399",5,84,6597,237758,0
2008,381,1,36,"H3","890790",1,,87,10161,0
2008,381,2,36,"H3","890790",1,,39384,1066774,0
2008,381,1,36,"H3","9005",1,,94,110249,0
2008,381,2,36,"H3","9005",1,,910,58725,0
2008,381,1,36,"H3","900150",5,52402,2997,567599,0
2008,381,2,36,"H3","900150",5,79429,1419,88790,0
2008,381,1,36,"H3","88",1,,,7008650,0
2008,381,2,36,"H3","88",1,,,79222636,0
2008,381,1,36,"H3","8801",5,9,465,22198,0
2008,381,2,36,"H3","8801",5,2,950,157691,0
2008,381,2,36,"H3","900190",8,718,718,98276,0
2008,381,1,36,"H3","9002",8,24,24,4555,0
2008,381,2,36,"H3","900290",8,562,562,159603,0
2008,381,1,36,"H3","9003",1,,595,243723,0
2008,381,1,36,"H3","880100",5,9,465,22198,0
2008,381,2,36,"H3","9003",1,,67411,16511393,0
2008,381,2,36,"H3","880100",5,2,950,157691,0
2008,381,1,36,"H3","900311",5,6308,514,173428,0
2008,381,1,36,"H3","8802",5,2,2336,4044289,0
2008,381,2,36,"H3","8802",5,40,84378,63665204,0
2008,381,2,36,"H3","880211",5,8,8075,17633602,0
2008,381,1,36,"H3","880212",5,1,2046,3986150,0
2008,381,2,36,"H3","880212",5,6,61490,42380469,0
2008,381,1,36,"H3","880220",5,1,290,58139,0
2008,381,2,36,"H3","880220",5,25,11213,3603702,0
2008,381,2,36,"H3","880230",5,1,3600,47432,0
2008,381,1,36,"H3","8803",8,1993,1993,2927884,0
2008,381,2,36,"H3","8803",8,17414,17414,15343925,0
2008,381,2,36,"H3","900311",5,109147,19108,4823619,0
2008,381,1,36,"H3","900319",5,1265,81,70295,0
2008,381,2,36,"H3","900319",5,412085,43441,11015702,0
2008,381,1,36,"H3","890391",5,1,23208,132147,0
2008,381,2,36,"H3","890391",5,4,24254,1711011,0
2008,381,2,36,"H3","871493",8,23320,23320,497516,0
2008,381,1,36,"H3","9004",1,,1727,532919,0
2008,381,1,36,"H3","871495",1,,53,2596,0
2008,381,2,36,"H3","871495",5,681846,14999,728676,2
2008,381,2,36,"H3","9004",1,,180777,50933847,0
2008,381,2,36,"H3","890800",1,,16220,266754,0
2008,381,2,36,"H3","9002",8,870,870,189340,6
2008,381,2,36,"H3","900211",8,23,23,19156,6
2008,381,2,36,"H3","900219",8,2,2,3635,6
2008,381,2,36,"H3","900220",8,283,283,6946,0
2008,381,1,36,"H3","9001",1,,2999,571899,0
2008,381,1,36,"H3","900290",8,24,24,4555,0
2008,381,2,36,"H3","9001",1,,61647,6970495,0
2008,381,2,36,"H3","900130",5,2273,50,6036,0
2008,381,2,36,"H3","900140",5,6911,187,23416,0
2008,381,2,36,"H3","9012",1,,10,4359,0
2008,381,1,36,"H3","8805",8,43,43,12027,0
2008,381,2,36,"H3","8805",8,13,13,1799,0
2008,381,1,36,"H3","880529",8,43,43,12027,0
2008,381,1,36,"H3","9012",1,,6,9664,0
2008,381,1,36,"H3","900890",8,51,51,11428,0
2008,381,2,36,"H3","900890",8,394,394,80604,0
2008,381,1,36,"H3","900110",8,2,2,4301,0
2008,381,2,36,"H3","900110",8,59273,59273,6753977,0
2008,381,1,36,"H3","880400",8,50,50,2252,0
2008,381,2,36,"H3","880400",8,1411,1411,54017,0
2008,381,2,36,"H3","901310",1,,247,12215,0
2008,381,2,36,"H3","901380",1,,1679,32779,0
2008,381,1,36,"H3","880320",8,54,54,3904,0
2008,381,2,36,"H3","880320",8,30,30,67759,0
2008,381,1,36,"H3","880330",8,1824,1824,2887665,0
2008,381,2,36,"H3","880330",8,9464,9464,14574829,0
2008,381,1,36,"H3","880390",8,100,100,16843,0
2008,381,2,36,"H3","880390",8,839,839,132872,0
2008,381,1,36,"H3","8804",8,50,50,2252,0
2008,381,2,36,"H3","8804",8,1411,1411,54017,0
2008,381,2,36,"H3","900699",8,12884,12884,492867,0
2008,381,1,36,"H3","9007",1,,140,7927,0
2008,381,2,36,"H3","870891",8,31964,31964,169683,0
2008,381,2,36,"H3","9007",1,,18336,437187,0
2008,381,1,36,"H3","900791",8,110,110,2459,0
2008,381,2,36,"H3","900791",8,17930,17930,424409,0
2008,381,1,36,"H3","900792",8,30,30,5468,0
2008,381,1,36,"H3","901190",8,6,6,4283,0
2008,381,2,36,"H3","900792",8,2,2,2349,0
2008,381,1,36,"H3","9008",1,,51,11428,0
2008,381,2,36,"H3","9008",1,,8112,286959,0
2008,381,2,36,"H3","900830",5,460,7718,206355,0
2008,381,2,36,"H3","901190",8,678,678,123492,0
2008,381,1,36,"H3","9010",1,,49,47454,0
2008,381,2,36,"H3","9010",1,,7449,293347,0
2008,381,1,36,"H3","901831",1,,178,112168,0
2008,381,1,36,"H3","901890",1,,19911,3257445,0
2008,381,2,36,"H3","901890",1,,263872,12606135,0
2008,381,1,36,"H3","901390",8,107,107,39058,0
2008,381,2,36,"H3","901390",8,309,309,110058,0
2008,381,1,36,"H3","901480",1,,273,81592,0
2008,381,2,36,"H3","901480",1,,5566,353884,0
2008,381,1,36,"H3","9015",1,,36,39268,0
2008,381,2,36,"H3","9015",1,,1606,342459,0
2008,381,1,36,"H3","880310",8,15,15,19473,0
2008,381,2,36,"H3","880310",8,7081,7081,568465,0
2008,381,1,36,"H3","9019",8,31,31,7679,0
2008,381,2,36,"H3","9019",8,83783,83783,2716088,0
2008,381,1,36,"H3","901910",8,23,23,1737,0
2008,381,2,36,"H3","901910",8,2596,2596,93285,0
2008,381,1,36,"H3","901920",8,8,8,5942,0
2008,381,2,36,"H3","901920",8,81187,81187,2622803,0
2008,381,1,36,"H3","901850",8,1245,1245,704466,0
2008,381,2,36,"H3","901850",8,60969,60969,4242050,0
2008,381,2,36,"H3","901590",8,133,133,38053,0
2008,381,2,36,"H3","901831",1,,31349,527577,0
2008,381,2,36,"H3","901832",8,596,596,21144,0
2008,381,2,36,"H3","880521",8,13,13,1799,0
2008,381,1,36,"H3","901839",1,,880,29072,0
2008,381,2,36,"H3","9016",8,742,742,45210,0
2008,381,2,36,"H3","900691",8,42040,42040,1170057,0
2008,381,2,36,"H3","900720",5,11,404,10429,0
2008,381,2,36,"H3","901839",5,314322,407,69191,2
2008,381,2,36,"H3","901720",5,38207,4993,106521,2
2008,381,1,36,"H3","901813",1,,56,23466,0
2008,381,2,36,"H3","901813",1,,12665,879332,0
2008,381,1,36,"H3","901849",1,,949,47009,0
2008,381,2,36,"H3","901849",1,,66608,3691842,0
2008,381,2,36,"H3","901820",8,159,159,89279,0
2008,381,2,36,"H3","9022",1,,36281,1051728,0
2008,381,1,36,"H3","9022",1,,6445,287704,0
2008,381,1,36,"H3","901290",8,6,6,9664,0
2008,381,2,36,"H3","901290",8,10,10,4359,0
2008,381,1,36,"H3","902212",5,37,5325,234928,0
2008,381,2,36,"H3","902212",5,1,589,102774,0
2008,381,1,36,"H3","902213",5,32,80,28033,0
2008,381,2,36,"H3","902213",5,281,1581,160203,0
2008,381,1,36,"H3","9014",1,,461,546957,0
2008,381,2,36,"H3","9014",1,,10653,4797519,0
2008,381,1,36,"H3","901420",1,,85,379792,0
2008,381,2,36,"H3","901420",5,417,1220,4189014,2
2008,381,2,36,"H3","902219",5,5,477,73868,0
2008,381,2,36,"H3","900652",5,82,9,5275,0
2008,381,2,36,"H3","901600",8,742,742,45210,0
2008,381,1,36,"H3","9021",1,,429,563376,0
2008,381,2,36,"H3","9021",1,,5418,4126370,0
2008,381,1,36,"H3","902110",8,40,40,52870,0
2008,381,2,36,"H3","902110",8,1897,1897,3538647,0
2008,381,2,36,"H3","902121",8,57,57,14563,0
2008,381,2,36,"H3","902129",8,3220,3220,187888,0
2008,381,1,36,"H3","902131",8,58,58,175280,0
2008,381,2,36,"H3","902131",8,17,17,11183,0
2008,381,1,36,"H3","902139",8,306,306,301119,0
2008,381,2,36,"H3","902139",8,39,39,322262,0
2008,381,2,36,"H3","902150",5,10,4,26207,0
2008,381,1,36,"H3","902190",8,25,25,34107,0
2008,381,2,36,"H3","902190",8,160,160,10807,0
2008,381,1,36,"H3","901819",1,,648,927855,0
2008,381,2,36,"H3","901819",1,,3833,1067276,0
2008,381,2,36,"H3","901540",8,100,100,2202,0
2008,381,2,36,"H3","902610",5,64795,27855,1200245,0
2008,381,2,36,"H3","902221",5,7,744,18514,0
2008,381,2,36,"H3","901530",5,20,427,6491,2
2008,381,1,36,"H3","901580",1,,36,39268,0
2008,381,2,36,"H3","901580",1,,946,295712,0
2008,381,1,36,"H3","902290",8,1007,1007,12668,0
2008,381,2,36,"H3","902290",8,32857,32857,687924,0
2008,381,2,36,"H3","9020",8,315,315,52720,0
2008,381,1,36,"H3","9017",1,,230,48148,0
2008,381,2,36,"H3","9017",1,,5598,150357,0
2008,381,1,36,"H3","9028",1,,856,100646,0
2008,381,2,36,"H3","9028",1,,11567,579036,0
2008,381,2,36,"H3","9011",1,,678,123492,0
2008,381,1,36,"H3","902820",5,235,186,17342,0
2008,381,2,36,"H3","902820",5,5392,8519,446666,0
2008,381,1,36,"H3","902890",8,670,670,83304,0
2008,381,2,36,"H3","902890",8,71,71,14968,0
2008,381,1,36,"H3","9029",1,,42,10168,0
2008,381,2,36,"H3","902620",5,28602,12281,1336260,0
2008,381,1,36,"H3","901010",1,,6,3354,0
2008,381,2,36,"H3","901010",5,3,1038,58185,2
2008,381,1,36,"H3","901050",1,,6,10375,0
2008,381,2,36,"H3","901050",1,,649,37432,0
2008,381,1,36,"H3","901812",5,3,108,54782,2
2008,381,2,36,"H3","901812",5,40,1062,870429,2
2008,381,1,36,"H3","901090",8,37,37,33725,0
2008,381,2,36,"H3","901090",8,5762,5762,197730,0
2008,381,2,36,"H3","9029",1,,1721,379212,0
2008,381,1,36,"H3","9026",1,,11582,1237423,0
2008,381,1,36,"H3","9011",1,,6,4283,0
2008,381,2,36,"H3","9026",1,,63794,3934811,0
2008,381,1,36,"H3","902610",5,46241,4825,824470,0
2008,381,2,36,"H3","902000",8,315,315,52720,0
2008,381,1,36,"H3","900651",5,1,3,2857,0
2008,381,2,36,"H3","902920",1,,920,114809,0
2008,381,1,36,"H3","9013",1,,242,91829,0
2008,381,2,36,"H3","9013",1,,4585,810237,0
2008,381,1,36,"H3","901320",1,,135,52771,0
2008,381,2,36,"H3","901320",1,,2350,655185,0
2008,381,2,36,"H3","901410",5,24,2484,90528,2
2008,381,1,36,"H3","900510",5,3,4,3882,0
2008,381,2,36,"H3","900510",5,58,7,24222,0
2008,381,2,36,"H3","902990",8,406,406,183923,0
2008,381,1,36,"H3","901490",8,103,103,85574,0
2008,381,2,36,"H3","901490",8,1383,1383,164092,0
2008,381,1,36,"H3","902229",5,1,33,12075,0
2008,381,2,36,"H3","902229",5,1,33,8444,0
2008,381,1,36,"H3","9030",1,,114,78953,0
2008,381,2,36,"H3","902910",1,,395,80480,0
2008,381,2,36,"H3","9030",1,,28731,2507866,0
2008,381,1,36,"H3","9023",8,2966,2966,62384,0
2008,381,2,36,"H3","9023",8,27797,27797,355332,0
2008,381,1,36,"H3","902300",8,2966,2966,62384,0
2008,381,2,36,"H3","902300",8,27797,27797,355332,0
2008,381,2,36,"H3","900580",1,,903,34503,0
2008,381,1,36,"H3","900590",8,90,90,106366,0
2008,381,1,36,"H3","9006",1,,3,2857,0
2008,381,2,36,"H3","9006",1,,54933,1668200,0
2008,381,1,36,"H3","902790",8,7879,7879,1927092,0
2008,381,2,36,"H3","902790",8,3120,3120,567574,0
2008,381,2,36,"H3","902830",5,2335,2977,117402,0
2008,381,2,36,"H3","902140",5,490,24,14813,0
2008,381,1,36,"H3","901841",8,22,22,21199,0
2008,381,2,36,"H3","901841",8,581,581,61944,0
2008,381,1,36,"H3","901780",1,,230,48148,0
2008,381,2,36,"H3","901780",1,,555,40631,0
2008,381,2,36,"H3","901790",8,50,50,3205,0
2008,381,1,36,"H3","9018",1,,24125,5196892,0
2008,381,2,36,"H3","9018",1,,444067,24511049,0
2008,381,1,36,"H3","902910",1,,42,10168,0
2008,381,1,36,"H3","902750",1,,4294,200724,0
2008,381,2,36,"H3","902750",5,25,314,113256,2
2008,381,1,36,"H3","902780",1,,11534,4338135,0
2008,381,2,36,"H3","902780",1,,13689,3091935,0
2008,381,1,36,"H3","903220",5,11000,1450,40134,0
2008,381,1,36,"H3","902680",1,,292,60821,0
2008,381,2,36,"H3","902680",5,570,6349,420864,2
2008,381,2,36,"H3","903220",5,121500,18011,734573,0
2008,381,1,36,"H3","903281",1,,13,2085,0
2008,381,2,36,"H3","903281",5,123,1076,98380,2
2008,381,1,36,"H3","9027",1,,42454,10236600,0
2008,381,2,36,"H3","9027",1,,19481,4104011,0
2008,381,1,36,"H3","902720",1,,26,12784,0
2008,381,2,36,"H3","902720",5,3,110,17968,2
2008,381,1,36,"H3","902480",1,,3671,554413,0
2008,381,2,36,"H3","902480",1,,10221,347662,0
2008,381,1,36,"H3","9025",1,,1030,37757,0
2008,381,2,36,"H3","9025",1,,24821,1317337,0
2008,381,1,36,"H3","902519",5,81,11,3906,0
2008,381,1,36,"H3","903084",1,,11,6218,0
2008,381,2,36,"H3","903084",1,,29,42123,0
2008,381,2,36,"H3","902519",5,32792,1859,347950,0
2008,381,1,36,"H3","903110",1,,40,15841,0
2008,381,1,36,"H3","901811",1,,128,19429,0
2008,381,2,36,"H3","903110",1,,36536,859118,0
2008,381,2,36,"H3","901811",5,191,1966,384850,2
2008,381,1,36,"H3","903120",1,,300,2283,0
2008,381,2,36,"H3","903120",5,2,215,33910,2
2008,381,2,36,"H3","910529",5,158,386,19389,0
2008,381,1,36,"H3","902730",1,,18676,3737417,0
2008,381,1,36,"H3","903010",1,,13,10397,0
2008,381,1,36,"H3","903210",5,3683,352,12312,0
2008,381,2,36,"H3","903210",5,154003,21257,1399353,0
2008,381,2,36,"H3","902730",1,,1395,213544,0
2008,381,1,36,"H3","903040",1,,8,1640,0
2008,381,2,36,"H3","903040",1,,1571,441094,0
2008,381,2,36,"H3","9104",5,295,47,8670,0
2008,381,2,36,"H3","910400",5,295,47,8670,0
2008,381,2,36,"H3","903149",1,,5468,542813,0
2008,381,1,36,"H3","903190",8,191,191,98382,0
2008,381,2,36,"H3","903190",8,16274,16274,1339873,0
2008,381,1,36,"H3","9032",1,,2214,216289,0
2008,381,2,36,"H3","9032",1,,81964,6394980,0
2008,381,2,36,"H3","911390",8,20,20,5934,0
2008,381,2,36,"H3","910591",5,53,71,7316,0
2008,381,2,36,"H3","910610",5,125,152,113088,0
2008,381,1,36,"H3","9107",5,2400,1140,42055,0
2008,381,2,36,"H3","9107",5,10409,1315,97392,0
2008,381,1,36,"H3","910700",5,2400,1140,42055,0
2008,381,2,36,"H3","910700",5,10409,1315,97392,0
2008,381,2,36,"H3","9108",5,40,2,3606,0
2008,381,1,36,"H3","902710",5,112,45,20448,0
2008,381,2,36,"H3","902710",5,1400,853,99734,0
2008,381,2,36,"H3","910812",5,40,2,3606,0
2008,381,1,36,"H3","902410",1,,108,53147,0
2008,381,2,36,"H3","902410",1,,497,33930,0
2008,381,1,36,"H3","911290",8,13,13,1575,6
2008,381,2,36,"H3","911290",8,3,3,1706,0
2008,381,2,36,"H3","9113",8,20,20,5934,0
2008,381,2,36,"H3","910599",5,612,579,20746,0
2008,381,1,36,"H3","910610",5,36,26,7998,0
2008,381,2,36,"H3","9114",8,89,89,268648,0
2008,381,1,36,"H3","903089",1,,23,20195,0
2008,381,2,36,"H3","903089",1,,20097,921419,0
2008,381,1,36,"H3","9031",1,,6387,1098276,0
2008,381,2,36,"H3","9105",5,918,1106,50612,0
2008,381,2,36,"H3","910521",5,95,70,3161,0
2008,381,2,36,"H3","9031",1,,103571,8246200,0
2008,381,1,36,"H3","903149",1,,40,110080,0
2008,381,1,36,"H3","910690",5,1,3,2316,0
2008,381,2,36,"H3","910690",5,4045,635,107160,0
2008,381,1,36,"H3","9112",1,,13,1575,4
2008,381,1,36,"H3","9024",1,,3958,704338,0
2008,381,2,36,"H3","9024",1,,16711,588665,0
2008,381,1,36,"H3","903033",1,,41,33251,0
2008,381,2,36,"H3","9112",1,,3,1706,0
2008,381,2,36,"H3","903033",1,,3814,451565,0
2008,381,2,36,"H3","903039",1,,387,51897,0
2008,381,1,36,"H3","9106",5,37,29,10313,0
2008,381,2,36,"H3","9106",5,4170,787,220248,0
2008,381,2,36,"H3","920810",1,,101,10489,0
2008,381,2,36,"H3","9206",1,,150,1835,0
2008,381,2,36,"H3","920600",1,,150,1835,0
2008,381,1,36,"H3","903090",8,10,10,3329,0
2008,381,2,36,"H3","903090",8,2726,2726,590303,0
2008,381,1,36,"H3","902580",1,,1019,33852,0
2008,381,2,36,"H3","902580",1,,21997,894608,0
2008,381,1,36,"H3","920790",5,66,197,24553,2
2008,381,2,36,"H3","920790",5,298,2280,98759,2
2008,381,2,36,"H3","9208",1,,101,10489,0
2008,381,2,36,"H3","920991",8,742,742,34535,0
2008,381,1,36,"H3","9033",8,306,306,48417,0
2008,381,2,36,"H3","9033",8,8787,8787,640915,0
2008,381,1,36,"H3","903300",8,306,306,48417,0
2008,381,2,36,"H3","903300",8,8787,8787,640915,0
2008,381,1,36,"H3","91",1,,,91999,0
2008,381,2,36,"H3","91",1,,,1230978,0
2008,381,1,36,"H3","9202",5,441,1297,176867,0
2008,381,2,36,"H3","9202",5,653,4210,182987,0
2008,381,2,36,"H3","9209",8,7618,7618,279896,0
2008,381,1,36,"H3","9209",8,127,127,25782,0
2008,381,2,36,"H3","910119",5,375,70,10044,0
2008,381,1,36,"H3","920590",1,,47,9155,0
2008,381,2,36,"H3","920590",5,82,169,74049,2
2008,381,1,36,"H3","9305",8,7,7,11830,0
2008,381,2,36,"H3","920190",5,219,1959,309248,2
2008,381,2,36,"H3","9305",8,351,351,142464,0
2008,381,2,36,"H3","940171",1,,319790,7102984,0
2008,381,1,36,"H3","930521",8,2,2,4428,0
2008,381,2,36,"H3","930521",8,24,24,32468,0
2008,381,1,36,"H3","940161",5,42,190,6693,2
2008,381,2,36,"H3","940161",5,101410,747631,16154665,2
2008,381,2,36,"H3","9101",5,509,127,30522,0
2008,381,2,36,"H3","910111",5,96,52,14829,0
2008,381,2,36,"H3","910199",5,38,5,5650,0
2008,381,1,36,"H3","9102",5,727,67,38055,4
2008,381,2,36,"H3","9102",5,28260,2717,543639,4
2008,381,2,36,"H3","930599",8,32,32,6655,0
2008,381,1,36,"H3","9306",8,659,659,40654,0
2008,381,2,36,"H3","9306",8,365840,365840,9437903,0
2008,381,2,36,"H3","930621",8,65520,65520,302601,0
2008,381,2,36,"H3","902511",5,4684,717,37856,0
2008,381,1,36,"H3","930629",8,659,659,40654,0
2008,381,2,36,"H3","930629",8,111716,111716,565137,0
2008,381,1,36,"H3","940171",1,,300,6559,0
2008,381,1,36,"H3","920710",5,4,6,1733,2
2008,381,1,36,"H3","903180",1,,5816,871689,0
2008,381,2,36,"H3","903180",1,,45078,5470487,0
2008,381,2,36,"H3","920710",5,550,13242,462813,2
2008,381,2,36,"H3","940179",1,,235574,2639561,0
2008,381,2,36,"H3","930330",5,359,1345,270735,0
2008,381,2,36,"H3","930510",8,79,79,27200,0
2008,381,2,36,"H3","920930",8,972,972,46295,0
2008,381,2,36,"H3","940130",1,,44331,1131676,0
2008,381,1,36,"H3","902690",8,6465,6465,352132,0
2008,381,2,36,"H3","920992",8,342,342,8833,0
2008,381,1,36,"H3","903289",1,,175,46135,0
2008,381,2,36,"H3","902690",8,17309,17309,977442,0
2008,381,1,36,"H3","920994",8,127,127,25782,0
2008,381,2,36,"H3","920994",8,969,969,37792,0
2008,381,1,36,"H3","93",1,,,110845,0
2008,381,2,36,"H3","903289",1,,18371,1599090,0
2008,381,1,36,"H3","903290",8,224,224,115623,0
2008,381,2,36,"H3","93",1,,,12322687,0
2008,381,2,36,"H3","903290",8,23249,23249,2563583,0
2008,381,2,36,"H3","920290",5,642,4179,115672,0
2008,381,2,36,"H3","940140",1,,8793,221984,0
2008,381,2,36,"H3","940151",1,,653,35851,0
2008,381,2,36,"H3","940159",1,,20341,236901,0
2008,381,1,36,"H3","940169",5,154,25,7803,2
2008,381,1,36,"H3","903020",1,,8,3923,0
2008,381,2,36,"H3","903020",1,,107,9466,0
2008,381,1,36,"H3","910211",5,202,19,18922,0
2008,381,2,36,"H3","9302",5,303,395,233569,0
2008,381,2,36,"H3","930200",5,303,395,233569,0
2008,381,1,36,"H3","9303",5,11,49,52578,0
2008,381,1,36,"H3","902490",8,179,179,96778,0
2008,381,2,36,"H3","902490",8,5993,5993,207073,0
2008,381,2,36,"H3","9303",5,2554,7327,2492733,0
2008,381,2,36,"H3","910211",5,233,58,38495,0
2008,381,2,36,"H3","930310",5,49,132,25359,0
2008,381,2,36,"H3","910212",5,203,156,30592,0
2008,381,1,36,"H3","910219",5,286,31,6353,4
2008,381,1,36,"H3","930320",5,11,49,52578,0
2008,381,2,36,"H3","930320",5,1224,4497,2076575,0
2008,381,2,36,"H3","910219",5,14627,666,102188,0
2008,381,2,36,"H3","930630",8,611,611,15515,0
2008,381,1,36,"H3","910221",5,1,0,2674,4
2008,381,2,36,"H3","930690",8,187993,187993,8554651,0
2008,381,2,36,"H3","910221",5,2,2,10763,4
2008,381,1,36,"H3","910229",5,238,17,10106,0
2008,381,1,36,"H3","9304",1,,110,5782,0
2008,381,2,36,"H3","910229",5,333,92,34824,0
2008,381,2,36,"H3","910299",5,12862,1743,326777,0
2008,381,1,36,"H3","9207",5,70,203,26285,2
2008,381,2,36,"H3","9304",1,,67,8721,0
2008,381,2,36,"H3","9207",5,847,15522,561572,2
2008,381,1,36,"H3","930400",1,,110,5782,0
2008,381,2,36,"H3","930400",5,380,67,8721,2
2008,381,1,36,"H3","920290",5,441,1297,176867,0
2008,381,2,36,"H3","940169",5,126081,300520,4067854,2
2008,381,2,36,"H3","920210",5,11,31,67314,0
2008,381,2,36,"H3","902590",8,248,248,36924,0
2008,381,2,36,"H3","940110",5,990,5774,152984,2
2008,381,2,36,"H3","940120",5,2431,18783,282375,2
2008,381,1,36,"H3","9405",8,11983,11983,414799,0
2008,381,2,36,"H3","9405",8,1003947,1003947,23959421,0
2008,381,2,36,"H3","930390",5,922,1353,120064,0
2008,381,1,36,"H3","92",1,,,238089,0
2008,381,2,36,"H3","92",1,,,1420075,0
2008,381,1,36,"H3","9403",1,,26556,201468,0
2008,381,2,36,"H3","9403",1,,7323002,65184035,0
2008,381,2,36,"H3","920999",8,4593,4593,152441,0
2008,381,1,36,"H3","9205",1,,47,9155,0
2008,381,1,36,"H3","940180",1,,660,11956,0
2008,381,1,36,"H3","930529",8,5,5,7402,0
2008,381,2,36,"H3","930529",8,216,216,76141,0
2008,381,2,36,"H3","940350",5,22006,219204,1566696,2
2008,381,2,36,"H3","9205",1,,169,74049,0
2008,381,2,36,"H3","940180",1,,2629762,19607165,0
2008,381,1,36,"H3","940370",8,920,920,38629,0
2008,381,2,36,"H3","940370",8,1105702,1105702,4195935,0
2008,381,2,36,"H3","940381",8,82343,82343,1837082,0
2008,381,2,36,"H3","940490",8,8248,8248,259728,0
2008,381,2,36,"H3","911490",8,89,89,268648,0
2008,381,2,36,"H3","930700",8,30,30,7296,0
2008,381,1,36,"H3","94",1,,,649277,0
2008,381,2,36,"H3","94",1,,,149644765,0
2008,381,2,36,"H3","9402",8,56244,56244,1014876,0
2008,381,2,36,"H3","9201",1,,1959,309248,0
2008,381,2,36,"H3","940210",8,38280,38280,627139,0
2008,381,1,36,"H3","940390",8,2300,2300,40942,0
2008,381,1,36,"H3","9401",1,,1175,33010,0
2008,381,2,36,"H3","940390",8,1820880,1820880,8343662,0
2008,381,2,36,"H3","9404",1,,341766,3472619,0
2008,381,2,36,"H3","940421",5,31967,207757,1525081,2
2008,381,2,36,"H3","9401",1,,4987213,55631641,0
2008,381,2,36,"H3","940429",1,,108645,1478511,0
2008,381,2,36,"H3","940530",8,140,140,13001,0
2008,381,2,36,"H3","940560",8,2527,2527,60437,0
2008,381,2,36,"H3","950612",8,2276,2276,60039,0
2008,381,1,36,"H3","950699",1,,12506,154621,0
2008,381,2,36,"H3","950699",5,600730,658830,3762276,2
2008,381,2,36,"H3","9505",8,17383,17383,284680,0
2008,381,2,36,"H3","950590",8,16863,16863,261031,0
2008,381,1,36,"H3","940510",8,2162,2162,117546,0
2008,381,2,36,"H3","940510",8,532709,532709,13098800,0
2008,381,1,36,"H3","940540",8,8169,8169,143833,0
2008,381,2,36,"H3","940540",8,400353,400353,8075090,0
2008,381,1,36,"H3","940592",8,196,196,10899,0
2008,381,1,36,"H3","940310",8,1841,1841,25192,0
2008,381,2,36,"H3","940592",8,5625,5625,108105,0
2008,381,2,36,"H3","940310",8,364826,364826,3635011,0
2008,381,1,36,"H3","940320",8,7550,7550,48931,0
2008,381,2,36,"H3","940320",8,852195,852195,9788155,0
2008,381,1,36,"H3","940330",1,,260,4038,0
2008,381,1,36,"H3","95",1,,,505012,0
2008,381,2,36,"H3","95",1,,,15521581,0
2008,381,2,36,"H3","940330",5,36106,247722,1478708,2
2008,381,1,36,"H3","9503",8,650,650,60272,0
2008,381,2,36,"H3","9503",8,92768,92768,1394533,0
2008,381,2,36,"H3","940190",8,655261,655261,3997643,0
2008,381,2,36,"H3","940389",8,823104,823104,12961591,0
2008,381,2,36,"H3","9307",8,30,30,7296,0
2008,381,2,36,"H3","950619",8,4227,4227,134675,0
2008,381,1,36,"H3","950621",5,153,360,38301,2
2008,381,2,36,"H3","950621",1,,110,11273,0
2008,381,1,36,"H3","950691",8,1150,1150,4464,0
2008,381,2,36,"H3","950691",8,535364,535364,6695884,0
2008,381,2,36,"H3","940290",8,17964,17964,387737,0
2008,381,2,36,"H3","940410",8,17116,17116,209298,0
2008,381,2,36,"H3","9508",8,10133,10133,579305,0
2008,381,1,36,"H3","950730",1,,280,2066,0
2008,381,1,36,"H3","960850",1,,33,1581,0
2008,381,2,36,"H3","940591",8,3787,3787,94608,0
2008,381,2,36,"H3","960850",5,50228,307,33186,2
2008,381,2,36,"H3","9406",1,,58577,382172,0
2008,381,2,36,"H3","940600",1,,58577,382172,0
2008,381,2,36,"H3","9602",8,78,78,6958,0
2008,381,1,36,"H3","940360",5,315,11631,40327,2
2008,381,2,36,"H3","950440",10,13279,640,21519,2
2008,381,1,36,"H3","9603",1,,777,64298,0
2008,381,2,36,"H3","940360",5,307773,1548184,18904857,2
2008,381,2,36,"H3","9603",1,,506339,3068363,0
2008,381,1,36,"H3","960321",5,195220,520,55941,0
2008,381,2,36,"H3","960810",5,326078,24013,366342,0
2008,381,2,36,"H3","950510",8,520,520,23650,0
2008,381,2,36,"H3","960321",5,16448,719,22500,0
2008,381,2,36,"H3","950730",5,2460,1942,61320,2
2008,381,2,36,"H3","960340",5,4796,858,32497,0
2008,381,1,36,"H3","950631",5,413,130,7475,0
2008,381,1,36,"H3","960390",1,,257,8358,0
2008,381,2,36,"H3","960390",1,,283243,1631984,0
2008,381,1,36,"H3","960810",5,43,9,3177,0
2008,381,2,36,"H3","950890",8,9186,9186,562297,0
2008,381,2,36,"H3","960190",8,33,33,39755,0
2008,381,2,36,"H3","960621",8,418,418,43882,0
2008,381,1,36,"H3","960629",8,1954,1954,295711,0
2008,381,2,36,"H3","960629",8,1109,1109,189572,0
2008,381,2,36,"H3","950410",8,1497,1497,99629,0
2008,381,2,36,"H3","950720",8,334,334,21022,0
2008,381,2,36,"H3","960820",5,390230,40676,353908,0
2008,381,1,36,"H3","940520",8,855,855,87556,0
2008,381,2,36,"H3","940520",8,38155,38155,1653898,0
2008,381,1,36,"H3","940550",8,312,312,34166,0
2008,381,2,36,"H3","940550",8,798,798,40672,0
2008,381,2,36,"H3","960899",8,565,565,44675,0
2008,381,2,36,"H3","9609",8,1686,1686,18000,0
2008,381,1,392,"H3","0106",1,,109,302057,0
2008,381,2,392,"H3","0106",1,,8372,205656,0
2008,381,1,392,"H3","010619",1,,109,302057,0
2008,381,2,392,"H3","010690",1,,8372,205656,0
2008,381,1,392,"H3","02",1,,,24911,0
2008,381,2,392,"H3","02",1,,,25643675,0
2008,381,2,392,"H3","0201",8,829,829,12619,0
2008,381,2,36,"H3","960910",8,222,222,12284,0
2008,381,2,392,"H3","0203",8,699382,699382,3166757,0
2008,381,2,392,"H3","020312",8,11401,11401,243094,0
2008,381,2,36,"H3","960990",8,1464,1464,5716,0
2008,381,2,392,"H3","020321",8,4220,4220,6506,0
2008,381,2,392,"H3","020329",8,680100,680100,2854653,0
2008,381,2,392,"H3","0205",8,53075,53075,544428,0
2008,381,2,392,"H3","020500",8,53075,53075,544428,0
2008,381,1,36,"H3","96",1,,,398725,0
2008,381,2,36,"H3","96",1,,,5158358,0
2008,381,1,36,"H3","940340",1,,2054,3409,0
2008,381,2,36,"H3","940340",5,53738,258842,2472339,2
2008,381,2,36,"H3","960200",8,78,78,6958,0
2008,381,1,36,"H3","9504",1,,34,15076,0
2008,381,2,392,"H3","0208",8,30931,30931,300403,0
2008,381,2,36,"H3","9504",1,,37990,351180,0
2008,381,2,36,"H3","950490",1,,2875,75855,0
2008,381,2,36,"H3","960310",5,308426,162946,643239,0
2008,381,1,392,"H3","0210",8,641,641,24911,0
2008,381,2,392,"H3","0210",8,1105811,1105811,20809499,0
2008,381,2,392,"H3","021011",8,48816,48816,846871,0
2008,381,1,36,"H3","960820",5,81166,2485,15620,0
2008,381,1,392,"H3","021019",8,641,641,24911,0
2008,381,2,392,"H3","021019",8,978823,978823,19059127,0
2008,381,1,392,"H3","03",1,,,360163,0
2008,381,2,392,"H3","03",1,,,30125985,0
2008,381,1,36,"H3","9506",1,,16781,395817,0
2008,381,2,36,"H3","9506",1,,1282979,12748901,0
2008,381,2,392,"H3","0302",8,1147435,1147435,27697980,0
2008,381,2,36,"H3","9614",8,150,150,39305,0
2008,381,2,36,"H3","960329",5,91983,33261,342469,2
2008,381,1,36,"H3","9608",1,,2528,27026,0
2008,381,2,36,"H3","961400",8,150,150,39305,0
2008,381,1,36,"H3","950790",1,,511,31781,0
2008,381,2,36,"H3","9615",8,15263,15263,231555,0
2008,381,1,392,"H3","0303",8,2233,2233,5466,0
2008,381,1,392,"H3","030379",8,2233,2233,5466,0
2008,381,2,392,"H3","0304",8,93010,93010,1722901,0
2008,381,2,36,"H3","961519",8,6113,6113,71581,0
2008,381,2,392,"H3","030429",8,91962,91962,1705774,0
2008,381,2,392,"H3","0305",8,13087,13087,705104,0
2008,381,2,392,"H3","030510",8,2287,2287,164876,0
2008,381,2,36,"H3","960350",1,,18605,264805,0
2008,381,1,36,"H3","950629",1,,2635,190957,0
2008,381,2,392,"H3","030559",8,1925,1925,24927,0
2008,381,2,392,"H3","030563",8,864,864,13502,0
2008,381,2,392,"H3","030569",8,60,60,8053,0
2008,381,1,392,"H3","0307",8,18000,18000,257020,0
2008,381,2,36,"H3","950629",1,,53572,1579772,0
2008,381,2,392,"H3","04",1,,,50390206,0
2008,381,2,392,"H3","0403",8,1471,1471,20269,0
2008,381,2,392,"H3","040310",8,71,71,3105,0
2008,381,2,392,"H3","040390",8,1400,1400,17163,0
2008,381,2,392,"H3","0405",8,802,802,6161,0
2008,381,2,392,"H3","040510",8,802,802,6161,0
2008,381,2,392,"H3","0406",8,5486442,5486442,49796956,0
2008,381,2,392,"H3","040610",8,2870327,2870327,22652392,0
2008,381,2,36,"H3","950790",1,,2103,80641,0
2008,381,2,392,"H3","040630",8,42185,42185,288938,0
2008,381,2,392,"H3","040640",8,291407,291407,2807164,0
2008,381,1,36,"H3","9606",8,1954,1954,295711,0
2008,381,2,392,"H3","0409",8,72558,72558,566821,0
2008,381,2,392,"H3","040900",8,72558,72558,566821,0
2008,381,2,36,"H3","9606",8,1672,1672,252251,0
2008,381,2,36,"H3","9608",1,,66031,818543,0
2008,381,2,392,"H3","0501",8,58,58,43471,0
2008,381,2,392,"H3","050100",8,58,58,43471,0
2008,381,2,36,"H3","960622",8,35,35,3123,0
2008,381,1,36,"H3","9507",1,,791,33847,0
2008,381,2,36,"H3","9607",8,56,56,14777,0
2008,381,2,36,"H3","9507",1,,4379,162982,0
2008,381,2,392,"H3","0206",8,175435,175435,737488,0
2008,381,2,36,"H3","9611",8,803,803,33479,0
2008,381,2,392,"H3","0511",1,,119,22590,0
2008,381,2,392,"H3","051199",8,119,119,22590,0
2008,381,1,392,"H3","06",1,,,5140174,0
2008,381,2,392,"H3","06",1,,,2638792,0
2008,381,1,392,"H3","0601",1,,120,4793,0
2008,381,1,392,"H3","060110",5,27363,120,4793,2
2008,381,1,392,"H3","0602",1,,1544426,5131724,0
2008,381,2,392,"H3","0602",1,,20057,298339,0
2008,381,2,392,"H3","060210",1,,2544,83084,0
2008,381,1,392,"H3","060290",8,1544426,1544426,5131724,0
2008,381,2,392,"H3","060290",8,17513,17513,215255,0
2008,381,2,392,"H3","0603",8,6292,6292,219648,6
2008,381,2,36,"H3","9612",1,,1002,85900,0
2008,381,2,36,"H3","961210",1,,1002,85900,0
2008,381,1,36,"H3","9613",1,,6,2898,0
2008,381,2,392,"H3","060319",8,2310,2310,37661,0
2008,381,2,392,"H3","060390",8,2162,2162,149159,0
2008,381,2,36,"H3","9613",1,,2940,125509,0
2008,381,1,36,"H3","961380",5,1533,6,2898,2
2008,381,2,392,"H3","060491",8,121829,121829,2032848,0
2008,381,1,392,"H3","060499",8,133,133,3658,0
2008,381,2,392,"H3","060499",8,7148,7148,87957,0
2008,381,1,392,"H3","07",1,,,141418,0
2008,381,2,392,"H3","07",1,,,5512661,0
2008,381,2,392,"H3","0703",8,3484,3484,18944,0
2008,381,2,392,"H3","020810",8,30931,30931,300403,0
2008,381,2,36,"H3","961380",5,19872,2041,98763,2
2008,381,2,392,"H3","070390",8,1391,1391,10849,0
2008,381,2,392,"H3","0704",8,20446,20446,448136,0
2008,381,2,392,"H3","070490",8,20446,20446,448136,0
2008,381,2,392,"H3","0705",8,5766,5766,46350,0
2008,381,1,36,"H3","9702",1,,113,16852,0
2008,381,2,36,"H3","9702",1,,26,29364,0
2008,381,2,392,"H3","070529",8,3918,3918,26489,0
2008,381,1,36,"H3","970200",1,,113,16852,0
2008,381,1,392,"H3","0301",8,645,645,97677,0
2008,381,2,392,"H3","0709",8,57875,57875,3291083,0
2008,381,2,392,"H3","070920",8,11318,11318,115750,0
2008,381,2,392,"H3","070951",8,1617,1617,70252,0
2008,381,2,392,"H3","070959",8,17723,17723,2852906,0
2008,381,2,36,"H3","970200",1,,26,29364,0
2008,381,2,36,"H3","950662",5,72093,16697,143837,2
2008,381,2,36,"H3","950670",6,3810,6815,169739,2
2008,381,2,36,"H3","961590",8,9150,9150,159974,0
2008,381,2,36,"H3","9617",8,728,728,15124,0
2008,381,2,392,"H3","030264",8,729,729,12182,0
2008,381,1,392,"H3","071029",8,5349,5349,28376,0
2008,381,2,392,"H3","071029",8,11051,11051,31512,0
2008,381,2,392,"H3","071030",8,1470,1470,3359,0
2008,381,2,36,"H3","961700",8,728,728,15124,0
2008,381,2,36,"H3","950810",8,947,947,17008,0
2008,381,2,392,"H3","0711",8,17127,17127,143123,0
2008,381,2,392,"H3","071120",8,9355,9355,97017,0
2008,381,2,392,"H3","071190",8,7772,7772,46106,0
2008,381,1,392,"H3","0712",8,1084,1084,45969,0
2008,381,2,392,"H3","0712",8,60421,60421,786385,0
2008,381,1,392,"H3","071231",8,11,11,1852,0
2008,381,2,392,"H3","071231",8,1873,1873,95435,0
2008,381,1,392,"H3","071232",8,1053,1053,43031,0
2008,381,2,392,"H3","071232",8,2187,2187,108229,0
2008,381,1,36,"H3","960839",5,17,1,6647,0
2008,381,2,36,"H3","960711",8,6,6,5554,0
2008,381,2,392,"H3","071290",8,53311,53311,329066,0
2008,381,2,36,"H3","960839",5,17480,470,20433,0
2008,381,1,36,"H3","9705",8,3312,3312,85481,0
2008,381,2,392,"H3","071310",8,28735,28735,50897,0
2008,381,2,392,"H3","071320",8,113330,113330,174323,0
2008,381,1,392,"H3","01",1,,,302057,0
2008,381,2,392,"H3","071333",8,40850,40850,82312,0
2008,381,2,392,"H3","071339",8,4186,4186,4258,0
2008,381,2,392,"H3","071340",8,7889,7889,21267,0
2008,381,2,392,"H3","071390",8,8745,8745,38038,0
2008,381,2,36,"H3","960719",8,50,50,9223,0
2008,381,2,392,"H3","01",1,,,205656,0
2008,381,2,392,"H3","020120",8,829,829,12619,0
2008,381,1,36,"H3","940599",8,289,289,20798,0
2008,381,1,392,"H3","0802",8,357,357,8946,0
2008,381,2,392,"H3","0802",8,674768,674768,7132733,0
2008,381,2,392,"H3","080212",8,109180,109180,959433,0
2008,381,2,36,"H3","940599",8,19853,19853,814809,0
2008,381,2,392,"H3","080222",8,15600,15600,142223,0
2008,381,2,392,"H3","080240",8,513325,513325,4365378,0
2008,381,2,392,"H3","020319",8,3661,3661,62504,0
2008,381,1,392,"H3","050800",8,2400,2400,16880,0
2008,381,2,392,"H3","0805",8,151313,151313,298931,0
2008,381,2,392,"H3","060311",8,1220,1220,20204,0
2008,381,2,392,"H3","0806",8,583,583,9762,0
2008,381,2,392,"H3","080610",8,400,400,1499,0
2008,381,2,36,"H3","961100",8,803,803,33479,0
2008,381,2,392,"H3","0810",8,360,360,3806,0
2008,381,2,392,"H3","020641",8,264,264,4502,0
2008,381,2,392,"H3","0811",8,348918,348918,2994662,0
2008,381,2,392,"H3","081190",8,348918,348918,2994662,0
2008,381,2,392,"H3","0812",8,82561,82561,178109,0
2008,381,2,392,"H3","081210",8,82540,82540,176762,0
2008,381,2,392,"H3","060312",8,200,200,4783,6
2008,381,2,392,"H3","060313",8,400,400,7840,6
2008,381,2,392,"H3","020649",8,165910,165910,593892,0
2008,381,1,392,"H3","0604",8,133,133,3658,0
2008,381,2,392,"H3","020690",8,9261,9261,139095,0
2008,381,2,392,"H3","0814",8,45740,45740,139578,0
2008,381,2,392,"H3","081400",8,45740,45740,139578,0
2008,381,2,392,"H3","0207",8,541,541,6607,0
2008,381,2,36,"H3","9601",8,33,33,39755,0
2008,381,2,36,"H3","9705",8,19,19,4065,0
2008,381,2,392,"H3","0604",8,128977,128977,2120805,0
2008,381,2,392,"H3","020727",8,541,541,6607,0
2008,381,2,392,"H3","090112",8,400,400,5537,0
2008,381,1,392,"H3","090121",8,12577,12577,161981,0
2008,381,2,392,"H3","090121",8,676231,676231,6461015,0
2008,381,2,392,"H3","090122",8,15760,15760,196374,0
2008,381,2,392,"H3","090190",8,291,291,3612,0
2008,381,1,392,"H3","0902",8,25048,25048,360224,0
2008,381,2,392,"H3","0902",8,5777,5777,64981,0
2008,381,1,392,"H3","090210",8,14088,14088,210332,0
2008,381,2,392,"H3","070310",8,1750,1750,6702,0
2008,381,1,36,"H3","950300",8,650,650,60272,0
2008,381,1,392,"H3","090230",8,4839,4839,63062,0
2008,381,2,392,"H3","090230",8,737,737,23459,0
2008,381,1,392,"H3","090240",8,3590,3590,39308,0
2008,381,2,392,"H3","090240",8,2850,2850,30000,0
2008,381,1,392,"H3","0904",8,214,214,4030,0
2008,381,2,392,"H3","0904",8,3814,3814,96514,0
2008,381,2,36,"H3","950300",8,92768,92768,1394533,0
2008,381,1,392,"H3","090420",8,214,214,4030,0
2008,381,2,392,"H3","090420",8,2204,2204,40208,0
2008,381,2,392,"H3","0909",8,4000,4000,23679,0
2008,381,2,392,"H3","090950",8,4000,4000,23679,0
2008,381,1,392,"H3","0910",8,1142,1142,7867,0
2008,381,2,392,"H3","0910",8,12888,12888,71051,0
2008,381,2,392,"H3","091020",8,58,58,8498,0
2008,381,1,392,"H3","091091",8,617,617,6016,0
2008,381,2,392,"H3","091091",8,199,199,7144,0
2008,381,2,392,"H3","070320",8,343,343,1393,0
2008,381,2,392,"H3","0209",8,4355,4355,65874,0
2008,381,2,392,"H3","10",1,,,229580,0
2008,381,2,392,"H3","1001",8,580,580,4126,0
2008,381,2,392,"H3","100190",8,580,580,4126,0
2008,381,2,392,"H3","1003",8,5376,5376,11380,0
2008,381,2,392,"H3","100300",8,5376,5376,11380,0
2008,381,2,392,"H3","1006",8,107630,107630,212252,0
2008,381,2,36,"H3","970600",8,151,151,22397,0
2008,381,2,392,"H3","100620",8,480,480,2055,0
2008,381,2,392,"H3","100630",8,106420,106420,206548,0
2008,381,2,392,"H3","1008",8,888,888,1822,0
2008,381,2,392,"H3","100820",8,888,888,1822,0
2008,381,2,36,"H3","950420",8,5128,5128,42154,0
2008,381,1,36,"H3","970110",1,,308,100819,0
2008,381,2,36,"H3","970110",1,,1494,879067,0
2008,381,2,392,"H3","070511",8,554,554,5454,0
2008,381,2,392,"H3","020900",8,4355,4355,65874,0
2008,381,1,36,"H3","970190",8,102,102,38204,0
2008,381,1,392,"H3","1102",8,7580,7580,15206,0
2008,381,2,392,"H3","1102",8,10030,10030,19786,0
2008,381,2,36,"H3","970190",8,351,351,80481,0
2008,381,1,392,"H3","110290",8,7580,7580,15206,0
2008,381,2,392,"H3","110290",8,1630,1630,6586,0
2008,381,2,392,"H3","1103",8,111750,111750,127477,0
2008,381,2,392,"H3","110311",8,111750,111750,127477,0
2008,381,2,392,"H3","021012",8,78172,78172,903502,0
2008,381,2,392,"H3","070519",8,1294,1294,14406,0
2008,381,2,392,"H3","1105",8,7663,7663,26726,0
2008,381,2,392,"H3","110520",8,7663,7663,26726,0
2008,381,1,392,"H3","0706",8,2984,2984,23855,0
2008,381,2,392,"H3","110630",8,17393,17393,1040960,0
2008,381,1,392,"H3","070690",8,2984,2984,23855,0
2008,381,2,392,"H3","070990",8,27217,27217,252174,0
2008,381,1,392,"H3","1108",8,12318,12318,101995,0
2008,381,2,392,"H3","1108",8,424000,424000,353793,0
2008,381,1,392,"H3","110812",8,10000,10000,45081,0
2008,381,2,392,"H3","110812",8,424000,424000,353793,0
2008,381,1,392,"H3","110819",8,2318,2318,56914,0
2008,381,1,392,"H3","030110",8,645,645,97677,0
2008,381,2,392,"H3","030211",8,11,11,1407,0
2008,381,1,392,"H3","12",1,,,1586680,0
2008,381,2,392,"H3","12",1,,,16724641,0
2008,381,1,392,"H3","1207",8,22912,22912,102784,0
2008,381,2,392,"H3","1207",8,5910,5910,87402,0
2008,381,2,392,"H3","030232",8,2072,2072,48157,0
2008,381,2,392,"H3","120799",8,5910,5910,87402,0
2008,381,1,392,"H3","0710",8,8145,8145,41410,0
2008,381,2,392,"H3","030235",8,1136339,1136339,27464690,0
2008,381,1,392,"H3","1209",8,9263,9263,258626,0
2008,381,2,392,"H3","1209",8,926931,926931,14539700,0
2008,381,2,392,"H3","120922",8,23514,23514,123339,0
2008,381,1,392,"H3","120929",8,3365,3365,26194,0
2008,381,2,392,"H3","120929",8,492,492,11596,0
2008,381,1,392,"H3","120930",8,7,7,19267,0
2008,381,2,392,"H3","120930",8,14762,14762,326214,0
2008,381,1,392,"H3","120991",8,5881,5881,206033,0
2008,381,2,392,"H3","120991",8,568633,568633,10856205,0
2008,381,1,392,"H3","120999",8,10,10,7132,0
2008,381,2,392,"H3","120999",8,319530,319530,3222346,0
2008,381,1,392,"H3","1211",8,269,269,12119,0
2008,381,2,392,"H3","1211",8,653,653,13005,0
2008,381,1,392,"H3","121190",8,269,269,12119,0
2008,381,2,392,"H3","121190",8,653,653,13005,0
2008,381,1,392,"H3","1212",8,30199,30199,1210847,0
2008,381,1,392,"H3","121220",8,27549,27549,1203012,0
2008,381,1,392,"H3","121299",8,2650,2650,7835,0
2008,381,2,392,"H3","1214",8,5688970,5688970,2084533,0
2008,381,1,36,"H3","9703",1,,34,8738,0
2008,381,2,392,"H3","121490",8,526860,526860,169234,0
2008,381,1,392,"H3","13",1,,,634237,0
2008,381,2,392,"H3","13",1,,,14867842,0
2008,381,1,392,"H3","1302",8,18334,18334,634237,0
2008,381,2,392,"H3","1302",8,343313,343313,14867842,0
2008,381,2,36,"H3","950611",6,1345,5088,191405,0
2008,381,2,392,"H3","030239",8,7564,7564,166950,0
2008,381,1,392,"H3","130219",8,17760,17760,600762,0
2008,381,2,392,"H3","130219",8,34148,34148,11327842,0
2008,381,1,392,"H3","130232",8,375,375,5836,0
2008,381,2,392,"H3","130232",8,241775,241775,3319384,0
2008,381,1,392,"H3","130239",8,180,180,10381,0
2008,381,2,392,"H3","130239",8,67290,67290,204687,0
2008,381,2,392,"H3","030261",8,720,720,4595,0
2008,381,2,36,"H3","960330",5,2570972,6707,130868,0
2008,381,2,392,"H3","071080",8,42792,42792,293695,0
2008,381,2,392,"H3","030419",8,1048,1048,17127,0
2008,381,2,392,"H3","030520",8,7303,7303,479325,0
2008,381,2,36,"H3","9703",1,,2430,231662,0
2008,381,2,392,"H3","030530",8,648,648,14421,0
2008,381,1,392,"H3","030729",8,18000,18000,257020,0
2008,381,2,392,"H3","040620",8,230702,230702,2371332,0
2008,381,1,392,"H3","15",1,,,1222063,0
2008,381,2,392,"H3","15",1,,,101030871,0
2008,381,1,392,"H3","1505",8,39940,39940,714797,0
2008,381,2,392,"H3","1505",8,2040,2040,54811,0
2008,381,1,392,"H3","150500",8,39940,39940,714797,0
2008,381,2,392,"H3","150500",8,2040,2040,54811,0
2008,381,1,36,"H3","970300",1,,34,8738,0
2008,381,2,392,"H3","150790",8,260,260,4504,0
2008,381,2,392,"H3","1508",8,27675,27675,108578,0
2008,381,2,392,"H3","150890",8,27675,27675,108578,0
2008,381,1,392,"H3","1509",8,31966,31966,181499,0
2008,381,2,392,"H3","1509",8,14698327,14698327,87429415,0
2008,381,2,392,"H3","0710",8,76298,76298,407546,0
2008,381,2,392,"H3","071010",8,960,960,16914,0
2008,381,1,392,"H3","150990",8,24848,24848,136518,0
2008,381,2,392,"H3","150990",8,5916883,5916883,30483029,0
2008,381,2,36,"H3","970300",1,,2430,231662,0
2008,381,2,392,"H3","151000",8,1271484,1271484,3927611,0
2008,381,2,392,"H3","040690",8,2051821,2051821,21677130,0
2008,381,2,392,"H3","071021",8,3645,3645,11562,0
2008,381,1,36,"H3","9704",8,68,68,8786,0
2008,381,1,392,"H3","05",1,,,16880,0
2008,381,2,36,"H3","9616",8,4738,4738,106782,0
2008,381,2,392,"H3","05",1,,,168641,0
2008,381,2,392,"H3","0505",8,12000,12000,6576,0
2008,381,2,36,"H3","961610",8,4738,4738,106782,0
2008,381,2,36,"H3","960610",8,110,110,15675,0
2008,381,2,392,"H3","151519",8,1652,1652,6501,0
2008,381,2,392,"H3","151529",8,1656,1656,8281,0
2008,381,1,392,"H3","151550",8,1269,1269,12416,0
2008,381,2,392,"H3","151550",8,2002,2002,13268,0
2008,381,1,392,"H3","151590",8,44780,44780,130259,0
2008,381,2,392,"H3","151590",8,750175,750175,4628508,0
2008,381,2,392,"H3","1516",8,32063,32063,177667,0
2008,381,2,392,"H3","151620",8,32063,32063,177667,0
2008,381,2,392,"H3","1517",8,1274140,1274140,3671888,0
2008,381,2,392,"H3","151790",8,1274140,1274140,3671888,0
2008,381,1,392,"H3","1518",8,124,124,7180,0
2008,381,1,392,"H3","151800",8,124,124,7180,0
2008,381,1,392,"H3","1521",8,8106,8106,175912,0
2008,381,2,392,"H3","1521",8,1000,1000,9029,0
2008,381,1,36,"H3","970500",8,3312,3312,85481,0
2008,381,2,392,"H3","050590",8,12000,12000,6576,0
2008,381,2,392,"H3","16",1,,,10111113,0
2008,381,2,392,"H3","1601",8,350216,350216,4691748,0
2008,381,2,392,"H3","160100",8,350216,350216,4691748,0
2008,381,2,392,"H3","1602",8,94647,94647,1148760,0
2008,381,2,392,"H3","160210",8,366,366,6406,0
2008,381,1,36,"H3","970400",8,68,68,8786,0
2008,381,1,392,"H3","071022",8,2796,2796,13034,0
2008,381,2,36,"H3","970500",8,19,19,4065,0
2008,381,2,36,"H3","9706",8,151,151,22397,0
2008,381,2,392,"H3","160249",8,13678,13678,154644,0
2008,381,2,392,"H3","0506",8,121000,121000,96004,0
2008,381,2,392,"H3","1603",8,31985,31985,239683,0
2008,381,2,392,"H3","160300",8,31985,31985,239683,0
2008,381,2,392,"H3","050690",8,121000,121000,96004,0
2008,381,2,392,"H3","160411",8,139,139,2220,0
2008,381,2,392,"H3","160412",8,290,290,7002,0
2008,381,2,392,"H3","160413",8,27579,27579,318525,0
2008,381,1,392,"H3","0508",8,2400,2400,16880,0
2008,381,2,392,"H3","160416",8,140492,140492,2066953,0
2008,381,2,392,"H3","160419",8,4157,4157,37781,0
2008,381,2,392,"H3","160420",8,49086,49086,986111,0
2008,381,2,392,"H3","160430",8,1199,1199,575119,0
2008,381,1,36,"H3","9618",8,27,27,8792,0
2008,381,1,36,"H3","9999",1,,,1864798,0
2008,381,2,36,"H3","9618",8,7599,7599,302055,0
2008,381,1,36,"H3","97",1,,,258880,0
2008,381,2,36,"H3","97",1,,,1247037,0
2008,381,1,392,"H3","1702",8,54530,54530,238966,0
2008,381,2,392,"H3","1702",8,276000,276000,184680,0
2008,381,1,392,"H3","081320",8,4193,4193,70405,0
2008,381,2,392,"H3","170230",8,180000,180000,129123,0
2008,381,2,392,"H3","081320",8,30000,30000,117480,0
2008,381,1,392,"H3","170290",8,54500,54500,228357,0
2008,381,1,392,"H3","1704",8,1583,1583,16468,0
2008,381,2,392,"H3","1704",8,65214,65214,424496,0
2008,381,1,392,"H3","170410",8,534,534,3478,0
2008,381,1,392,"H3","170490",8,1049,1049,12990,0
2008,381,2,392,"H3","170490",8,65214,65214,424496,0
2008,381,2,392,"H3","18",1,,,8529976,0
2008,381,2,392,"H3","1806",8,595489,595489,8529976,0
2008,381,2,392,"H3","180610",8,1628,1628,83535,0
2008,381,2,392,"H3","180620",8,16391,16391,106970,0
2008,381,2,392,"H3","180631",8,928,928,33750,0
2008,381,2,392,"H3","180632",8,6030,6030,199206,0
2008,381,1,36,"H3","9701",1,,410,139023,0
2008,381,1,392,"H3","19",1,,,1055290,0
2008,381,2,392,"H3","19",1,,,155947948,0
2008,381,1,392,"H3","1901",8,71139,71139,210950,0
2008,381,2,392,"H3","1901",8,412016,412016,1291302,0
2008,381,1,392,"H3","190120",8,71139,71139,210950,0
2008,381,2,392,"H3","190120",8,9509,9509,56005,0
2008,381,2,392,"H3","190190",8,402507,402507,1235297,0
2008,381,2,36,"H3","9701",1,,1845,959548,0
2008,381,2,36,"H3","961390",8,899,899,26746,0
2008,381,2,392,"H3","190211",8,285456,285456,1226547,0
2008,381,2,392,"H3","071090",8,16380,16380,50503,0
2008,381,2,392,"H3","190219",8,81308068,81308068,138598351,0
2008,381,2,392,"H3","190220",8,279571,279571,607682,0
2008,381,1,392,"H3","190230",8,81318,81318,311642,0
2008,381,2,392,"H3","190230",8,1503594,1503594,3989046,0
2008,381,2,392,"H3","190240",8,785,785,4529,0
2008,381,2,392,"H3","1903",8,64067,64067,235083,0
2008,381,2,392,"H3","190300",8,64067,64067,235083,0
2008,381,1,392,"H3","1904",8,5619,5619,72475,0
2008,381,2,392,"H3","1904",8,928,928,7497,0
2008,381,1,36,"H3","99",1,,,1864798,0
2008,381,1,392,"H3","190420",8,3186,3186,26961,0
2008,381,2,392,"H3","190420",8,448,448,4325,0
2008,381,1,392,"H3","190490",8,44,44,1480,0
2008,381,2,392,"H3","190490",8,480,480,3171,0
2008,381,1,392,"H3","1905",8,9513,9513,74722,6
2008,381,2,392,"H3","1905",8,1446625,1446625,9987910,0
2008,381,2,392,"H3","190510",8,8887,8887,53350,0
2008,381,1,392,"H3","190520",8,420,420,1647,0
2008,381,2,392,"H3","190520",8,2546,2546,28546,0
2008,381,1,392,"H3","190531",8,667,667,3122,6
2008,381,2,392,"H3","190531",8,221946,221946,2221682,0
2008,381,2,392,"H3","190532",8,373941,373941,2590831,0
2008,381,1,392,"H3","190540",8,5100,5100,27520,0
2008,381,2,392,"H3","190540",8,145711,145711,560190,0
2008,381,1,392,"H3","071239",8,20,20,1087,0
2008,381,2,392,"H3","17",1,,,655969,0
2008,381,2,392,"H3","1701",8,13850,13850,46793,0
2008,381,2,392,"H3","071239",8,3050,3050,253656,0
2008,381,1,392,"H3","2001",8,663,663,11356,0
2008,381,2,392,"H3","2001",8,72595,72595,632739,0
2008,381,1,392,"H3","200190",8,663,663,11356,0
2008,381,2,392,"H3","200190",8,72595,72595,632739,0
2008,381,1,392,"H3","2002",8,234294,234294,233957,0
2008,381,2,392,"H3","2002",8,80198222,80198222,80573195,0
2008,381,1,392,"H3","200210",8,234294,234294,233957,0
2008,381,2,392,"H3","200210",8,77121367,77121367,76755027,0
2008,381,2,392,"H3","200290",8,3076855,3076855,3818168,0
2008,381,1,392,"H3","2003",8,384,384,4585,0
2008,381,2,392,"H3","2003",8,2571,2571,103259,0
2008,381,2,392,"H3","200310",8,854,854,9066,0
2008,381,2,392,"H3","200320",8,1231,1231,87515,0
2008,381,1,392,"H3","200390",8,384,384,4585,0
2008,381,2,392,"H3","200390",8,486,486,6677,0
2008,381,1,392,"H3","2004",8,96,96,2678,0
2008,381,2,392,"H3","2004",8,30437,30437,125056,0
2008,381,1,392,"H3","200490",8,96,96,2678,0
2008,381,2,392,"H3","200490",8,30437,30437,125056,0
2008,381,1,392,"H3","2005",8,46997,46997,199054,0
2008,381,2,392,"H3","2005",8,2652945,2652945,6891258,0
2008,381,1,36,"H3","999999",1,,,1864798,0
2008,381,2,392,"H3","200520",8,24941,24941,37382,0
2008,381,2,392,"H3","200540",8,53280,53280,32033,0
2008,381,2,392,"H3","200551",8,224148,224148,222214,0
2008,381,1,36,"H3","TOTAL",1,,,1749921318,0
2008,381,1,392,"H3","0713",8,2788,2788,13818,0
2008,381,2,392,"H3","0713",8,203735,203735,371095,0
2008,381,2,392,"H3","170111",8,3200,3200,13358,0
2008,381,2,392,"H3","200580",8,1840538,1840538,4729217,0
2008,381,1,392,"H3","200591",8,112,112,2898,0
2008,381,2,392,"H3","200591",8,155421,155421,392699,0
2008,381,1,392,"H3","200599",8,17033,17033,81949,0
2008,381,2,392,"H3","200599",8,67757,67757,507576,0
2008,381,1,392,"H3","071332",8,2788,2788,13818,0
2008,381,2,36,"H3","TOTAL",1,,,4208395061,0
2008,381,1,392,"H3","2007",8,20984,20984,124286,0
2008,381,2,392,"H3","2007",8,62249,62249,412734,0
2008,381,2,392,"H3","200710",8,3478,3478,26115,0
2008,381,2,392,"H3","200791",8,26377,26377,165558,0
2008,381,1,392,"H3","200799",8,20984,20984,124286,0
2008,381,2,392,"H3","200799",8,32394,32394,221062,0
2008,381,1,392,"H3","2008",8,20810,20810,100370,0
2008,381,2,392,"H3","2008",8,545972,545972,894244,0
2008,381,1,392,"H3","200819",8,1636,1636,40441,0
2008,381,2,392,"H3","200819",8,1926,1926,20487,0
2008,381,2,392,"H3","200840",8,68388,68388,114930,0
2008,381,2,392,"H3","200860",8,11569,11569,99612,0
2008,381,2,392,"H3","200870",8,443977,443977,568718,0
2008,381,1,392,"H3","0714",8,1473,1473,16364,0
2008,381,2,392,"H3","200892",8,17274,17274,33666,0
2008,381,1,392,"H3","200899",8,19174,19174,59929,0
2008,381,2,392,"H3","200899",8,2415,2415,53382,0
2008,381,1,392,"H3","071490",8,1473,1473,16364,0
2008,381,1,36,"H3","961800",8,27,27,8792,0
2008,381,2,392,"H3","200911",8,608065,608065,1525544,0
2008,381,2,392,"H3","200912",8,38215,38215,99698,0
2008,381,2,36,"H3","961800",8,7599,7599,302055,0
2008,381,1,392,"H3","08",1,,,79351,0
2008,381,2,392,"H3","200939",8,3133197,3133197,6831271,0
2008,381,2,392,"H3","200961",8,126000,126000,202172,0
2008,381,2,392,"H3","08",1,,,10875061,0
2008,381,2,392,"H3","080221",8,140,140,2055,0
2008,381,1,392,"H3","080250",8,357,357,8946,0
2008,381,1,392,"H3","200980",8,483,483,2644,0
2008,381,2,392,"H3","200980",8,723507,723507,3945646,0
2008,381,2,392,"H3","170199",8,10650,10650,33435,0
2008,381,2,392,"H3","080250",8,36523,36523,1663643,0
2008,381,2,392,"H3","2101",8,39398,39398,161366,0
2008,381,2,392,"H3","210111",8,375,375,26326,0
2008,381,2,392,"H3","080510",8,151313,151313,298931,0
2008,381,2,392,"H3","170211",8,96000,96000,55557,0
2008,381,2,392,"H3","210130",8,4500,4500,5410,0
2008,381,1,392,"H3","2102",8,44,44,6867,0
2008,381,2,392,"H3","2102",8,91817,91817,349785,0
2008,381,2,392,"H3","210210",8,48240,48240,182303,0
2008,381,1,392,"H3","210220",8,44,44,6867,0
2008,381,2,392,"H3","210220",8,42077,42077,156173,0
2008,381,2,392,"H3","210230",8,1500,1500,11310,0
2008,381,2,392,"H3","080620",8,183,183,8263,0
2008,381,2,392,"H3","081090",8,360,360,3806,0
2008,381,1,392,"H3","210310",8,263624,263624,726861,0
2008,381,2,392,"H3","210320",8,678614,678614,1132212,0
2008,381,1,392,"H3","210390",8,183631,183631,929191,0
2008,381,2,392,"H3","210390",8,1360204,1360204,4725411,0
2008,381,1,392,"H3","2104",8,37341,37341,187085,0
2008,381,2,392,"H3","2104",8,21457,21457,135072,0
2008,381,1,392,"H3","210410",8,37341,37341,187085,0
2008,381,2,392,"H3","210410",8,15429,15429,109748,0
2008,381,2,392,"H3","210420",8,6028,6028,25324,0
2008,381,2,392,"H3","081290",8,21,21,1348,0
2008,381,2,392,"H3","210500",8,159568,159568,1713660,0
2008,381,1,392,"H3","2106",8,21078,21078,183160,0
2008,381,2,392,"H3","2106",8,1339702,1339702,11577473,0
2008,381,1,392,"H3","210610",8,115,115,10503,0
2008,381,2,392,"H3","210610",8,35161,35161,368568,0
2008,381,1,392,"H3","210690",8,20963,20963,172657,0
2008,381,2,392,"H3","210690",8,1304541,1304541,11208906,0
2008,381,1,392,"H3","0813",8,4193,4193,70405,0
2008,381,2,392,"H3","0813",8,30000,30000,117480,0
2008,381,1,392,"H3","170240",8,30,30,10608,0
2008,381,2,392,"H3","220110",7,7330959,7329528,5091724,0
2008,381,2,392,"H3","220190",7,3637670,3637670,1463067,2
2008,381,2,392,"H3","180690",8,570512,570512,8106515,0
2008,381,1,392,"H3","09",1,,,534102,0
2008,381,2,392,"H3","220210",7,150211,152367,149600,0
2008,381,1,392,"H3","220290",7,2672,2931,13665,0
2008,381,2,392,"H3","220290",7,75420,75508,149510,0
2008,381,1,392,"H3","2203",7,343869,343873,939821,0
2008,381,2,392,"H3","2203",7,528023,531470,712540,0
2008,381,1,392,"H3","220300",7,343869,343873,939821,0
2008,381,2,392,"H3","220300",7,528023,531470,712540,0
2008,381,1,392,"H3","2204",7,21210,21210,86853,0
2008,381,2,392,"H3","2204",7,29981273,29998186,150638642,0
2008,381,1,392,"H3","220410",7,6755,6755,34697,0
2008,381,2,392,"H3","220410",7,4410636,4416619,26626103,0
2008,381,2,392,"H3","09",1,,,6956507,0
2008,381,1,392,"H3","0901",8,12577,12577,161981,0
2008,381,2,392,"H3","220429",7,1579439,1582856,6127756,0
2008,381,2,392,"H3","220430",7,404337,404338,1999406,0
2008,381,2,392,"H3","0901",8,694846,694846,6700282,0
2008,381,1,392,"H3","1902",8,463433,463433,697142,0
2008,381,1,392,"H3","2206",7,204494,204799,651594,0
2008,381,2,392,"H3","2206",7,118578,119022,435190,0
2008,381,2,392,"H3","090111",8,2164,2164,33745,0
2008,381,2,392,"H3","090412",8,1610,1610,56306,0
2008,381,2,392,"H3","1902",8,83377474,83377474,144426156,0
2008,381,2,392,"H3","100610",8,730,730,3648,0
2008,381,1,392,"H3","11",1,,,126074,0
2008,381,2,392,"H3","11",1,,,2127112,0
2008,381,1,392,"H3","220830",7,19,105,4161,0
2008,381,2,392,"H3","220830",7,22344,53706,1094103,0
2008,381,2,392,"H3","220840",7,4882,12836,114454,0
2008,381,2,392,"H3","220860",7,109143,415703,616577,0
2008,381,1,36,"H3","950430",5,64,34,15076,2
2008,381,2,36,"H3","950430",5,374,27850,112023,0
2008,381,1,392,"H3","220890",7,475,985,6236,0
2008,381,2,392,"H3","220890",7,7357,16863,364783,0
2008,381,1,392,"H3","2209",7,39406,39447,87945,0
2008,381,2,392,"H3","2209",7,864267,866593,4306227,0
2008,381,1,392,"H3","220900",7,39406,39447,87945,0
2008,381,2,392,"H3","220900",7,864267,866593,4306227,0
2008,381,1,392,"H3","23",1,,,24982,0
2008,381,2,392,"H3","23",1,,,2067104,0
2008,381,2,392,"H3","2301",8,130,130,1611,0
2008,381,2,392,"H3","230110",8,130,130,1611,0
2008,381,2,392,"H3","110220",8,8400,8400,13199,0
2008,381,2,392,"H3","110429",8,6068,6068,15258,0
2008,381,2,392,"H3","2307",8,60000,60000,100425,0
2008,381,2,392,"H3","230700",8,60000,60000,100425,0
2008,381,1,392,"H3","2309",8,18063,18063,24982,0
2008,381,2,392,"H3","2309",8,1606778,1606778,1961314,0
2008,381,1,392,"H3","230910",8,17913,17913,21017,0
2008,381,2,392,"H3","230910",8,1563083,1563083,1846775,0
2008,381,1,392,"H3","190219",8,382115,382115,385500,0
2008,381,1,392,"H3","1107",8,1764,1764,4631,0
2008,381,2,392,"H3","24",1,,,16100,0
2008,381,2,392,"H3","2402",1,,150,8570,0
2008,381,2,392,"H3","1109",8,325,325,4344,0
2008,381,1,392,"H3","120740",8,22912,22912,102784,0
2008,381,1,392,"H3","1208",8,48,48,2304,0
2008,381,1,392,"H3","120890",8,48,48,2304,0
2008,381,2,392,"H3","121410",8,5162110,5162110,1915299,0
2008,381,1,392,"H3","2501",8,1000,1000,1734,0
2008,381,2,392,"H3","2501",8,670693,670693,361768,0
2008,381,1,392,"H3","250100",8,1000,1000,1734,0
2008,381,2,392,"H3","250100",8,670693,670693,361768,0
2008,381,1,392,"H3","2503",8,1860000,1860000,3811409,0
2008,381,1,392,"H3","250300",8,1860000,1860000,3811409,0
2008,381,1,392,"H3","130212",8,19,19,17258,0
2008,381,1,392,"H3","250590",8,12750,12750,23841,0
2008,381,1,392,"H3","2507",8,34000,34000,30262,0
2008,381,2,392,"H3","2507",8,3500,3500,8171,0
2008,381,1,392,"H3","250700",8,34000,34000,30262,0
2008,381,2,392,"H3","250700",8,3500,3500,8171,0
2008,381,2,392,"H3","130212",8,100,100,15930,0
2008,381,1,392,"H3","14",1,,,56494,0
2008,381,1,392,"H3","250810",8,5600,5600,67973,0
2008,381,2,392,"H3","250810",8,822985,822985,316850,0
2008,381,1,392,"H3","250840",8,84421,84421,45099,0
2008,381,2,392,"H3","14",1,,,20735,0
2008,381,1,392,"H3","1401",8,1397,1397,35982,0
2008,381,1,392,"H3","2513",8,41502,41502,18395,0
2008,381,2,392,"H3","2513",8,7140,7140,16843,0
2008,381,1,392,"H3","251310",8,41501,41501,15275,0
2008,381,2,392,"H3","251310",8,6970,6970,14245,0
2008,381,1,392,"H3","251320",8,1,1,3120,0
2008,381,2,392,"H3","251320",8,170,170,2599,0
2008,381,2,392,"H3","1401",8,1793,1793,20735,0
2008,381,1,392,"H3","140110",8,65,65,4854,0
2008,381,2,392,"H3","251511",8,1932228,1932228,1240148,0
2008,381,1,392,"H3","251512",8,1194,1194,4345,0
2008,381,2,392,"H3","251512",8,969634,969634,1184555,0
2008,381,1,392,"H3","140190",8,1332,1332,31128,0
2008,381,1,392,"H3","2516",8,10000,10000,8880,0
2008,381,2,392,"H3","2516",8,123750,123750,42505,0
2008,381,1,392,"H3","251611",8,10000,10000,8880,0
2008,381,2,392,"H3","251611",8,21670,21670,13788,0
2008,381,2,392,"H3","251612",8,53680,53680,18257,0
2008,381,2,392,"H3","251690",8,48400,48400,10459,0
2008,381,2,392,"H3","2517",8,38000,38000,11705,0
2008,381,2,392,"H3","251741",8,18000,18000,3010,0
2008,381,2,392,"H3","140190",8,1793,1793,20735,0
2008,381,1,392,"H3","2519",8,84800,84800,255557,0
2008,381,1,392,"H3","251990",8,84800,84800,255557,0
2008,381,2,392,"H3","2520",8,1416,1416,7250,0
2008,381,2,392,"H3","252020",8,1416,1416,7250,0
2008,381,1,392,"H3","1404",8,10000,10000,20512,0
2008,381,1,392,"H3","140490",8,10000,10000,20512,0
2008,381,2,392,"H3","1507",8,260,260,4504,0
2008,381,1,392,"H3","150910",8,7118,7118,44981,0
2008,381,1,392,"H3","2523",8,2620000,2620000,1703643,0
2008,381,1,392,"H3","252390",8,2620000,2620000,1703643,0
2008,381,2,392,"H3","150910",8,8781444,8781444,56946386,0
2008,381,2,392,"H3","1510",8,1271484,1271484,3927611,0
2008,381,1,392,"H3","2526",8,28045,28045,229185,0
2008,381,2,392,"H3","2526",8,20000,20000,16450,0
2008,381,2,392,"H3","1512",8,446115,446115,967229,0
2008,381,1,392,"H3","252620",8,10765,10765,114952,0
2008,381,2,392,"H3","252620",8,20000,20000,16450,0
2008,381,1,392,"H3","2530",8,2178,2178,43890,0
2008,381,2,392,"H3","2530",8,4000,4000,11239,0
2008,381,1,392,"H3","253090",8,2178,2178,43890,0
2008,381,2,392,"H3","253090",8,4000,4000,11239,0
2008,381,1,392,"H3","26",1,,,594752,0
2008,381,2,392,"H3","26",1,,,185004,0
2008,381,1,392,"H3","2601",8,53000,53000,1573,0
2008,381,1,392,"H3","260111",8,53000,53000,1573,0
2008,381,2,392,"H3","151211",8,11793,11793,24269,0
2008,381,2,392,"H3","151219",8,434316,434316,938519,0
2008,381,1,392,"H3","2613",8,10257,10257,550906,0
2008,381,2,392,"H3","151411",8,621,621,2870,0
2008,381,1,392,"H3","261390",8,7,7,2003,0
2008,381,1,392,"H3","2614",8,2219,2219,42274,0
2008,381,1,392,"H3","261400",8,2219,2219,42274,0
2008,381,2,392,"H3","2617",8,6,6,8839,0
2008,381,2,392,"H3","261790",8,6,6,8839,0
2008,381,1,392,"H3","1515",8,46049,46049,142675,0
2008,381,2,392,"H3","1515",8,756727,756727,4677267,0
2008,381,1,392,"H3","27",1,,,86420567,0
2008,381,2,392,"H3","27",1,,,32831311,0
2008,381,1,392,"H3","2703",8,15600,15600,10717,0
2008,381,1,392,"H3","270300",8,15600,15600,10717,0
2008,381,1,392,"H3","2710",8,99781873,99781873,79702857,0
2008,381,2,392,"H3","2710",8,25369490,25369490,32821658,0
2008,381,2,392,"H3","271011",8,25195544,25195544,31502616,0
2008,381,2,392,"H3","151511",8,1242,1242,20709,0
2008,381,2,392,"H3","160220",8,743,743,11518,0
2008,381,1,392,"H3","2712",8,131492,131492,225945,0
2008,381,2,392,"H3","2712",8,3007,3007,9653,0
2008,381,2,392,"H3","160231",8,1040,1040,26185,0
2008,381,2,392,"H3","160241",8,72950,72950,820823,0
2008,381,1,392,"H3","271290",8,28292,28292,72704,0
2008,381,2,392,"H3","160242",8,260,260,7278,0
2008,381,2,392,"H3","160290",8,5610,5610,121905,0
2008,381,2,392,"H3","1604",8,226009,226009,4030923,0
2008,381,2,392,"H3","160414",8,3067,3067,37212,0
2008,381,1,124,"H3","2715",8,11315,11315,66521,0
2008,381,1,124,"H3","271500",8,11315,11315,66521,0
2008,381,1,124,"H3","28",1,,,1815494,0
2008,381,2,124,"H3","28",1,,,2696335,0
2008,381,1,392,"H3","28",1,,,17245264,0
2008,381,1,392,"H3","17",1,,,255434,0
2008,381,1,392,"H3","190590",8,3326,3326,42432,0
2008,381,2,392,"H3","190590",8,693594,693594,4533310,0
2008,381,1,124,"H3","2804",1,,250,30502,0
2008,381,1,392,"H3","2804",1,,24514,115295,0
2008,381,2,392,"H3","2804",1,,31516,5372808,0
2008,381,2,392,"H3","200510",8,4496,4496,58829,0
2008,381,1,392,"H3","200559",8,26456,26456,86892,0
2008,381,2,392,"H3","200559",8,162301,162301,153273,0
2008,381,1,392,"H3","200570",8,3396,3396,27315,0
2008,381,2,392,"H3","280469",8,200,200,2936,0
2008,381,2,392,"H3","200570",8,120063,120063,758034,0
2008,381,2,392,"H3","2006",8,53048,53048,186532,0
2008,381,2,392,"H3","200600",8,53048,53048,186532,0
2008,381,2,392,"H3","200919",8,1574884,1574884,2165450,0
2008,381,2,392,"H3","200931",8,5314263,5314263,9766082,0
2008,381,2,392,"H3","210112",8,2511,2511,25130,0
2008,381,1,392,"H3","090220",8,2531,2531,47521,0
2008,381,2,392,"H3","090220",8,2190,2190,11522,0
2008,381,2,392,"H3","230330",8,2296,2296,3754,0
2008,381,1,392,"H3","110710",8,1764,1764,4631,0
2008,381,1,392,"H3","2810",8,8060,8060,16448,0
2008,381,1,392,"H3","281000",8,8060,8060,16448,0
2008,381,1,124,"H3","2811",8,300,300,2517,0
2008,381,2,124,"H3","2811",8,6420,6420,33582,0
2008,381,1,392,"H3","2811",8,65305,65305,806647,0
2008,381,2,392,"H3","2811",8,13,13,1567,0
2008,381,2,392,"H3","151221",8,6,6,4441,0
2008,381,2,392,"H3","1514",8,621,621,2870,0
2008,381,1,392,"H3","152110",8,8106,8106,175912,0
2008,381,2,392,"H3","152110",8,1000,1000,9029,0
2008,381,1,392,"H3","281129",8,910,910,70900,0
2008,381,2,392,"H3","281129",8,13,13,1567,0
2008,381,2,392,"H3","1104",8,6068,6068,15258,0
2008,381,2,392,"H3","240220",8,150,150,8570,0
2008,381,1,392,"H3","190410",8,2389,2389,44034,0
2008,381,1,392,"H3","2801",8,536600,536600,10242933,0
2008,381,2,392,"H3","281530",8,20,20,36705,0
2008,381,1,392,"H3","280120",8,536600,536600,10242933,0
2008,381,1,392,"H3","280429",12,1600,1450,24007,0
2008,381,1,392,"H3","280470",8,23029,23029,87679,0
2008,381,1,392,"H3","2805",8,300,300,5186,0
2008,381,2,392,"H3","2805",8,3250,3250,189439,0
2008,381,2,392,"H3","280512",8,2000,2000,56731,0
2008,381,1,392,"H3","21",1,,,2033163,0
2008,381,1,124,"H3","2818",8,528000,528000,817105,0
2008,381,1,392,"H3","2818",8,119643,119643,312508,0
2008,381,2,392,"H3","2818",8,41040,41040,141974,0
2008,381,2,392,"H3","21",1,,,19794979,0
2008,381,1,124,"H3","281820",8,528000,528000,817105,0
2008,381,1,392,"H3","281820",8,4043,4043,136973,0
2008,381,2,124,"H3","2807",8,10029516,10029516,807885,0
2008,381,1,392,"H3","2103",8,447255,447255,1656051,0
2008,381,2,392,"H3","2103",8,2038818,2038818,5857623,0
2008,381,2,392,"H3","2105",8,159568,159568,1713660,0
2008,381,1,392,"H3","22",1,,,1843262,0
2008,381,2,124,"H3","2821",8,185032,185032,248684,0
2008,381,2,392,"H3","22",1,,,172051895,0
2008,381,2,392,"H3","2201",7,10968629,10967198,6554791,2
2008,381,2,124,"H3","282110",8,185032,185032,248684,0
2008,381,1,392,"H3","282110",8,9590,9590,51173,0
2008,381,2,392,"H3","282110",8,239000,239000,651746,0
2008,381,2,124,"H3","2823",8,300000,300000,529201,0
2008,381,1,392,"H3","2202",7,2672,2931,13665,0
2008,381,2,392,"H3","2202",7,225631,227875,299110,0
2008,381,2,124,"H3","282300",8,300000,300000,529201,0
2008,381,1,392,"H3","220421",7,14455,14455,52155,0
2008,381,2,392,"H3","220421",7,23586861,23594373,115885376,0
2008,381,2,392,"H3","2205",7,554180,556868,799324,0
2008,381,2,392,"H3","220510",7,554180,556868,799324,0
2008,381,1,392,"H3","220600",7,204494,204799,651594,0
2008,381,2,392,"H3","220600",7,118578,119022,435190,0
2008,381,2,124,"H3","2809",8,120000,120000,262221,0
2008,381,1,392,"H3","091099",8,525,525,1852,0
2008,381,2,392,"H3","091099",8,12631,12631,55409,0
2008,381,1,392,"H3","220820",7,156,354,49929,0
2008,381,2,392,"H3","220820",7,23851,44272,1452348,0
2008,381,1,392,"H3","220870",7,124,247,3057,0
2008,381,2,392,"H3","220870",7,242617,1257346,4663807,0
2008,381,2,124,"H3","2827",8,460000,460000,136249,0
2008,381,1,392,"H3","2827",8,58800,58800,56453,0
2008,381,2,392,"H3","2827",8,300001,300001,481424,0
2008,381,1,392,"H3","1101",8,1944,1944,4242,0
2008,381,2,124,"H3","282720",8,460000,460000,136249,0
2008,381,1,392,"H3","282720",8,7000,7000,7709,0
2008,381,2,392,"H3","1101",8,639140,639140,538769,0
2008,381,1,392,"H3","110100",8,1944,1944,4242,0
2008,381,2,392,"H3","110100",8,639140,639140,538769,0
2008,381,2,392,"H3","2815",8,20,20,36705,0
2008,381,2,124,"H3","2832",8,453773,453773,268206,0
2008,381,1,392,"H3","2832",8,25000,25000,8515,0
2008,381,2,392,"H3","2832",8,2000,2000,2425,0
2008,381,2,124,"H3","283210",8,451273,451273,262193,0
2008,381,1,392,"H3","283210",8,25000,25000,8515,0
2008,381,2,392,"H3","283210",8,2000,2000,2425,0
2008,381,2,124,"H3","283220",8,2500,2500,6012,0
2008,381,2,124,"H3","2833",8,18368,18368,93978,0
2008,381,1,392,"H3","2833",8,395210,395210,712564,0
2008,381,2,392,"H3","2833",8,11460,11460,109888,0
2008,381,2,392,"H3","1106",8,17393,17393,1040960,0
2008,381,2,392,"H3","240399",8,760,760,7530,0
2008,381,2,124,"H3","283329",8,16500,16500,71137,0
2008,381,1,392,"H3","2505",8,12750,12750,23841,0
2008,381,1,392,"H3","2508",8,90021,90021,113072,0
2008,381,2,392,"H3","2508",8,822985,822985,316850,0
2008,381,1,392,"H3","2515",8,1194,1194,4345,0
2008,381,2,392,"H3","2515",8,2919891,2919891,2449333,0
2008,381,2,392,"H3","251520",8,18029,18029,24631,0
2008,381,2,392,"H3","251749",8,20000,20000,8695,0
2008,381,1,392,"H3","2522",8,152000,152000,80100,0
2008,381,2,392,"H3","2522",8,2802,2802,6147,0
2008,381,1,392,"H3","252220",8,152000,152000,80100,0
2008,381,2,392,"H3","252220",8,2802,2802,6147,0
2008,381,1,392,"H3","2525",8,10710,10710,132818,0
2008,381,1,392,"H3","252520",8,10710,10710,132818,0
2008,381,2,124,"H3","2836",8,84395,84395,61763,0
2008,381,1,392,"H3","252610",8,17280,17280,114234,0
2008,381,2,392,"H3","2608",8,236128,236128,145520,0
2008,381,1,124,"H3","281122",8,300,300,2517,0
2008,381,2,124,"H3","283650",8,80000,80000,19786,0
2008,381,2,124,"H3","281122",8,6420,6420,33582,0
2008,381,2,392,"H3","2620",8,24080,24080,30646,0
2008,381,1,392,"H3","271019",8,99781873,99781873,79702857,0
2008,381,2,392,"H3","271019",8,173946,173946,1319042,0
2008,381,1,392,"H3","281122",8,62412,62412,704039,0
2008,381,1,392,"H3","2815",8,9500,9500,27009,0
2008,381,1,392,"H3","271220",8,103200,103200,153240,0
2008,381,2,392,"H3","271220",8,3007,3007,9653,0
2008,381,2,124,"H3","2713",8,16780,16780,11574,0
2008,381,1,392,"H3","2713",8,5300000,5300000,6481048,0
2008,381,1,392,"H3","271312",8,5300000,5300000,6481048,0
2008,381,2,124,"H3","271320",8,16780,16780,11574,0
2008,381,1,392,"H3","2009",8,18096,18096,57711,0
2008,381,2,392,"H3","2009",8,12648261,12648261,27431506,0
2008,381,1,392,"H3","282710",8,50400,50400,46742,0
2008,381,2,392,"H3","2303",8,2296,2296,3754,0
2008,381,1,392,"H3","281512",8,9500,9500,27009,0
2008,381,2,392,"H3","2403",8,760,760,7530,0
2008,381,1,392,"H3","261310",8,10250,10250,548903,0
2008,381,1,392,"H3","2816",8,75600,75600,241466,0
2008,381,1,392,"H3","230990",8,150,150,3964,0
2008,381,1,392,"H3","2842",8,3100,3100,16880,0
2008,381,2,392,"H3","2842",8,41640,41640,309939,0
2008,381,1,392,"H3","284210",8,1900,1900,13138,0
2008,381,2,392,"H3","284210",8,37640,37640,294017,0
2008,381,2,392,"H3","230990",8,43695,43695,114539,0
2008,381,2,124,"H3","2816",8,21000,21000,11069,0
2008,381,1,392,"H3","284190",8,1060,1060,27514,0
2008,381,2,124,"H3","281610",8,21000,21000,11069,0
2008,381,1,392,"H3","281610",8,75600,75600,241466,0
2008,381,1,124,"H3","280461",8,250,250,30502,0
2008,381,1,392,"H3","280461",8,35,35,3609,0
2008,381,2,392,"H3","280461",8,31316,31316,5369872,0
2008,381,1,392,"H3","281700",8,61,61,5286,0
2008,381,1,124,"H3","2844",1,,27,627905,0
2008,381,2,124,"H3","2844",1,,62,29264,0
2008,381,2,392,"H3","2844",1,,12,31862,0
2008,381,1,124,"H3","284440",8,27,27,627905,0
2008,381,2,124,"H3","284440",8,62,62,29264,0
2008,381,2,392,"H3","284440",8,12,12,31862,0
2008,381,2,392,"H3","281700",8,16000,16000,18918,0
2008,381,2,392,"H3","200880",8,423,423,3449,0
2008,381,2,124,"H3","2841",8,3687,3687,15842,0
2008,381,1,392,"H3","2841",8,11429,11429,375943,0
2008,381,1,392,"H3","280519",8,300,300,5186,0
2008,381,2,392,"H3","280530",8,1250,1250,132708,0
2008,381,1,392,"H3","200969",8,17613,17613,55067,0
2008,381,2,392,"H3","200969",8,1118880,1118880,2838199,0
2008,381,2,392,"H3","200971",8,11250,11250,57443,0
2008,381,1,392,"H3","281830",8,115600,115600,175535,0
2008,381,1,392,"H3","2819",8,18000,18000,54562,0
2008,381,2,392,"H3","210120",8,32012,32012,104499,0
2008,381,1,124,"H3","282010",8,4581,4581,6224,0
2008,381,2,124,"H3","280700",8,10029516,10029516,807885,0
2008,381,2,392,"H3","282619",8,14100,14100,317311,0
2008,381,2,392,"H3","2841",8,200,200,8140,0
2008,381,1,392,"H3","284170",8,8669,8669,284164,0
2008,381,1,392,"H3","282731",8,1400,1400,2003,0
2008,381,1,392,"H3","282810",8,84000,84000,166314,0
2008,381,2,124,"H3","280920",8,120000,120000,262221,0
2008,381,1,392,"H3","284290",8,1200,1200,3741,0
2008,381,1,392,"H3","283327",8,49110,49110,157823,0
2008,381,2,392,"H3","284290",8,4000,4000,15923,0
2008,381,1,392,"H3","281121",8,1983,1983,31708,0
2008,381,2,392,"H3","110900",8,325,325,4344,0
2008,381,1,124,"H3","29",1,,,17926556,0
2008,381,2,124,"H3","29",1,,,91281550,0
2008,381,1,392,"H3","29",1,,,430249906,0
2008,381,2,392,"H3","29",1,,,242384686,0
2008,381,1,392,"H3","25",1,,,6457132,0
2008,381,2,392,"H3","25",1,,,3251550,0
2008,381,2,124,"H3","283340",8,1868,1868,22841,0
2008,381,1,392,"H3","283340",8,283000,283000,395762,0
2008,381,2,392,"H3","2511",8,72,72,3289,0
2008,381,2,392,"H3","251120",8,72,72,3289,0
2008,381,2,392,"H3","283340",8,2100,2100,24519,0
2008,381,2,392,"H3","260800",8,236128,236128,145520,0
2008,381,2,124,"H3","284190",8,3687,3687,15842,0
2008,381,2,392,"H3","262019",8,24080,24080,30646,0
2008,381,1,124,"H3","283919",8,29011,29011,74015,0
2008,381,1,392,"H3","283919",8,1500,1500,2313,0
2008,381,2,124,"H3","2840",8,12500,12500,32300,0
2008,381,2,392,"H3","2840",8,36000,36000,98957,0
2008,381,2,124,"H3","284020",8,12500,12500,32300,0
2008,381,2,392,"H3","284020",8,36000,36000,98957,0
2008,381,2,392,"H3","28",1,,,9889442,0
2008,381,1,124,"H3","284390",8,0,0,2067,0
2008,381,2,124,"H3","284390",8,0,0,14660,0
2008,381,2,392,"H3","284390",8,1,1,56251,0
2008,381,2,392,"H3","282739",8,300001,300001,481424,0
2008,381,1,124,"H3","2904",8,1668,1668,42266,0
2008,381,2,124,"H3","2904",8,20800,20800,32850,0
2008,381,2,124,"H3","2843",8,18,18,27610,0
2008,381,2,392,"H3","2904",8,35900,35900,592023,0
2008,381,2,392,"H3","2843",8,1,1,56251,0
2008,381,2,124,"H3","284310",8,18,18,12950,0
2008,381,1,392,"H3","20",1,,,733998,0
2008,381,2,392,"H3","20",1,,,117250521,0
2008,381,1,392,"H3","290349",8,94172,94172,480173,0
2008,381,1,392,"H3","290490",8,5000,5000,730976,0
2008,381,2,392,"H3","290490",8,22524,22524,519803,0
2008,381,2,124,"H3","2905",8,351,351,7896,0
2008,381,1,392,"H3","290369",8,740,740,32034,0
2008,381,2,392,"H3","290369",8,108000,108000,1109962,0
2008,381,1,392,"H3","2817",8,61,61,5286,0
2008,381,2,392,"H3","2817",8,16000,16000,18918,0
2008,381,1,124,"H3","284590",8,15,15,27661,0
2008,381,1,392,"H3","284590",8,37,37,246884,0
2008,381,1,392,"H3","284610",8,4502,4502,78933,0
2008,381,1,392,"H3","284690",8,140,140,20788,0
2008,381,2,392,"H3","284690",8,8059,8059,849438,0
2008,381,2,392,"H3","281810",8,41040,41040,141974,0
2008,381,1,392,"H3","2821",8,9590,9590,51173,0
2008,381,2,392,"H3","2821",8,239000,239000,651746,0
2008,381,1,392,"H3","2823",8,315740,315740,1246710,0
2008,381,2,392,"H3","2823",8,385000,385000,718727,0
2008,381,1,392,"H3","290549",8,220,220,7249,0
2008,381,2,392,"H3","290549",8,600,600,6406,0
2008,381,1,392,"H3","282300",8,315740,315740,1246710,0
2008,381,1,392,"H3","2906",8,1222,1222,87119,0
2008,381,2,392,"H3","282300",8,385000,385000,718727,0
2008,381,2,124,"H3","2825",8,19,19,2063,0
2008,381,1,392,"H3","2825",8,5100,5100,69105,0
2008,381,2,392,"H3","2825",8,13600,13600,29703,0
2008,381,2,392,"H3","282550",8,13600,13600,29703,0
2008,381,1,392,"H3","282560",8,1500,1500,29005,0
2008,381,2,124,"H3","282590",8,19,19,2063,0
2008,381,1,392,"H3","2208",7,774,1691,63384,0
2008,381,2,392,"H3","2208",7,410194,1800726,8306071,0
2008,381,1,392,"H3","282590",8,3600,3600,40101,0
2008,381,1,392,"H3","2826",8,100,100,1800,0
2008,381,2,392,"H3","2826",8,14100,14100,317311,0
2008,381,1,392,"H3","282690",8,100,100,1800,0
2008,381,1,392,"H3","2904",8,55080,55080,950415,0
2008,381,1,392,"H3","2828",8,84000,84000,166314,0
2008,381,1,392,"H3","283322",8,57600,57600,140792,0
2008,381,1,392,"H3","284180",8,1700,1700,64264,0
2008,381,2,392,"H3","284180",8,200,200,8140,0
2008,381,1,392,"H3","2901",8,22,22,1981,0
2008,381,1,392,"H3","283329",8,5500,5500,18186,0
2008,381,2,392,"H3","2901",8,96180,96180,225720,0
2008,381,2,392,"H3","290110",8,96180,96180,225720,0
2008,381,2,392,"H3","283329",8,9360,9360,85369,0
2008,381,1,392,"H3","290123",8,22,22,1981,0
2008,381,1,124,"H3","2902",8,356240,356240,2835869,0
2008,381,1,392,"H3","2902",8,43800,43800,363169,0
2008,381,1,392,"H3","283522",8,3000,3000,13539,0
2008,381,2,124,"H3","283531",8,3890,3890,14253,0
2008,381,1,392,"H3","2836",8,1402900,1402900,928122,0
2008,381,2,392,"H3","2836",8,58000,58000,359431,0
2008,381,2,124,"H3","283640",8,2023,2023,3734,0
2008,381,1,392,"H3","283650",8,1402900,1402900,928122,0
2008,381,2,124,"H3","2914",8,2880,2880,26050,0
2008,381,1,392,"H3","2914",8,1786,1786,1104030,0
2008,381,2,392,"H3","2914",8,379635,379635,4871163,0
2008,381,2,392,"H3","283650",8,6000,6000,33637,0
2008,381,2,392,"H3","283692",8,52000,52000,325795,0
2008,381,1,392,"H3","291439",8,700,700,2440,0
2008,381,2,392,"H3","291439",8,526,526,71206,0
2008,381,2,124,"H3","283699",8,2372,2372,38244,0
2008,381,1,124,"H3","2839",8,29011,29011,74015,0
2008,381,1,392,"H3","2839",8,1510,1510,4706,0
2008,381,1,392,"H3","291469",8,786,786,1089902,0
2008,381,1,392,"H3","291470",8,180,180,6114,0
2008,381,2,392,"H3","291470",8,28875,28875,994962,0
2008,381,1,124,"H3","2915",8,41694,41694,88725,0
2008,381,2,124,"H3","2915",8,52265,52265,310788,0
2008,381,1,392,"H3","2915",8,435723,435723,1940945,0
2008,381,2,392,"H3","2915",8,333785,333785,2287081,0
2008,381,1,392,"H3","283990",8,10,10,2393,0
2008,381,2,124,"H3","290331",8,5,5,2565,0
2008,381,1,392,"H3","290339",8,6180,6180,498007,0
2008,381,2,392,"H3","291539",8,175780,175780,483722,0
2008,381,2,392,"H3","290339",8,47242,47242,2815663,0
2008,381,1,124,"H3","2843",8,0,0,2067,0
2008,381,1,124,"H3","2845",8,15,15,27661,0
2008,381,2,124,"H3","291570",8,49265,49265,142373,0
2008,381,1,392,"H3","2845",8,37,37,246884,0
2008,381,1,124,"H3","2850",8,1,1,1995,0
2008,381,1,392,"H3","291590",8,107786,107786,810758,0
2008,381,2,392,"H3","291590",8,24595,24595,1492910,0
2008,381,2,124,"H3","2916",8,2204,2204,34180,0
2008,381,1,392,"H3","2916",8,1697139,1697139,8616239,0
2008,381,2,392,"H3","2916",8,348,348,4776,0
2008,381,2,124,"H3","2850",8,1449,1449,8151,0
2008,381,1,392,"H3","2850",8,12,12,3060,0
2008,381,1,392,"H3","290539",8,1964960,1964960,4921227,0
2008,381,1,392,"H3","290611",8,922,922,80530,0
2008,381,1,392,"H3","290613",8,300,300,6588,0
2008,381,1,124,"H3","285000",8,1,1,1995,0
2008,381,2,124,"H3","291631",8,1520,1520,5410,0
2008,381,2,124,"H3","291632",8,109,109,22662,0
2008,381,2,124,"H3","285000",8,1449,1449,8151,0
2008,381,1,124,"H3","2917",8,460000,460000,551569,0
2008,381,2,124,"H3","2917",8,330450,330450,515141,0
2008,381,1,392,"H3","2917",8,1399984,1399984,3670669,0
2008,381,2,392,"H3","2917",8,107240,107240,343964,0
2008,381,1,392,"H3","285000",8,12,12,3060,0
2008,381,2,124,"H3","283529",8,2699,2699,7188,0
2008,381,1,392,"H3","283529",8,431,431,133753,0
2008,381,2,124,"H3","290329",8,1,1,4007,0
2008,381,1,392,"H3","290347",8,9300,9300,837811,0
2008,381,1,392,"H3","291719",8,32576,32576,387966,0
2008,381,2,392,"H3","291719",8,6500,6500,33156,0
2008,381,1,392,"H3","290519",8,40,40,4483,0
2008,381,1,392,"H3","291570",8,13617,13617,497816,0
2008,381,2,392,"H3","291570",8,118210,118210,273239,0
2008,381,2,392,"H3","290519",8,718840,718840,3316026,0
2008,381,1,392,"H3","290532",8,300,300,13272,0
2008,381,1,392,"H3","291612",8,123617,123617,272538,0
2008,381,2,124,"H3","291241",8,20,20,9235,0
2008,381,1,124,"H3","291550",8,10200,10200,20744,0
2008,381,1,124,"H3","2918",8,520175,520175,1077803,0
2008,381,2,124,"H3","2918",8,297985,297985,10190624,0
2008,381,1,392,"H3","2918",8,239034,239034,4148108,0
2008,381,2,392,"H3","2918",8,846656,846656,15119588,0
2008,381,2,124,"H3","291550",8,3000,3000,168415,0
2008,381,1,124,"H3","290410",8,1668,1668,42266,0
2008,381,2,124,"H3","291812",8,64925,64925,337020,0
2008,381,2,392,"H3","291812",8,378000,378000,1831228,0
2008,381,1,124,"H3","291813",8,300,300,36967,0
2008,381,2,392,"H3","291813",8,118740,118740,430941,0
2008,381,2,124,"H3","290410",8,20800,20800,32850,0
2008,381,1,392,"H3","290410",8,50000,50000,217249,0
2008,381,2,392,"H3","290410",8,13376,13376,72219,0
2008,381,1,124,"H3","291819",8,519875,519875,1040836,0
2008,381,2,124,"H3","291819",8,27627,27627,1156386,0
2008,381,1,392,"H3","291819",8,96000,96000,209086,0
2008,381,2,392,"H3","291819",8,327509,327509,10706891,0
2008,381,1,392,"H3","290420",8,80,80,2189,0
2008,381,1,392,"H3","290514",8,2552,2552,74722,0
2008,381,2,392,"H3","291720",8,85560,85560,229689,0
2008,381,2,124,"H3","291732",8,450,450,5788,0
2008,381,1,392,"H3","291734",8,16000,16000,72828,0
2008,381,2,124,"H3","290522",8,11,11,1746,0
2008,381,1,392,"H3","2846",8,4642,4642,99721,0
2008,381,2,392,"H3","2846",8,8059,8059,849438,0
2008,381,2,124,"H3","290529",8,340,340,6150,0
2008,381,1,392,"H3","290529",8,37780,37780,108171,0
2008,381,2,392,"H3","290531",8,2400,2400,5391,0
2008,381,1,392,"H3","2849",8,128500,128500,829602,0
2008,381,1,392,"H3","284920",8,128500,128500,829602,0
2008,381,1,392,"H3","291613",8,19940,19940,45360,0
2008,381,1,392,"H3","281990",8,18000,18000,54562,0
2008,381,1,124,"H3","2820",8,4581,4581,6224,0
2008,381,1,392,"H3","291614",8,730980,730980,3321804,0
2008,381,1,392,"H3","291615",8,377,377,14005,0
2008,381,2,392,"H3","290543",8,28000,28000,85587,0
2008,381,1,124,"H3","2921",8,95166,95166,302398,0
2008,381,2,124,"H3","2921",8,663929,663929,7489718,0
2008,381,1,392,"H3","2921",8,36001,36001,221330,0
2008,381,2,392,"H3","2921",8,254945,254945,2816393,0
2008,381,2,392,"H3","292119",8,1481,1481,162323,0
2008,381,1,392,"H3","290545",8,93,93,3048,0
2008,381,1,392,"H3","290559",8,159770,159770,14367089,0
2008,381,2,392,"H3","291615",8,348,348,4776,0
2008,381,2,124,"H3","292143",8,630000,630000,6498519,0
2008,381,2,392,"H3","292143",8,252000,252000,2260104,0
2008,381,2,124,"H3","291619",8,575,575,6108,0
2008,381,1,124,"H3","2907",8,1800,1800,153290,0
2008,381,2,124,"H3","292149",8,1123,1123,887339,0
2008,381,1,392,"H3","2907",8,184478,184478,1100907,0
2008,381,2,392,"H3","2907",8,210000,210000,880588,0
2008,381,1,392,"H3","290721",8,39528,39528,267941,0
2008,381,1,392,"H3","292159",8,36000,36000,217778,0
2008,381,2,392,"H3","292159",8,742,742,111661,0
2008,381,1,124,"H3","2922",8,4368,4368,786026,6
2008,381,2,124,"H3","2922",8,60288,60288,9384333,0
2008,381,1,392,"H3","2922",8,113261,113261,8196006,0
2008,381,2,392,"H3","2922",8,16801,16801,3732083,0
2008,381,2,124,"H3","292214",8,300,300,32471,0
2008,381,1,124,"H3","292219",8,715,715,4785,6
2008,381,2,124,"H3","292219",8,4156,4156,494510,0
2008,381,1,392,"H3","292219",8,25,25,21599,0
2008,381,2,392,"H3","292219",8,4317,4317,1395500,0
2008,381,2,124,"H3","292229",8,20,20,25049,0
2008,381,2,392,"H3","292229",8,3953,3953,704281,0
2008,381,2,124,"H3","292231",8,25,25,8259,0
2008,381,1,392,"H3","290722",8,101150,101150,424763,0
2008,381,1,392,"H3","291639",8,822225,822225,4962532,0
2008,381,1,124,"H3","290729",8,1800,1800,153290,0
2008,381,1,392,"H3","290729",8,43800,43800,408203,0
2008,381,1,124,"H3","292249",8,823,823,252631,0
2008,381,2,124,"H3","292249",8,17284,17284,2399147,0
2008,381,1,392,"H3","292249",8,62936,62936,2612589,0
2008,381,2,392,"H3","292249",8,1500,1500,96167,0
2008,381,2,124,"H3","292250",8,2709,2709,350077,0
2008,381,1,392,"H3","292250",8,44050,44050,5474472,0
2008,381,2,392,"H3","292250",8,7031,7031,1536134,0
2008,381,2,124,"H3","2923",8,4,4,6849,0
2008,381,1,392,"H3","2923",8,57204,57204,255428,0
2008,381,2,392,"H3","2923",8,8713,8713,840148,0
2008,381,2,392,"H3","290729",8,210000,210000,880588,0
2008,381,1,392,"H3","290819",8,18000,18000,882154,0
2008,381,2,124,"H3","292390",8,4,4,6849,0
2008,381,1,392,"H3","292390",8,54848,54848,165875,0
2008,381,2,392,"H3","292390",8,7850,7850,483947,0
2008,381,1,124,"H3","2924",8,650,650,52332,0
2008,381,2,124,"H3","2924",8,12009,12009,971474,0
2008,381,1,392,"H3","2924",8,41192,41192,48396177,0
2008,381,2,392,"H3","2924",8,119249,119249,20772785,0
2008,381,2,124,"H3","292419",8,59,59,193293,0
2008,381,1,392,"H3","291711",8,50,50,1633,0
2008,381,1,392,"H3","2909",8,187954,187954,2476284,0
2008,381,2,392,"H3","291711",8,180,180,22757,0
2008,381,1,124,"H3","292429",8,650,650,52332,0
2008,381,2,124,"H3","292429",8,11840,11840,762409,0
2008,381,1,392,"H3","292429",8,17263,17263,47236576,0
2008,381,2,392,"H3","292429",8,116849,116849,20689212,0
2008,381,2,124,"H3","2925",8,83,83,131834,0
2008,381,1,392,"H3","2925",8,55925,55925,3053888,0
2008,381,2,392,"H3","2925",8,6711,6711,2456055,0
2008,381,1,392,"H3","292519",8,46136,46136,1618720,0
2008,381,2,392,"H3","292519",8,6528,6528,2390123,0
2008,381,1,392,"H3","2852",8,8000,8000,140921,0
2008,381,1,392,"H3","285200",8,8000,8000,140921,0
2008,381,2,392,"H3","2909",8,22575,22575,14622,0
2008,381,2,124,"H3","2926",8,101,101,18866,0
2008,381,2,392,"H3","2926",8,650,650,71443,0
2008,381,2,392,"H3","290930",8,22575,22575,14622,0
2008,381,1,124,"H3","285300",8,9861,9861,225501,0
2008,381,2,124,"H3","285300",8,16777,16777,106824,0
2008,381,2,124,"H3","290943",8,200,200,2496,0
2008,381,1,392,"H3","285300",8,16000,16000,312157,0
2008,381,1,392,"H3","290943",8,3960,3960,21279,0
2008,381,1,392,"H3","290944",8,2960,2960,12213,0
2008,381,2,124,"H3","290949",8,5,5,1904,0
2008,381,1,392,"H3","290949",8,106055,106055,267354,0
2008,381,1,392,"H3","290950",8,74560,74560,2159673,0
2008,381,1,392,"H3","2910",8,1117260,1117260,6398361,0
2008,381,1,392,"H3","291090",8,1117260,1117260,6398361,0
2008,381,1,392,"H3","292910",8,375940,375940,2502492,0
2008,381,2,392,"H3","292910",8,1000,1000,11117,0
2008,381,1,124,"H3","290219",8,356240,356240,2835869,0
2008,381,1,124,"H3","2930",8,30,30,19028,0
2008,381,2,124,"H3","2930",8,7828,7828,221904,0
2008,381,1,392,"H3","2930",8,2347194,2347194,20446108,0
2008,381,2,392,"H3","2930",8,980128,980128,4618676,0
2008,381,1,392,"H3","290219",8,28800,28800,128975,0
2008,381,2,124,"H3","2835",8,6589,6589,21442,0
2008,381,2,124,"H3","293040",8,700,700,73682,0
2008,381,1,392,"H3","293040",8,2025,2025,80720,0
2008,381,1,124,"H3","293090",8,30,30,19028,0
2008,381,2,124,"H3","293090",8,7128,7128,148223,0
2008,381,1,392,"H3","293090",8,2331089,2331089,20347830,0
2008,381,2,392,"H3","293090",8,626128,626128,3654177,0
2008,381,1,392,"H3","2835",8,3431,3431,147292,0
2008,381,2,392,"H3","2835",8,14910,14910,102788,0
2008,381,1,392,"H3","291712",8,502,502,5602,0
2008,381,2,392,"H3","291712",8,15000,15000,58361,0
2008,381,2,124,"H3","291219",8,2880,2880,81694,0
2008,381,2,392,"H3","283539",8,14910,14910,102788,0
2008,381,1,392,"H3","291219",8,2,2,4866,0
2008,381,1,392,"H3","291229",8,6,6,3336,0
2008,381,2,124,"H3","2932",8,8941,8941,921963,0
2008,381,1,392,"H3","2932",8,86027,86027,1008256,6
2008,381,2,392,"H3","2932",8,2061550,2061550,4638931,0
2008,381,1,392,"H3","291739",8,785346,785346,1325465,0
2008,381,1,392,"H3","290290",8,15000,15000,234194,0
2008,381,2,124,"H3","2903",8,11181,11181,28952,0
2008,381,1,392,"H3","291419",8,120,120,5574,0
2008,381,1,392,"H3","293229",8,16230,16230,86828,0
2008,381,2,392,"H3","293229",8,2060853,2060853,4094477,0
2008,381,2,124,"H3","293299",8,8891,8891,915839,0
2008,381,1,392,"H3","293299",8,68618,68618,823859,0
2008,381,2,392,"H3","293299",8,697,697,544454,0
2008,381,1,124,"H3","2933",8,145,145,253839,0
2008,381,2,124,"H3","2933",8,205975,205975,19607676,0
2008,381,2,392,"H3","291429",8,1330,1330,65416,0
2008,381,2,392,"H3","291440",8,230035,230035,2645039,0
2008,381,1,392,"H3","2903",8,110392,110392,1848026,0
2008,381,2,124,"H3","291450",8,2880,2880,26050,0
2008,381,1,124,"H3","293329",8,1,1,16226,0
2008,381,2,124,"H3","293329",8,5035,5035,500305,0
2008,381,1,392,"H3","293329",8,67681,67681,3087082,0
2008,381,2,392,"H3","293329",8,3500,3500,1248479,0
2008,381,2,392,"H3","291450",8,118869,118869,1094539,0
2008,381,2,124,"H3","293333",8,110,110,223562,0
2008,381,2,392,"H3","293333",8,90,90,213395,0
2008,381,2,124,"H3","293339",8,14520,14520,2514978,0
2008,381,1,392,"H3","293339",8,128934,128934,11317503,0
2008,381,2,392,"H3","293339",8,45008,45008,19943018,0
2008,381,1,124,"H3","291521",8,17744,17744,39781,0
2008,381,2,392,"H3","2903",8,155242,155242,3925626,0
2008,381,2,124,"H3","290321",8,11175,11175,22380,0
2008,381,1,124,"H3","293359",8,1,1,5603,0
2008,381,2,124,"H3","293359",8,114281,114281,10238854,0
2008,381,1,392,"H3","293359",8,46090,46090,18245367,0
2008,381,2,392,"H3","293359",8,40483,40483,4288714,0
2008,381,2,392,"H3","293369",8,60000,60000,631153,0
2008,381,1,124,"H3","291529",8,13750,13750,28200,0
2008,381,1,392,"H3","291713",8,200,200,3797,0
2008,381,2,392,"H3","291536",8,15200,15200,37210,0
2008,381,2,124,"H3","293391",8,2216,2216,2196102,0
2008,381,1,392,"H3","293391",8,67,67,122781,0
2008,381,2,392,"H3","293391",8,12716,12716,3155205,0
2008,381,1,124,"H3","293399",8,143,143,232010,0
2008,381,2,124,"H3","293399",8,68586,68586,3189028,0
2008,381,1,392,"H3","293399",8,151753,151753,59325491,0
2008,381,2,392,"H3","293399",8,28535,28535,24328723,0
2008,381,1,124,"H3","2934",8,696371,696371,8737851,0
2008,381,2,124,"H3","2934",8,42347,42347,5431889,0
2008,381,1,392,"H3","2934",8,396584,396584,54916042,0
2008,381,2,392,"H3","2934",8,477773,477773,17055674,0
2008,381,1,392,"H3","293410",8,58067,58067,10847891,0
2008,381,2,392,"H3","293410",8,3355,3355,1881050,0
2008,381,1,392,"H3","293420",8,30300,30300,278100,0
2008,381,2,392,"H3","293420",8,10000,10000,41371,0
2008,381,2,124,"H3","293430",8,50,50,22170,0
2008,381,2,392,"H3","293430",8,1,1,3126,0
2008,381,2,124,"H3","291811",8,31023,31023,93394,0
2008,381,1,392,"H3","291811",8,2736,2736,41449,0
2008,381,1,124,"H3","293499",8,696371,696371,8737851,0
2008,381,2,124,"H3","293499",8,42297,42297,5409719,0
2008,381,1,392,"H3","293499",8,308137,308137,43581486,0
2008,381,2,392,"H3","293499",8,464408,464408,14883567,0
2008,381,1,124,"H3","2935",8,3,3,255136,0
2008,381,2,124,"H3","2935",8,14622,14622,5458416,0
2008,381,1,392,"H3","291720",8,564710,564710,1870508,0
2008,381,1,392,"H3","291560",8,314320,314320,632371,0
2008,381,1,124,"H3","293500",8,3,3,255136,0
2008,381,2,124,"H3","293500",8,14622,14622,5458416,0
2008,381,1,392,"H3","293500",8,3672,3672,103800,0
2008,381,2,392,"H3","293500",8,12680,12680,1357516,0
2008,381,1,124,"H3","2936",8,5929,5929,42584,0
2008,381,2,124,"H3","2936",8,17900,17900,172812,0
2008,381,1,392,"H3","2936",8,1175,1175,1373714,0
2008,381,2,392,"H3","2936",8,21750,21750,643256,0
2008,381,2,124,"H3","291815",8,10750,10750,28631,0
2008,381,1,392,"H3","291815",8,27300,27300,2614306,0
2008,381,2,392,"H3","291815",8,7040,7040,35757,0
2008,381,1,124,"H3","293627",8,5700,5700,26272,0
2008,381,2,124,"H3","293627",8,5900,5900,59232,0
2008,381,1,392,"H3","293627",8,20,20,5212,0
2008,381,2,392,"H3","293627",8,300,300,3120,0
2008,381,1,392,"H3","291821",8,310,310,27592,0
2008,381,1,392,"H3","2905",8,2165730,2165730,19504645,0
2008,381,1,124,"H3","293629",8,229,229,16311,0
2008,381,1,392,"H3","293629",8,37,37,1118805,0
2008,381,2,392,"H3","293629",8,10,10,4509,0
2008,381,1,392,"H3","293690",8,205,205,156769,0
2008,381,2,392,"H3","293690",8,1600,1600,27388,0
2008,381,1,124,"H3","2937",8,5,5,15997,0
2008,381,2,124,"H3","2937",8,3942,3942,13905329,0
2008,381,1,392,"H3","2937",8,39,39,201267,0
2008,381,2,392,"H3","2937",8,2407,2407,9705024,0
2008,381,2,392,"H3","2905",8,749840,749840,3413410,0
2008,381,1,392,"H3","290512",8,15,15,5384,0
2008,381,2,124,"H3","293722",8,1052,1052,11428376,0
2008,381,1,392,"H3","293722",8,13,13,86235,0
2008,381,2,392,"H3","293722",8,573,573,5688600,0
2008,381,1,124,"H3","293723",8,0,0,14137,0
2008,381,2,124,"H3","293723",8,2718,2718,1991892,0
2008,381,2,392,"H3","293723",8,1105,1105,1933873,0
2008,381,2,124,"H3","293729",8,87,87,434906,0
2008,381,2,392,"H3","293729",8,229,229,251823,0
2008,381,1,392,"H3","2919",8,800,800,7341,0
2008,381,1,124,"H3","2920",8,1203,1203,3763,6
2008,381,1,392,"H3","2920",8,535190,535190,1473974,0
2008,381,2,392,"H3","2920",8,182091,182091,672868,0
2008,381,1,392,"H3","292149",8,1,1,3552,0
2008,381,2,392,"H3","292149",8,460,460,275497,0
2008,381,1,392,"H3","2908",8,18000,18000,882154,0
2008,381,1,392,"H3","2938",8,4628,4628,491588,0
2008,381,2,392,"H3","2938",8,67,67,98135,0
2008,381,1,392,"H3","293890",8,4628,4628,491588,0
2008,381,2,392,"H3","293890",8,67,67,98135,0
2008,381,1,124,"H3","2939",1,,10,107755,0
2008,381,2,124,"H3","2939",1,,5213,291284,0
2008,381,1,392,"H3","290919",8,10,10,3613,0
2008,381,1,124,"H3","2853",8,9861,9861,225501,0
2008,381,1,124,"H3","293919",8,10,10,107755,0
2008,381,2,392,"H3","293919",8,1600,1600,200483,0
2008,381,2,124,"H3","2853",8,16777,16777,106824,0
2008,381,1,392,"H3","2853",8,16000,16000,312157,0
2008,381,1,392,"H3","2927",8,5500,5500,242713,0
2008,381,1,392,"H3","293491",8,80,80,208564,0
2008,381,2,392,"H3","293491",8,9,9,246560,0
2008,381,2,392,"H3","293621",8,2865,2865,178769,0
2008,381,1,392,"H3","293719",8,0,0,14060,0
2008,381,2,124,"H3","293999",8,13,13,45693,0
2008,381,2,392,"H3","293999",8,220,220,13741,0
2008,381,2,124,"H3","2940",8,92506,92506,1040930,0
2008,381,1,392,"H3","2940",8,6200,6200,118647,0
2008,381,2,392,"H3","2940",8,48170,48170,1447263,0
2008,381,2,124,"H3","294000",8,92506,92506,1040930,0
2008,381,2,124,"H3","291735",8,330000,330000,509354,0
2008,381,1,392,"H3","291735",8,600,600,2871,0
2008,381,1,124,"H3","2941",8,20958,20958,2596046,0
2008,381,2,124,"H3","2941",8,20546,20546,14805959,0
2008,381,1,392,"H3","2941",8,87486,87486,121284909,0
2008,381,2,392,"H3","2941",8,113587,113587,77559661,0
2008,381,1,124,"H3","291736",8,460000,460000,551569,0
2008,381,1,392,"H3","292019",8,30500,30500,929323,0
2008,381,2,392,"H3","292129",8,262,262,6808,0
2008,381,2,124,"H3","294130",8,223,223,263399,0
2008,381,2,392,"H3","294130",8,6081,6081,7369763,0
2008,381,1,124,"H3","292239",8,2830,2830,528610,0
2008,381,2,124,"H3","292239",8,35794,35794,6074820,0
2008,381,1,124,"H3","294190",8,20958,20958,2596046,0
2008,381,2,124,"H3","294190",8,20323,20323,14542560,0
2008,381,1,392,"H3","292241",8,5000,5000,67468,0
2008,381,1,392,"H3","292320",8,2356,2356,89553,0
2008,381,1,124,"H3","2942",8,174,174,2486,6
2008,381,1,124,"H3","294200",8,174,174,2486,6
2008,381,1,124,"H3","30",1,,,41326932,0
2008,381,2,124,"H3","30",1,,,122029170,0
2008,381,2,392,"H3","292320",8,863,863,356201,0
2008,381,1,392,"H3","292419",8,23929,23929,1159601,0
2008,381,2,124,"H3","2909",8,205,205,4400,0
2008,381,2,392,"H3","292419",8,2400,2400,83573,0
2008,381,2,124,"H3","292690",8,101,101,18866,0
2008,381,1,392,"H3","293949",8,4,4,9695,0
2008,381,2,392,"H3","292690",8,650,650,71443,0
2008,381,2,392,"H3","293949",8,99,99,599043,0
2008,381,1,392,"H3","292700",8,5500,5500,242713,0
2008,381,2,124,"H3","2928",8,450,450,105260,0
2008,381,1,124,"H3","3002",8,25415,25415,3999735,0
2008,381,2,124,"H3","3002",8,7448,7448,2325628,0
2008,381,1,392,"H3","2928",8,246000,246000,1436676,0
2008,381,2,392,"H3","2928",8,29977,29977,2245680,0
2008,381,1,124,"H3","300210",8,2433,2433,198314,0
2008,381,2,124,"H3","300210",8,6,6,1703,0
2008,381,1,392,"H3","300210",8,3,3,3464,6
2008,381,2,392,"H3","300210",8,39,39,10628,0
2008,381,1,124,"H3","300220",8,979,979,2035128,0
2008,381,2,124,"H3","300220",8,2333,2333,1297622,0
2008,381,2,392,"H3","300230",8,1817,1817,367847,0
2008,381,1,124,"H3","300290",8,22003,22003,1766293,0
2008,381,2,124,"H3","300290",8,5109,5109,1026303,0
2008,381,1,392,"H3","300290",8,4800,4800,22045,0
2008,381,2,392,"H3","300290",8,245,245,49547,0
2008,381,1,124,"H3","3003",8,702,702,214780,0
2008,381,2,124,"H3","3003",8,1641141,1641141,4554455,0
2008,381,1,392,"H3","3003",8,79383,79383,63097070,0
2008,381,2,392,"H3","3003",8,116431,116431,22985328,0
2008,381,2,392,"H3","300320",8,27827,27827,13308617,0
2008,381,2,124,"H3","292800",8,450,450,105260,0
2008,381,1,124,"H3","300390",8,702,702,214780,0
2008,381,2,124,"H3","300390",8,1640961,1640961,4446078,0
2008,381,1,392,"H3","300390",8,79383,79383,63097070,0
2008,381,2,392,"H3","300390",8,88604,88604,9676711,0
2008,381,1,124,"H3","3004",8,93897,93897,35696595,0
2008,381,2,124,"H3","3004",8,470909,470909,114194626,0
2008,381,1,392,"H3","3004",8,404549,404549,177696400,0
2008,381,2,392,"H3","3004",8,722828,722828,546647601,0
2008,381,1,124,"H3","300410",8,6326,6326,2813364,0
2008,381,2,124,"H3","300410",8,44541,44541,1111137,0
2008,381,1,392,"H3","300410",8,152,152,986973,0
2008,381,2,392,"H3","300410",8,1744,1744,160555,0
2008,381,1,124,"H3","300420",8,871,871,889212,0
2008,381,2,124,"H3","300420",8,85249,85249,9235047,0
2008,381,1,392,"H3","300420",8,7242,7242,3387757,0
2008,381,2,392,"H3","300420",8,112922,112922,24270221,0
2008,381,2,124,"H3","300432",8,123,123,68311,0
2008,381,1,392,"H3","292800",8,246000,246000,1436676,0
2008,381,2,392,"H3","292800",8,29977,29977,2245680,0
2008,381,1,124,"H3","300439",8,46,46,56569,0
2008,381,2,124,"H3","300439",8,79006,79006,4722453,0
2008,381,1,392,"H3","300439",8,15137,15137,81412374,0
2008,381,2,392,"H3","300439",8,1492,1492,814193,0
2008,381,2,124,"H3","300440",8,20171,20171,44175782,0
2008,381,1,392,"H3","300440",8,11241,11241,29364624,0
2008,381,2,392,"H3","300440",8,2899,2899,6065576,0
2008,381,1,392,"H3","2929",8,376089,376089,2508184,0
2008,381,1,392,"H3","290960",8,409,409,12152,0
2008,381,2,392,"H3","2929",8,1000,1000,11117,0
2008,381,1,124,"H3","300490",8,86624,86624,31934331,0
2008,381,2,124,"H3","300490",8,239169,239169,54663209,0
2008,381,1,392,"H3","293020",8,14080,14080,17558,0
2008,381,2,392,"H3","293020",8,354000,354000,964499,0
2008,381,1,124,"H3","3005",8,8,8,1812,0
2008,381,2,124,"H3","3005",8,7623,7623,347675,0
2008,381,1,392,"H3","3005",8,1861977,1861977,63685143,0
2008,381,2,392,"H3","3005",8,1862,1862,29251,0
2008,381,2,124,"H3","300510",8,5524,5524,311725,0
2008,381,1,392,"H3","300510",8,1858782,1858782,63385067,0
2008,381,2,392,"H3","300510",8,490,490,16811,0
2008,381,1,124,"H3","2931",8,20,20,1793,0
2008,381,2,124,"H3","2931",8,1,1,73241,0
2008,381,1,392,"H3","2931",8,98679,98679,1417805,0
2008,381,2,392,"H3","2931",8,317730,317730,2074621,0
2008,381,1,124,"H3","3006",8,171694,171694,1414010,0
2008,381,2,124,"H3","3006",8,23396,23396,448376,0
2008,381,1,392,"H3","3006",8,11343,11343,3391259,0
2008,381,2,392,"H3","3006",8,30185,30185,8794724,0
2008,381,2,124,"H3","300610",8,15094,15094,239480,0
2008,381,1,392,"H3","300610",8,111,111,28865,0
2008,381,2,392,"H3","300610",8,4438,4438,33916,0
2008,381,2,392,"H3","300620",8,908,908,539910,0
2008,381,1,124,"H3","300630",8,171681,171681,1411430,0
2008,381,2,124,"H3","300630",8,8102,8102,186055,0
2008,381,2,392,"H3","300630",8,17723,17723,7401137,0
2008,381,1,124,"H3","300640",8,13,13,2580,0
2008,381,2,124,"H3","300640",8,200,200,22841,0
2008,381,1,392,"H3","300640",8,11232,11232,3362393,0
2008,381,2,392,"H3","300640",8,2282,2282,444155,0
2008,381,1,124,"H3","293100",8,20,20,1793,0
2008,381,2,124,"H3","293100",8,1,1,73241,0
2008,381,2,392,"H3","300670",8,4274,4274,329487,0
2008,381,1,124,"H3","31",1,,,733958,0
2008,381,2,124,"H3","31",1,,,131081,0
2008,381,1,392,"H3","293100",8,98679,98679,1417805,0
2008,381,2,392,"H3","293100",8,317730,317730,2074621,0
2008,381,1,124,"H3","3101",8,130044,130044,490955,0
2008,381,1,392,"H3","3101",8,3866,3866,6124,0
2008,381,2,392,"H3","3101",8,83420,83420,98117,0
2008,381,1,124,"H3","310100",8,130044,130044,490955,0
2008,381,1,392,"H3","310100",8,3866,3866,6124,0
2008,381,2,392,"H3","310100",8,83420,83420,98117,0
2008,381,1,124,"H3","3102",8,26426,26426,22599,0
2008,381,2,124,"H3","3102",8,40500,40500,63241,0
2008,381,1,392,"H3","3102",8,32005,32005,48143,0
2008,381,2,392,"H3","3102",8,160000,160000,189105,0
2008,381,1,124,"H3","310210",8,26000,26000,20841,0
2008,381,2,124,"H3","310210",8,40000,40000,47242,0
2008,381,1,392,"H3","310210",8,32005,32005,48143,0
2008,381,1,392,"H3","293211",8,1074,1074,3876,6
2008,381,2,124,"H3","293219",8,50,50,6124,0
2008,381,1,392,"H3","293219",8,15,15,89904,0
2008,381,1,392,"H3","293221",8,90,90,3788,0
2008,381,2,124,"H3","293321",8,725,725,37859,0
2008,381,1,392,"H3","293331",8,1020,1020,83763,0
2008,381,1,124,"H3","3105",8,95112,95112,191727,0
2008,381,2,124,"H3","3105",8,28120,28120,67840,0
2008,381,1,392,"H3","3105",8,395751,395751,931330,0
2008,381,2,392,"H3","3105",8,95000,95000,93715,0
2008,381,2,124,"H3","310510",8,25000,25000,56526,0
2008,381,1,392,"H3","310510",8,2064,2064,33567,0
2008,381,1,124,"H3","310520",8,92470,92470,170624,0
2008,381,1,392,"H3","310520",8,367030,367030,789346,0
2008,381,1,392,"H3","2935",8,3672,3672,103800,0
2008,381,2,392,"H3","2935",8,12680,12680,1357516,0
2008,381,1,124,"H3","310590",8,2642,2642,21104,0
2008,381,2,124,"H3","310590",8,3120,3120,11314,0
2008,381,1,392,"H3","310590",8,1847,1847,13222,0
2008,381,2,392,"H3","310590",8,95000,95000,93715,0
2008,381,1,124,"H3","32",1,,,5275688,0
2008,381,2,124,"H3","32",1,,,8537009,0
2008,381,1,392,"H3","293621",8,7,7,19850,0
2008,381,1,392,"H3","293628",8,906,906,73077,0
2008,381,2,124,"H3","3201",8,3064,3064,60069,0
2008,381,2,392,"H3","293628",8,16975,16975,429470,0
2008,381,2,124,"H3","320190",8,3064,3064,60069,0
2008,381,2,392,"H3","320190",8,160803,160803,1492005,0
2008,381,1,124,"H3","3202",8,2580,2580,5461,0
2008,381,2,124,"H3","3202",8,2431,2431,24162,0
2008,381,1,392,"H3","3202",8,5400,5400,6121,0
2008,381,2,392,"H3","3202",8,418782,418782,975333,0
2008,381,1,124,"H3","320210",8,2580,2580,5461,0
2008,381,2,124,"H3","320210",8,2431,2431,24162,0
2008,381,1,392,"H3","320210",8,5400,5400,6121,0
2008,381,2,392,"H3","320210",8,218838,218838,441587,0
2008,381,2,124,"H3","291899",8,153183,153183,8081945,0
2008,381,1,124,"H3","3203",8,22,22,4302,0
2008,381,1,392,"H3","3203",8,500,500,9548,0
2008,381,2,392,"H3","3203",8,126170,126170,1041045,0
2008,381,1,124,"H3","320300",8,22,22,4302,0
2008,381,1,392,"H3","320300",8,500,500,9548,0
2008,381,2,392,"H3","320300",8,126170,126170,1041045,0
2008,381,1,124,"H3","3204",8,49881,49881,1260997,0
2008,381,2,124,"H3","3204",8,1094,1094,15287,0
2008,381,1,392,"H3","3204",8,236621,236621,3796022,0
2008,381,2,392,"H3","3204",8,33106,33106,256431,0
2008,381,1,392,"H3","291899",8,18328,18328,595819,0
2008,381,2,392,"H3","291899",8,1092,1092,326322,0
2008,381,1,124,"H3","292090",8,1203,1203,3763,6
2008,381,1,392,"H3","292090",8,504690,504690,544651,0
2008,381,2,392,"H3","292090",8,182091,182091,672868,0
2008,381,1,392,"H3","320414",8,100,100,4929,0
2008,381,2,124,"H3","292529",8,83,83,131834,0
2008,381,1,124,"H3","320417",8,44473,44473,967976,0
2008,381,2,124,"H3","320417",8,1091,1091,9165,0
2008,381,1,392,"H3","320417",8,210551,210551,2110223,0
2008,381,2,392,"H3","320417",8,250,250,1931,0
2008,381,1,124,"H3","320419",8,2431,2431,111463,0
2008,381,2,124,"H3","320419",8,3,3,6122,0
2008,381,1,392,"H3","320419",8,6945,6945,68521,0
2008,381,1,124,"H3","320420",8,2604,2604,152537,0
2008,381,1,392,"H3","320420",8,1000,1000,36223,0
2008,381,2,392,"H3","320420",8,8100,8100,47173,0
2008,381,1,124,"H3","320490",8,373,373,29021,0
2008,381,1,392,"H3","320490",8,3266,3266,78006,0
2008,381,2,124,"H3","3205",8,4070,4070,21421,0
2008,381,2,392,"H3","3205",8,72,72,2505,0
2008,381,2,124,"H3","320500",8,4070,4070,21421,0
2008,381,2,392,"H3","320500",8,72,72,2505,0
2008,381,1,124,"H3","3206",8,696146,696146,1317955,0
2008,381,2,124,"H3","3206",8,73865,73865,205845,0
2008,381,1,392,"H3","3206",8,493629,493629,1693304,0
2008,381,2,392,"H3","3206",8,5,5,2227,0
2008,381,1,392,"H3","320611",8,347285,347285,994617,0
2008,381,2,124,"H3","291891",8,10441,10441,485791,0
2008,381,1,392,"H3","291990",8,800,800,7341,0
2008,381,2,392,"H3","293969",8,1169,1169,2690721,0
2008,381,2,124,"H3","293623",8,12000,12000,113580,0
2008,381,1,124,"H3","320620",8,93121,93121,547222,0
2008,381,1,392,"H3","293969",8,230,230,783066,0
2008,381,1,124,"H3","320649",8,602225,602225,765931,0
2008,381,2,392,"H3","320619",8,5,5,2227,0
2008,381,2,124,"H3","320642",8,6000,6000,7102,0
2008,381,2,124,"H3","3207",8,91524,91524,164186,0
2008,381,1,392,"H3","3207",8,41170,41170,411338,0
2008,381,2,392,"H3","3207",8,232147,232147,549367,0
2008,381,2,124,"H3","320710",8,3465,3465,27698,0
2008,381,2,392,"H3","3201",8,160803,160803,1492005,0
2008,381,2,392,"H3","320290",8,199944,199944,533745,0
2008,381,1,392,"H3","291823",8,100,100,4699,0
2008,381,1,392,"H3","320730",8,600,600,50198,0
2008,381,2,392,"H3","320730",8,2120,2120,33181,0
2008,381,2,124,"H3","320740",8,88059,88059,136489,0
2008,381,1,392,"H3","320740",8,537,537,59332,0
2008,381,2,392,"H3","320740",8,21130,21130,48169,0
2008,381,1,392,"H3","294000",8,6200,6200,118647,0
2008,381,2,392,"H3","293721",8,498,498,1826948,0
2008,381,1,124,"H3","293740",8,5,5,1860,0
2008,381,1,392,"H3","291829",8,85660,85660,532531,0
2008,381,2,124,"H3","320810",8,303281,303281,1627337,0
2008,381,1,392,"H3","320810",8,480,480,3662,0
2008,381,2,392,"H3","320810",8,924,924,21348,0
2008,381,2,124,"H3","291830",8,36,36,7457,0
2008,381,1,392,"H3","291830",8,8600,8600,122626,0
2008,381,2,392,"H3","291830",8,14275,14275,1788449,0
2008,381,2,392,"H3","294000",8,48170,48170,1447263,0
2008,381,1,124,"H3","320890",8,26463,26463,661461,0
2008,381,2,124,"H3","320890",8,599828,599828,2524012,0
2008,381,1,392,"H3","320890",8,273990,273990,1406178,0
2008,381,2,392,"H3","320890",8,14295,14295,88511,0
2008,381,1,124,"H3","3209",8,385,385,10015,0
2008,381,2,124,"H3","3209",8,73869,73869,403689,0
2008,381,1,392,"H3","3209",8,176800,176800,1131795,0
2008,381,2,392,"H3","3209",8,54285,54285,226404,0
2008,381,2,124,"H3","320910",8,46387,46387,224185,0
2008,381,1,392,"H3","320910",8,172768,172768,1088033,0
2008,381,2,392,"H3","320910",8,52660,52660,206822,0
2008,381,1,124,"H3","320990",8,385,385,10015,0
2008,381,2,124,"H3","320990",8,27482,27482,179504,0
2008,381,2,124,"H3","320619",8,67865,67865,198743,0
2008,381,1,392,"H3","320411",8,2115,2115,53243,0
2008,381,2,124,"H3","3210",8,138897,138897,877114,0
2008,381,1,392,"H3","3210",8,660,660,13068,0
2008,381,2,392,"H3","3210",8,29381,29381,214960,0
2008,381,2,124,"H3","321000",8,138897,138897,877114,0
2008,381,1,392,"H3","321000",8,660,660,13068,0
2008,381,2,392,"H3","321000",8,29381,29381,214960,0
2008,381,2,124,"H3","3211",8,4347,4347,16994,0
2008,381,1,392,"H3","320412",8,1850,1850,49925,0
2008,381,2,124,"H3","321100",8,4347,4347,16994,0
2008,381,2,392,"H3","321100",8,3300,3300,5197,0
2008,381,1,124,"H3","3212",8,4855,4855,289763,0
2008,381,2,124,"H3","3212",8,25671,25671,211938,0
2008,381,1,392,"H3","3212",8,170485,170485,3498020,0
2008,381,2,392,"H3","3212",8,12188,12188,396957,0
2008,381,1,124,"H3","321210",8,4455,4455,189331,0
2008,381,2,124,"H3","321210",8,4217,4217,162745,0
2008,381,1,392,"H3","321210",8,166111,166111,3375469,0
2008,381,2,392,"H3","321210",8,12188,12188,396957,0
2008,381,1,124,"H3","321290",8,400,400,100432,0
2008,381,2,124,"H3","321290",8,21454,21454,49194,0
2008,381,1,392,"H3","321290",8,4374,4374,122552,0
2008,381,2,124,"H3","3213",8,44012,44012,412907,0
2008,381,1,392,"H3","3213",8,5905,5905,61393,0
2008,381,2,392,"H3","3213",8,8016,8016,95122,0
2008,381,2,124,"H3","321310",8,1414,1414,8301,0
2008,381,2,392,"H3","321310",8,562,562,4419,0
2008,381,2,124,"H3","321390",8,42598,42598,404606,0
2008,381,2,392,"H3","320412",8,22756,22756,194627,0
2008,381,2,124,"H3","293740",8,5,5,1621,0
2008,381,1,124,"H3","3214",8,132567,132567,1523570,0
2008,381,2,124,"H3","3214",8,119608,119608,493358,0
2008,381,1,392,"H3","3214",8,899,899,28576,0
2008,381,2,392,"H3","3214",8,28911,28911,103883,0
2008,381,1,124,"H3","321410",8,22221,22221,132834,0
2008,381,2,124,"H3","321410",8,68308,68308,328840,0
2008,381,1,392,"H3","320619",8,44296,44296,265599,0
2008,381,1,124,"H3","321490",8,110346,110346,1390736,0
2008,381,2,124,"H3","321490",8,51300,51300,164518,0
2008,381,2,392,"H3","293740",8,0,0,2138,0
2008,381,1,392,"H3","294110",8,59735,59735,67605682,0
2008,381,1,124,"H3","3215",8,10565,10565,196015,0
2008,381,2,124,"H3","3215",8,28130,28130,1328073,0
2008,381,1,392,"H3","3215",8,550405,550405,18345428,0
2008,381,2,392,"H3","3215",8,8392,8392,347602,0
2008,381,2,124,"H3","321511",8,4750,4750,289765,0
2008,381,1,392,"H3","321511",8,120158,120158,1794431,0
2008,381,1,124,"H3","321519",8,8914,8914,170198,0
2008,381,2,124,"H3","321519",8,6263,6263,75129,0
2008,381,1,392,"H3","293750",8,26,26,53252,0
2008,381,2,392,"H3","294110",8,8314,8314,2077900,0
2008,381,1,124,"H3","321590",8,1651,1651,25817,0
2008,381,2,124,"H3","321590",8,17117,17117,963179,0
2008,381,1,392,"H3","321590",8,148905,148905,8058100,0
2008,381,2,392,"H3","321590",8,6669,6669,268235,0
2008,381,2,124,"H3","293790",8,80,80,48534,0
2008,381,2,392,"H3","294120",8,1951,1951,2016690,0
2008,381,1,392,"H3","320413",8,10104,10104,1363757,0
2008,381,2,392,"H3","320413",8,2000,2000,12700,0
2008,381,1,392,"H3","320416",8,690,690,31194,0
2008,381,1,124,"H3","292121",8,2400,2400,53917,0
2008,381,2,392,"H3","294140",8,300,300,25826,0
2008,381,2,124,"H3","292130",8,6,6,2694,0
2008,381,2,124,"H3","330112",8,420,420,7576,0
2008,381,2,392,"H3","330112",8,7695,7695,119598,0
2008,381,2,124,"H3","330113",8,16540,16540,308824,0
2008,381,2,392,"H3","330113",8,141055,141055,5451442,0
2008,381,2,124,"H3","330119",8,1112,1112,25018,0
2008,381,1,392,"H3","330119",8,25,25,1683,0
2008,381,2,392,"H3","330119",8,7280,7280,795285,0
2008,381,1,124,"H3","292144",8,80280,80280,212486,0
2008,381,2,124,"H3","292144",8,32800,32800,101167,0
2008,381,1,124,"H3","330129",8,80,80,4330,0
2008,381,2,124,"H3","330129",8,100,100,3339,0
2008,381,2,392,"H3","330129",8,50,50,7055,0
2008,381,1,392,"H3","293790",8,0,0,47720,0
2008,381,1,124,"H3","330190",8,14853,14853,311820,0
2008,381,2,124,"H3","330190",8,60,60,1713,0
2008,381,1,392,"H3","330190",8,101,101,3810,0
2008,381,2,392,"H3","330190",8,3362,3362,31518,0
2008,381,1,124,"H3","3302",8,1630,1630,43086,0
2008,381,2,124,"H3","3302",8,79680,79680,2680122,0
2008,381,1,392,"H3","3302",8,3588,3588,129610,0
2008,381,2,392,"H3","3302",8,17744,17744,768280,0
2008,381,2,124,"H3","330210",8,78676,78676,2449263,0
2008,381,1,392,"H3","330210",8,708,708,67025,0
2008,381,2,392,"H3","330210",8,7235,7235,363499,0
2008,381,1,124,"H3","330290",8,1630,1630,43086,0
2008,381,2,124,"H3","330290",8,1004,1004,230859,0
2008,381,1,392,"H3","330290",8,2880,2880,62585,0
2008,381,2,392,"H3","330290",8,10509,10509,404781,0
2008,381,1,124,"H3","3303",8,4483,4483,121861,0
2008,381,2,124,"H3","3303",8,209183,209183,7627800,0
2008,381,1,392,"H3","3303",8,4091,4091,229241,0
2008,381,2,392,"H3","3303",8,920403,920403,44971352,0
2008,381,1,124,"H3","330300",8,4483,4483,121861,0
2008,381,2,124,"H3","330300",8,209183,209183,7627800,0
2008,381,1,392,"H3","330300",8,4091,4091,229241,0
2008,381,2,392,"H3","330300",8,920403,920403,44971352,0
2008,381,1,124,"H3","3304",8,154821,154821,3291297,0
2008,381,2,124,"H3","3304",8,573514,573514,14499611,0
2008,381,2,392,"H3","293790",8,2,2,1641,0
2008,381,1,124,"H3","292151",8,12486,12486,35994,0
2008,381,1,124,"H3","330410",8,3554,3554,280361,0
2008,381,2,124,"H3","330410",8,24807,24807,1148799,0
2008,381,1,392,"H3","330410",8,640,640,106531,0
2008,381,2,392,"H3","330410",8,2376,2376,166390,0
2008,381,1,124,"H3","330420",8,6681,6681,460942,0
2008,381,2,124,"H3","330420",8,29028,29028,1914176,0
2008,381,2,392,"H3","294150",8,129,129,158980,0
2008,381,1,392,"H3","294190",8,27751,27751,53679227,0
2008,381,1,124,"H3","330430",8,30,30,5129,0
2008,381,2,124,"H3","330430",8,36923,36923,440717,0
2008,381,2,392,"H3","294190",8,96812,96812,65910503,0
2008,381,1,124,"H3","330491",8,580,580,27857,0
2008,381,2,124,"H3","330491",8,36528,36528,2304235,0
2008,381,1,392,"H3","292242",8,1250,1250,19878,0
2008,381,1,124,"H3","330499",8,143976,143976,2517009,0
2008,381,2,124,"H3","330499",8,446228,446228,8691684,0
2008,381,1,392,"H3","30",1,,,308696659,0
2008,381,2,392,"H3","30",1,,,589101563,0
2008,381,1,124,"H3","3305",8,250,250,8171,0
2008,381,2,124,"H3","3305",8,1491471,1491471,17191267,0
2008,381,1,392,"H3","3305",8,450,450,9352,0
2008,381,2,392,"H3","3305",8,135813,135813,1497353,0
2008,381,2,124,"H3","330510",8,112855,112855,1015884,0
2008,381,1,392,"H3","2939",1,,234,792761,0
2008,381,2,124,"H3","3001",8,20,20,158409,0
2008,381,1,392,"H3","3001",8,549,549,801278,0
2008,381,2,124,"H3","330530",8,52220,52220,865807,0
2008,381,2,392,"H3","330530",8,200,200,2358,0
2008,381,1,124,"H3","330590",8,250,250,8171,0
2008,381,2,124,"H3","330590",8,1296297,1296297,14871557,0
2008,381,1,392,"H3","330590",8,450,450,9352,0
2008,381,2,392,"H3","330590",8,78385,78385,907394,0
2008,381,1,124,"H3","3306",8,156,156,11760,0
2008,381,2,124,"H3","3306",8,47306,47306,1350951,0
2008,381,1,392,"H3","3306",8,374,374,9463,0
2008,381,2,392,"H3","3306",8,9674,9674,171260,0
2008,381,1,392,"H3","330610",8,374,374,9463,0
2008,381,2,392,"H3","330610",8,235,235,2531,0
2008,381,2,392,"H3","3001",8,4192,4192,10216636,0
2008,381,2,124,"H3","292421",8,110,110,15771,0
2008,381,2,124,"H3","330690",8,47306,47306,1350951,0
2008,381,2,392,"H3","330690",8,9406,9406,166853,0
2008,381,1,124,"H3","3307",8,11660,11660,118677,0
2008,381,2,124,"H3","3307",8,404816,404816,4297289,0
2008,381,1,392,"H3","3307",8,4216,4216,143274,0
2008,381,2,392,"H3","3307",8,80101,80101,2160411,0
2008,381,1,124,"H3","330710",8,405,405,26008,0
2008,381,2,124,"H3","330710",8,33781,33781,360770,0
2008,381,2,392,"H3","330710",8,1140,1140,34263,0
2008,381,2,124,"H3","330720",8,1231,1231,20503,0
2008,381,2,392,"H3","330720",8,5702,5702,180900,0
2008,381,1,124,"H3","330730",8,5015,5015,36351,0
2008,381,2,124,"H3","330730",8,4850,4850,121625,0
2008,381,1,392,"H3","330730",8,300,300,22995,0
2008,381,2,392,"H3","330730",8,6948,6948,178562,0
2008,381,1,124,"H3","320619",8,800,800,4803,0
2008,381,1,392,"H3","292529",8,9789,9789,1435168,0
2008,381,1,124,"H3","330749",8,4245,4245,43761,0
2008,381,2,124,"H3","330749",8,2464,2464,56229,0
2008,381,2,392,"H3","330749",8,24612,24612,561543,0
2008,381,2,392,"H3","292529",8,183,183,65931,0
2008,381,2,124,"H3","300120",8,1,1,2311,0
2008,381,2,392,"H3","2939",1,,10030,3966179,0
2008,381,2,392,"H3","293930",8,6486,6486,129055,0
2008,381,2,392,"H3","300120",8,2903,2903,5384829,0
2008,381,2,124,"H3","300190",8,19,19,156098,0
2008,381,1,392,"H3","300190",8,549,549,801278,0
2008,381,2,124,"H3","293959",8,5200,5200,245591,0
2008,381,1,124,"H3","3401",8,34402,34402,647368,0
2008,381,2,124,"H3","3401",8,746632,746632,5752024,0
2008,381,1,392,"H3","3401",8,1329,1329,46965,0
2008,381,2,392,"H3","3401",8,130095,130095,465443,0
2008,381,2,124,"H3","340111",8,96610,96610,506638,0
2008,381,2,392,"H3","300190",8,1289,1289,4831807,0
2008,381,1,392,"H3","3002",8,4803,4803,25509,6
2008,381,1,124,"H3","340119",8,285,285,2718,0
2008,381,2,124,"H3","340119",8,197336,197336,325881,0
2008,381,1,392,"H3","340119",8,669,669,25250,0
2008,381,2,392,"H3","340119",8,27,27,1586,0
2008,381,1,124,"H3","340120",8,80,80,2935,0
2008,381,2,124,"H3","340120",8,426166,426166,4738803,0
2008,381,1,392,"H3","340120",8,480,480,12315,0
2008,381,2,392,"H3","340120",8,101108,101108,154073,0
2008,381,1,124,"H3","340130",8,34037,34037,641715,0
2008,381,2,124,"H3","340130",8,26520,26520,180702,0
2008,381,2,392,"H3","3002",8,2101,2101,428023,0
2008,381,1,124,"H3","3402",8,19607,19607,140825,0
2008,381,2,124,"H3","3402",8,232102,232102,821789,0
2008,381,2,124,"H3","300339",8,180,180,108377,0
2008,381,1,392,"H3","300432",8,27,27,24001,0
2008,381,1,124,"H3","340211",8,103,103,3107,0
2008,381,2,124,"H3","340211",8,15900,15900,41160,0
2008,381,1,392,"H3","340211",8,10464,10464,38606,0
2008,381,2,392,"H3","340211",8,265479,265479,814928,0
2008,381,2,392,"H3","300432",8,223376,223376,19185974,0
2008,381,1,124,"H3","340213",8,81,81,8943,0
2008,381,2,124,"H3","340213",8,162000,162000,502364,0
2008,381,1,392,"H3","340213",8,21384,21384,129307,0
2008,381,2,392,"H3","340213",8,30260,30260,152458,0
2008,381,1,392,"H3","340219",8,1345,1345,38954,0
2008,381,2,392,"H3","340219",8,12601,12601,125354,0
2008,381,1,124,"H3","340220",8,1368,1368,54757,0
2008,381,2,124,"H3","340220",8,13924,13924,46536,0
2008,381,1,124,"H3","300450",8,30,30,3119,0
2008,381,2,124,"H3","300450",8,2650,2650,218686,0
2008,381,1,124,"H3","340290",8,18055,18055,74017,0
2008,381,2,124,"H3","340290",8,40278,40278,231730,0
2008,381,1,392,"H3","340290",8,4140,4140,52380,0
2008,381,2,392,"H3","340290",8,5934333,5934333,8486986,0
2008,381,1,124,"H3","3403",8,23932,23932,105017,0
2008,381,2,124,"H3","3403",8,19009,19009,122965,0
2008,381,2,392,"H3","300450",8,28765,28765,15031616,0
2008,381,1,392,"H3","292990",8,149,149,5693,0
2008,381,2,124,"H3","340311",8,11941,11941,102313,0
2008,381,2,124,"H3","2912",8,2900,2900,90929,0
2008,381,1,124,"H3","300590",8,8,8,1812,0
2008,381,1,124,"H3","340319",8,697,697,8708,0
2008,381,2,124,"H3","340319",8,3268,3268,12020,0
2008,381,2,124,"H3","300590",8,2099,2099,35950,0
2008,381,1,392,"H3","300590",8,3195,3195,300076,0
2008,381,1,392,"H3","340391",8,248020,248020,795515,0
2008,381,2,392,"H3","340391",8,371497,371497,957255,0
2008,381,1,124,"H3","340399",8,23235,23235,96309,0
2008,381,2,124,"H3","340399",8,3800,3800,8632,0
2008,381,1,392,"H3","340399",8,31267,31267,276936,0
2008,381,2,392,"H3","340399",8,23999,23999,85701,0
2008,381,2,124,"H3","3404",8,1260,1260,66689,0
2008,381,1,392,"H3","3404",8,641512,641512,635186,0
2008,381,2,392,"H3","3404",8,60720,60720,235714,0
2008,381,1,392,"H3","340420",8,30792,30792,171014,0
2008,381,2,124,"H3","340490",8,1260,1260,66689,0
2008,381,1,392,"H3","340490",8,610720,610720,464172,0
2008,381,2,392,"H3","340490",8,60720,60720,235714,0
2008,381,1,124,"H3","3405",8,608,608,15774,0
2008,381,2,124,"H3","3405",8,31309,31309,286635,0
2008,381,2,392,"H3","300590",8,1372,1372,12440,0
2008,381,1,392,"H3","2912",8,8,8,8202,0
2008,381,2,124,"H3","340510",8,26912,26912,238523,0
2008,381,2,392,"H3","300650",8,60,60,5744,0
2008,381,2,124,"H3","340520",8,300,300,1797,0
2008,381,2,392,"H3","340520",8,200,200,3983,0
2008,381,1,392,"H3","340530",8,5226,5226,148747,0
2008,381,2,124,"H3","340540",8,2209,2209,14516,0
2008,381,1,392,"H3","340540",8,7094,7094,67324,0
2008,381,2,392,"H3","340540",8,13777,13777,27844,0
2008,381,1,124,"H3","340590",8,608,608,15774,0
2008,381,2,124,"H3","340590",8,1888,1888,31798,0
2008,381,1,392,"H3","340590",8,220981,220981,2574363,0
2008,381,2,392,"H3","340590",8,20249,20249,392486,0
2008,381,1,124,"H3","3406",8,5777,5777,53672,0
2008,381,2,124,"H3","3406",8,17420,17420,60882,0
2008,381,1,392,"H3","3406",8,1000,1000,2063,0
2008,381,2,392,"H3","3406",8,3571,3571,97412,0
2008,381,1,124,"H3","340600",8,5777,5777,53672,0
2008,381,2,124,"H3","340600",8,17420,17420,60882,0
2008,381,1,392,"H3","340600",8,1000,1000,2063,0
2008,381,2,392,"H3","340600",8,3571,3571,97412,0
2008,381,1,124,"H3","3407",8,358,358,6569,0
2008,381,2,124,"H3","3407",8,46217,46217,176675,0
2008,381,1,392,"H3","3407",8,86,86,6070,0
2008,381,2,392,"H3","3407",8,21959,21959,200637,0
2008,381,1,124,"H3","340700",8,358,358,6569,0
2008,381,2,124,"H3","340700",8,46217,46217,176675,0
2008,381,1,392,"H3","340700",8,86,86,6070,0
2008,381,2,392,"H3","340700",8,21959,21959,200637,0
2008,381,1,124,"H3","35",1,,,108910,0
2008,381,2,124,"H3","35",1,,,4309690,0
2008,381,2,392,"H3","300660",8,500,500,40376,0
2008,381,1,392,"H3","31",1,,,985597,0
2008,381,2,392,"H3","31",1,,,380937,0
2008,381,2,124,"H3","310221",8,500,500,15999,0
2008,381,2,392,"H3","3502",8,2795540,2795540,26160663,0
2008,381,2,392,"H3","350211",8,2795540,2795540,26160663,0
2008,381,1,124,"H3","3503",8,1200,1200,20590,0
2008,381,2,124,"H3","3503",8,25440,25440,227281,0
2008,381,2,392,"H3","3503",8,20300,20300,93520,0
2008,381,1,124,"H3","350300",8,1200,1200,20590,0
2008,381,2,124,"H3","350300",8,25440,25440,227281,0
2008,381,2,392,"H3","350300",8,20300,20300,93520,0
2008,381,1,124,"H3","3504",8,300,300,28209,0
2008,381,2,124,"H3","3504",8,462000,462000,1051381,0
2008,381,1,392,"H3","3504",8,582,582,37646,0
2008,381,2,392,"H3","3504",8,1153280,1153280,2892082,0
2008,381,1,124,"H3","350400",8,300,300,28209,0
2008,381,2,124,"H3","350400",8,462000,462000,1051381,0
2008,381,1,392,"H3","350400",8,582,582,37646,0
2008,381,2,392,"H3","350400",8,1153280,1153280,2892082,0
2008,381,1,124,"H3","3505",8,1000,1000,8895,0
2008,381,2,124,"H3","3505",8,1554725,1554725,757085,0
2008,381,1,392,"H3","3505",8,96000,96000,409933,0
2008,381,2,392,"H3","3505",8,339750,339750,470953,0
2008,381,1,124,"H3","350510",8,1000,1000,8895,0
2008,381,2,124,"H3","350510",8,1554725,1554725,757085,0
2008,381,1,392,"H3","350510",8,96000,96000,409933,0
2008,381,2,392,"H3","350510",8,339750,339750,470953,0
2008,381,1,124,"H3","3506",8,1780,1780,51216,0
2008,381,2,124,"H3","3506",8,435402,435402,2236295,0
2008,381,1,124,"H3","310280",8,426,426,1758,0
2008,381,2,392,"H3","310290",8,160000,160000,189105,0
2008,381,2,124,"H3","350610",8,5080,5080,26285,0
2008,381,1,124,"H3","3104",8,20814,20814,28677,0
2008,381,1,124,"H3","310430",8,10407,10407,15661,0
2008,381,1,124,"H3","350691",8,1280,1280,33816,0
2008,381,2,124,"H3","350691",8,411897,411897,2123995,0
2008,381,1,392,"H3","2933",8,452960,452960,109202042,0
2008,381,2,392,"H3","2933",8,191334,191334,53922619,0
2008,381,1,124,"H3","350699",8,500,500,17399,0
2008,381,2,124,"H3","350699",8,18425,18425,86015,0
2008,381,1,392,"H3","293319",8,8041,8041,2539295,0
2008,381,1,124,"H3","310490",8,10407,10407,13016,0
2008,381,2,124,"H3","3507",8,1267,1267,37648,0
2008,381,1,392,"H3","3507",8,8361,8361,1792298,0
2008,381,2,392,"H3","3507",8,2800,2800,112119,0
2008,381,1,392,"H3","310559",8,22780,22780,82392,0
2008,381,2,124,"H3","293349",8,345,345,583892,0
2008,381,2,124,"H3","350790",8,917,917,30246,0
2008,381,1,392,"H3","350790",8,8343,8343,1790546,0
2008,381,2,392,"H3","350790",8,2800,2800,112119,0
2008,381,2,124,"H3","36",1,,,1057327,0
2008,381,2,392,"H3","36",1,,,51974,0
2008,381,2,124,"H3","3603",8,1465,1465,113127,0
2008,381,2,124,"H3","360300",8,1465,1465,113127,0
2008,381,2,124,"H3","3604",8,43413,43413,944201,0
2008,381,2,392,"H3","3604",8,2284,2284,51974,0
2008,381,1,392,"H3","293349",8,4176,4176,37732,0
2008,381,2,392,"H3","293349",8,2,2,2936,0
2008,381,2,124,"H3","360490",8,11230,11230,179166,0
2008,381,1,124,"H3","37",1,,,110376,0
2008,381,2,124,"H3","37",1,,,303978,0
2008,381,1,392,"H3","37",1,,,56032755,0
2008,381,2,392,"H3","37",1,,,820437,0
2008,381,1,124,"H3","3701",1,,120,3252,0
2008,381,1,392,"H3","3701",1,,644033,31093951,0
2008,381,2,392,"H3","3701",1,,876,24877,0
2008,381,1,392,"H3","370110",2,5145019,485034,17735941,0
2008,381,2,392,"H3","370110",2,400,80,3198,0
2008,381,2,124,"H3","293379",8,157,157,123096,0
2008,381,1,124,"H3","370130",2,50,120,3252,0
2008,381,1,392,"H3","370130",2,508255,134990,3195668,0
2008,381,2,392,"H3","370130",2,1520,796,21680,0
2008,381,1,392,"H3","293379",8,45198,45198,14443028,0
2008,381,1,392,"H3","370199",1,,13395,8946864,0
2008,381,2,124,"H3","3702",1,,82,5936,0
2008,381,1,392,"H3","3702",1,,581474,16536529,0
2008,381,2,392,"H3","3702",1,,1796,56787,0
2008,381,2,392,"H3","293379",8,1000,1000,110996,0
2008,381,2,392,"H3","293959",8,456,456,333136,0
2008,381,2,124,"H3","370239",2,501,16,2079,2
2008,381,1,392,"H3","370239",2,71398,1144,322112,2
2008,381,2,392,"H3","370239",2,1620,60,6726,2
2008,381,1,392,"H3","320649",8,101750,101750,363281,0
2008,381,1,392,"H3","310560",8,2030,2030,12804,0
2008,381,1,392,"H3","32",1,,,30704066,0
2008,381,2,392,"H3","32",1,,,5840813,0
2008,381,1,392,"H3","321390",8,5905,5905,61393,0
2008,381,2,392,"H3","321390",8,7454,7454,90703,0
2008,381,2,392,"H3","321410",8,3898,3898,17963,0
2008,381,1,392,"H3","321490",8,899,899,28576,0
2008,381,2,392,"H3","321490",8,25013,25013,85919,0
2008,381,1,392,"H3","321519",8,281342,281342,8492896,0
2008,381,2,392,"H3","321519",8,1723,1723,79367,0
2008,381,1,392,"H3","300490",8,370750,370750,62520672,0
2008,381,2,392,"H3","300490",8,351630,351630,481119466,0
2008,381,2,392,"H3","340510",8,44453,44453,351792,0
2008,381,1,392,"H3","320650",8,298,298,69807,0
2008,381,2,124,"H3","3703",8,292,292,10449,0
2008,381,1,392,"H3","3703",8,108096,108096,1150588,0
2008,381,2,392,"H3","3703",8,1697,1697,56560,0
2008,381,1,392,"H3","320710",8,40033,40033,301807,0
2008,381,2,392,"H3","320710",8,2550,2550,10881,0
2008,381,2,392,"H3","320720",8,206347,206347,457136,0
2008,381,1,124,"H3","3208",8,26563,26563,667610,0
2008,381,2,124,"H3","3208",8,925922,925922,4301965,0
2008,381,1,392,"H3","3208",8,325491,325491,1709453,0
2008,381,2,392,"H3","3208",8,19517,19517,131776,0
2008,381,1,124,"H3","320820",8,100,100,6149,0
2008,381,2,124,"H3","320820",8,22813,22813,150616,0
2008,381,1,392,"H3","320820",8,51021,51021,299614,0
2008,381,2,392,"H3","320820",8,4298,4298,21917,0
2008,381,1,392,"H3","320990",8,4032,4032,43763,0
2008,381,2,392,"H3","320990",8,1625,1625,19583,0
2008,381,1,392,"H3","3705",8,34,34,1018102,0
2008,381,2,392,"H3","3705",8,1644,1644,122893,0
2008,381,1,392,"H3","370590",8,34,34,1018102,0
2008,381,2,392,"H3","370590",8,1644,1644,122893,0
2008,381,1,124,"H3","3706",4,45465,386,83567,0
2008,381,2,124,"H3","3706",4,59307,381,73291,0
2008,381,1,392,"H3","3706",4,60518,739,56265,0
2008,381,2,392,"H3","3706",4,825888,5949,544802,0
2008,381,1,124,"H3","370610",4,45465,386,83567,0
2008,381,2,124,"H3","370610",4,59307,381,73291,0
2008,381,1,392,"H3","370610",4,60515,738,52418,0
2008,381,2,392,"H3","370610",4,825888,5949,544802,0
2008,381,2,392,"H3","3211",8,3300,3300,5197,0
2008,381,2,124,"H3","3707",8,30382,30382,211147,0
2008,381,1,392,"H3","3707",8,51576,51576,6135913,0
2008,381,2,392,"H3","3707",8,326,326,14518,0
2008,381,2,124,"H3","370710",8,2100,2100,15236,0
2008,381,2,124,"H3","370254",4,6603,66,3857,2
2008,381,1,392,"H3","370254",4,2254266,21473,1826591,2
2008,381,2,124,"H3","370790",8,28282,28282,195911,0
2008,381,2,392,"H3","370254",4,15311,450,8943,2
2008,381,1,392,"H3","370255",4,58991576,460048,11178956,0
2008,381,1,124,"H3","38",1,,,5517612,0
2008,381,2,124,"H3","38",1,,,5622264,0
2008,381,1,392,"H3","38",1,,,165143316,0
2008,381,2,392,"H3","38",1,,,30855404,0
2008,381,2,124,"H3","3801",8,10,10,3124,0
2008,381,1,392,"H3","3801",8,143586,143586,4032080,0
2008,381,2,392,"H3","3801",8,49,49,6733,0
2008,381,1,392,"H3","380110",8,142958,142958,3721252,0
2008,381,1,392,"H3","380120",8,308,308,284954,0
2008,381,2,392,"H3","380120",8,18,18,1496,0
2008,381,2,392,"H3","370255",4,50001,1180,32690,0
2008,381,1,392,"H3","370291",1,,100,7839,0
2008,381,1,392,"H3","370293",1,,108,24154,0
2008,381,1,124,"H3","3802",8,36880,36880,28185,0
2008,381,2,124,"H3","3802",8,40000,40000,160005,0
2008,381,1,392,"H3","3802",8,715307,715307,1633976,0
2008,381,2,392,"H3","3802",8,56000,56000,145643,0
2008,381,1,124,"H3","33",1,,,3920387,0
2008,381,1,124,"H3","380290",8,36880,36880,28185,0
2008,381,2,124,"H3","380290",8,40000,40000,160005,0
2008,381,2,392,"H3","380290",8,56000,56000,145643,0
2008,381,1,124,"H3","3808",8,4309,4309,52916,0
2008,381,2,124,"H3","3808",8,119525,119525,1009448,0
2008,381,1,392,"H3","3808",8,170164,170164,14682012,0
2008,381,2,392,"H3","3808",8,70584,70584,3465585,0
2008,381,2,124,"H3","33",1,,,47993508,0
2008,381,1,124,"H3","380891",8,4309,4309,52916,0
2008,381,2,124,"H3","380891",8,51760,51760,814589,0
2008,381,1,392,"H3","33",1,,,987805,0
2008,381,1,392,"H3","380892",8,1920,1920,16717,0
2008,381,2,392,"H3","380892",8,18764,18764,1277060,0
2008,381,1,392,"H3","380893",8,54521,54521,4267931,0
2008,381,2,392,"H3","380893",8,51820,51820,2188524,0
2008,381,2,392,"H3","33",1,,,72204985,0
2008,381,1,392,"H3","380899",8,95380,95380,9932828,0
2008,381,1,392,"H3","3809",8,419107,419107,4446622,0
2008,381,2,392,"H3","3809",8,212328,212328,822097,0
2008,381,1,124,"H3","3301",8,15333,15333,325535,0
2008,381,2,124,"H3","3301",8,18232,18232,346470,0
2008,381,1,392,"H3","3301",8,126,126,5493,0
2008,381,2,392,"H3","3301",8,161742,161742,6458421,0
2008,381,1,124,"H3","3810",8,8384,8384,73018,0
2008,381,2,124,"H3","3810",8,704,704,71543,0
2008,381,2,392,"H3","330124",8,10,10,2423,0
2008,381,2,392,"H3","330125",8,2290,2290,51099,0
2008,381,1,124,"H3","381010",8,7795,7795,30488,0
2008,381,2,124,"H3","381010",8,704,704,71543,0
2008,381,1,392,"H3","381010",8,121196,121196,810188,0
2008,381,2,392,"H3","381010",8,10651,10651,53918,0
2008,381,1,124,"H3","381090",8,589,589,42531,0
2008,381,1,392,"H3","381090",8,356,356,24083,0
2008,381,1,124,"H3","3811",8,2,2,5348,0
2008,381,2,124,"H3","3811",8,115240,115240,339707,0
2008,381,1,392,"H3","3811",8,3900,3900,21995,0
2008,381,2,392,"H3","3811",8,3240059,3240059,7747664,0
2008,381,1,124,"H3","381121",8,2,2,5348,0
2008,381,2,124,"H3","381121",8,115240,115240,339707,0
2008,381,2,392,"H3","381121",8,3233260,3233260,7705716,0
2008,381,1,392,"H3","381129",8,1900,1900,9485,0
2008,381,1,124,"H3","330130",8,400,400,9385,0
2008,381,1,392,"H3","3304",8,10291,10291,461373,0
2008,381,1,124,"H3","3812",8,89911,89911,538610,0
2008,381,2,124,"H3","3812",8,102480,102480,511088,0
2008,381,1,392,"H3","3812",8,3665,3665,262704,0
2008,381,2,392,"H3","3812",8,322460,322460,2832163,0
2008,381,2,392,"H3","3304",8,330833,330833,16177908,0
2008,381,1,124,"H3","381230",8,89911,89911,538610,0
2008,381,2,124,"H3","381230",8,102480,102480,511088,0
2008,381,1,392,"H3","381230",8,3365,3365,250863,0
2008,381,2,392,"H3","381230",8,322460,322460,2832163,0
2008,381,2,124,"H3","3814",8,8157,8157,50746,0
2008,381,1,392,"H3","3814",8,191611,191611,728621,0
2008,381,2,392,"H3","3814",8,1320,1320,3876,0
2008,381,2,124,"H3","381400",8,8157,8157,50746,0
2008,381,1,392,"H3","330420",8,551,551,146743,0
2008,381,2,392,"H3","330420",8,11344,11344,1103909,0
2008,381,1,124,"H3","3815",8,1920,1920,15416,0
2008,381,2,124,"H3","3815",8,2288,2288,509702,0
2008,381,1,392,"H3","3815",8,1014317,1014317,14766757,0
2008,381,2,392,"H3","3815",8,82216,82216,4553409,0
2008,381,1,392,"H3","381512",8,497,497,258454,0
2008,381,2,124,"H3","381519",8,2165,2165,492788,0
2008,381,2,392,"H3","330430",8,210,210,76091,0
2008,381,2,392,"H3","330491",8,11101,11101,488272,0
2008,381,1,124,"H3","381590",8,1920,1920,15416,0
2008,381,2,124,"H3","381590",8,123,123,16914,0
2008,381,1,392,"H3","330499",8,9100,9100,208099,0
2008,381,2,392,"H3","330499",8,305802,305802,14343246,0
2008,381,1,124,"H3","3816",8,136948,136948,112053,0
2008,381,2,124,"H3","3816",8,2000,2000,4807,0
2008,381,1,392,"H3","3816",8,1464000,1464000,2616374,0
2008,381,2,392,"H3","3816",8,16660,16660,84864,0
2008,381,1,124,"H3","381600",8,136948,136948,112053,0
2008,381,2,124,"H3","381600",8,2000,2000,4807,0
2008,381,1,392,"H3","381600",8,1464000,1464000,2616374,0
2008,381,2,392,"H3","381600",8,16660,16660,84864,0
2008,381,2,392,"H3","330510",8,43604,43604,517627,0
2008,381,2,124,"H3","330520",8,30099,30099,438018,0
2008,381,2,392,"H3","330520",8,13624,13624,69973,0
2008,381,1,124,"H3","330620",8,156,156,11760,0
2008,381,2,392,"H3","330620",8,33,33,1876,0
2008,381,1,392,"H3","330741",8,3599,3599,115457,0
2008,381,2,392,"H3","330741",8,246,246,7533,0
2008,381,1,124,"H3","330790",8,1995,1995,12557,0
2008,381,2,392,"H3","3819",8,514,514,1577,0
2008,381,2,124,"H3","330790",8,362490,362490,3738161,0
2008,381,1,392,"H3","3820",8,109244,109244,258767,0
2008,381,2,392,"H3","3820",8,11918,11918,64903,0
2008,381,1,392,"H3","382000",8,109244,109244,258767,0
2008,381,2,392,"H3","382000",8,11918,11918,64903,0
2008,381,1,124,"H3","3821",8,444,444,28122,0
2008,381,2,392,"H3","3821",8,29,29,2058,0
2008,381,1,124,"H3","382100",8,444,444,28122,0
2008,381,2,392,"H3","382100",8,29,29,2058,0
2008,381,1,124,"H3","3822",8,12970,12970,3760110,0
2008,381,2,124,"H3","3822",8,41261,41261,763083,0
2008,381,1,392,"H3","330790",8,317,317,4822,0
2008,381,2,392,"H3","330790",8,41453,41453,1197610,0
2008,381,1,124,"H3","382200",8,12970,12970,3760110,0
2008,381,2,124,"H3","382200",8,41261,41261,763083,0
2008,381,1,124,"H3","34",1,,,969225,0
2008,381,2,124,"H3","34",1,,,7287658,0
2008,381,2,124,"H3","3823",8,67,67,2995,0
2008,381,2,392,"H3","3823",8,5000,5000,8442,0
2008,381,1,392,"H3","34",1,,,5041295,0
2008,381,2,124,"H3","382319",8,67,67,2995,0
2008,381,1,124,"H3","3824",8,460898,460898,902220,0
2008,381,2,124,"H3","3824",8,653866,653866,2177720,0
2008,381,2,392,"H3","34",1,,,12551012,0
2008,381,1,392,"H3","340111",8,180,180,9400,0
2008,381,1,392,"H3","382410",8,13280,13280,16323,0
2008,381,2,392,"H3","382410",8,38202,38202,105684,0
2008,381,2,392,"H3","340111",8,16989,16989,151356,0
2008,381,1,124,"H3","382440",8,313779,313779,165746,0
2008,381,2,124,"H3","382440",8,75368,75368,368673,0
2008,381,1,392,"H3","382440",8,142105,142105,364623,0
2008,381,2,392,"H3","382440",8,457325,457325,452376,0
2008,381,1,124,"H3","382450",8,118065,118065,417772,0
2008,381,2,124,"H3","382450",8,12000,12000,43534,0
2008,381,1,392,"H3","382450",8,25000,25000,62228,0
2008,381,2,392,"H3","382450",8,94435,94435,113360,0
2008,381,2,392,"H3","340130",8,11971,11971,158428,0
2008,381,1,392,"H3","3402",8,40202,40202,298386,0
2008,381,2,392,"H3","3402",8,6251875,6251875,9595437,0
2008,381,1,392,"H3","340212",8,612,612,8407,0
2008,381,1,392,"H3","340220",8,2257,2257,30731,0
2008,381,1,124,"H3","382490",8,29051,29051,307397,0
2008,381,2,124,"H3","382490",8,562737,562737,1738611,0
2008,381,2,392,"H3","340220",8,9202,9202,15711,0
2008,381,1,392,"H3","3403",8,300420,300420,1262189,0
2008,381,2,392,"H3","3403",8,448977,448977,1180262,0
2008,381,1,392,"H3","370295",1,,21,3844,0
2008,381,1,124,"H3","39",1,,,22961788,0
2008,381,2,124,"H3","39",1,,,66110309,0
2008,381,1,392,"H3","39",1,,,206500169,0
2008,381,2,392,"H3","39",1,,,101362187,0
2008,381,1,124,"H3","3901",8,1745870,1745870,3097457,0
2008,381,2,124,"H3","3901",8,17362,17362,96254,0
2008,381,1,392,"H3","340311",8,4500,4500,15380,0
2008,381,2,392,"H3","340311",8,48260,48260,97041,0
2008,381,1,124,"H3","390110",8,369630,369630,742044,0
2008,381,2,124,"H3","390110",8,2048,2048,20802,0
2008,381,1,392,"H3","390110",8,107151,107151,492096,0
2008,381,2,392,"H3","390110",8,97278,97278,392781,0
2008,381,1,124,"H3","390120",8,841225,841225,1355793,0
2008,381,1,392,"H3","390120",8,251,251,21837,0
2008,381,2,392,"H3","390120",8,308283,308283,1206813,0
2008,381,1,124,"H3","390130",8,55500,55500,116843,0
2008,381,2,124,"H3","390130",8,15314,15314,75452,0
2008,381,2,392,"H3","370295",1,,16,2064,0
2008,381,1,392,"H3","340319",8,16633,16633,174358,0
2008,381,1,124,"H3","3902",8,27280,27280,57741,0
2008,381,2,124,"H3","3902",8,11279,11279,36516,0
2008,381,2,392,"H3","340319",8,5221,5221,40266,0
2008,381,1,392,"H3","3405",8,233301,233301,2790435,0
2008,381,1,124,"H3","390210",8,2800,2800,6593,0
2008,381,1,392,"H3","390210",8,63077,63077,162542,0
2008,381,2,392,"H3","390210",8,59590,59590,75878,0
2008,381,2,392,"H3","3405",8,78679,78679,776106,0
2008,381,2,124,"H3","390230",8,779,779,4453,0
2008,381,1,124,"H3","3703",8,90,90,2079,0
2008,381,1,392,"H3","35",1,,,2525506,0
2008,381,1,124,"H3","390290",8,24480,24480,51148,0
2008,381,2,124,"H3","390290",8,10500,10500,32063,0
2008,381,1,392,"H3","390290",8,127895,127895,601716,0
2008,381,2,392,"H3","390290",8,4773,4773,11032,0
2008,381,1,124,"H3","3903",8,156844,156844,673174,6
2008,381,2,124,"H3","3903",8,820,820,3061,0
2008,381,1,392,"H3","3903",8,914545,914545,4471040,0
2008,381,2,392,"H3","3903",8,600,600,2517,0
2008,381,2,392,"H3","35",1,,,30811140,0
2008,381,2,392,"H3","3501",8,1000,1000,13948,0
2008,381,2,392,"H3","350110",8,1000,1000,13948,0
2008,381,1,392,"H3","3506",8,13741,13741,285630,0
2008,381,2,392,"H3","3506",8,193045,193045,1067854,0
2008,381,1,392,"H3","350610",8,2313,2313,99175,0
2008,381,1,124,"H3","390390",8,1173,1173,2448,6
2008,381,2,392,"H3","350610",8,4578,4578,45641,0
2008,381,1,124,"H3","3904",8,77976,77976,112877,0
2008,381,2,124,"H3","3904",8,298140,298140,836125,0
2008,381,1,392,"H3","350691",8,19,19,7365,0
2008,381,2,392,"H3","350691",8,141355,141355,897074,0
2008,381,1,124,"H3","390410",8,68182,68182,77876,0
2008,381,2,124,"H3","390410",8,38475,38475,66323,0
2008,381,1,392,"H3","390410",8,29066,29066,82188,0
2008,381,1,392,"H3","350699",8,11409,11409,179090,0
2008,381,2,392,"H3","350699",8,47112,47112,125139,0
2008,381,2,124,"H3","350710",8,350,350,7401,0
2008,381,1,124,"H3","390440",8,9694,9694,20776,0
2008,381,2,124,"H3","390440",8,50,50,2073,0
2008,381,1,392,"H3","390461",8,671,671,51854,0
2008,381,2,392,"H3","390461",8,55334,55334,714284,0
2008,381,1,392,"H3","390469",8,29106,29106,587419,0
2008,381,2,392,"H3","390469",8,235424,235424,8180881,0
2008,381,1,392,"H3","350710",8,18,18,1752,0
2008,381,2,124,"H3","360410",8,32183,32183,765034,0
2008,381,1,124,"H3","3905",8,76503,76503,252402,0
2008,381,2,124,"H3","3905",8,219440,219440,819543,0
2008,381,2,392,"H3","360410",8,2284,2284,51974,0
2008,381,1,392,"H3","370120",8,9981,9981,1169512,0
2008,381,1,392,"H3","370191",8,633,633,45965,0
2008,381,1,392,"H3","370231",5,37970,383,111133,0
2008,381,1,392,"H3","370232",1,,37332,907652,0
2008,381,1,392,"H3","370243",2,483,157,16443,0
2008,381,2,124,"H3","390529",8,206040,206040,779502,0
2008,381,1,392,"H3","370244",2,276026,58059,1437031,0
2008,381,2,392,"H3","370251",1,,90,6365,0
2008,381,1,392,"H3","370252",1,,367,57149,0
2008,381,1,392,"H3","370253",1,,2282,643624,0
2008,381,1,124,"H3","390599",8,3063,3063,68944,0
2008,381,1,392,"H3","390599",8,252944,252944,1495370,0
2008,381,1,124,"H3","3906",8,500,500,2321,0
2008,381,2,124,"H3","3906",8,156022,156022,339869,0
2008,381,1,392,"H3","3906",8,23299514,23299514,49568349,0
2008,381,2,392,"H3","3906",8,91207,91207,437954,0
2008,381,1,392,"H3","370310",8,1183,1183,77420,0
2008,381,1,124,"H3","390690",8,500,500,2321,0
2008,381,2,124,"H3","390690",8,156022,156022,339869,0
2008,381,1,392,"H3","390690",8,22794151,22794151,47500167,0
2008,381,2,392,"H3","390690",8,91207,91207,437954,0
2008,381,1,124,"H3","3907",8,677731,677731,2336147,0
2008,381,2,124,"H3","3907",8,425355,425355,698614,0
2008,381,1,392,"H3","3907",8,3698134,3698134,14741756,0
2008,381,2,392,"H3","3907",8,753520,753520,49261645,0
2008,381,2,392,"H3","370310",8,1450,1450,9753,0
2008,381,1,124,"H3","390720",8,3001,3001,7189,0
2008,381,2,124,"H3","390720",8,1110,1110,2790,0
2008,381,1,392,"H3","390720",8,22342,22342,551390,0
2008,381,2,392,"H3","390720",8,556293,556293,47689219,0
2008,381,1,124,"H3","390730",8,6213,6213,66276,0
2008,381,2,124,"H3","390730",8,33581,33581,143991,0
2008,381,1,392,"H3","390730",8,563250,563250,4375183,0
2008,381,2,392,"H3","390730",8,3433,3433,52277,0
2008,381,1,124,"H3","390740",8,54841,54841,113433,0
2008,381,2,124,"H3","390740",8,492,492,9871,0
2008,381,1,392,"H3","390740",8,735975,735975,2364574,0
2008,381,2,392,"H3","390740",8,40066,40066,795871,0
2008,381,2,124,"H3","390750",8,16000,16000,44598,0
2008,381,1,392,"H3","390750",8,21752,21752,70693,0
2008,381,1,392,"H3","390760",8,1101259,1101259,3039114,0
2008,381,1,124,"H3","390791",8,613676,613676,2149248,0
2008,381,2,124,"H3","390791",8,313772,313772,131984,0
2008,381,1,392,"H3","390791",8,4862,4862,161589,0
2008,381,2,392,"H3","390791",8,10,10,4255,0
2008,381,2,124,"H3","390799",8,60400,60400,365380,0
2008,381,1,124,"H3","370390",8,90,90,2079,0
2008,381,2,124,"H3","370390",8,292,292,10449,0
2008,381,1,124,"H3","3908",8,720850,720850,1625042,0
2008,381,2,124,"H3","3908",8,584741,584741,1883434,0
2008,381,1,392,"H3","370390",8,40652,40652,274310,0
2008,381,2,392,"H3","370390",8,247,247,46806,0
2008,381,1,124,"H3","390810",8,696060,696060,1563289,0
2008,381,2,124,"H3","390810",8,572141,572141,1820356,0
2008,381,1,392,"H3","390810",8,151556,151556,762269,0
2008,381,2,392,"H3","390810",8,39500,39500,288747,0
2008,381,1,124,"H3","390890",8,24790,24790,61754,0
2008,381,2,124,"H3","390890",8,12600,12600,63078,0
2008,381,1,392,"H3","390890",8,267104,267104,1869232,0
2008,381,2,392,"H3","390890",8,137660,137660,890256,0
2008,381,1,124,"H3","3909",8,520436,520436,2383135,0
2008,381,2,124,"H3","3909",8,694911,694911,901784,0
2008,381,1,392,"H3","3909",8,192103,192103,1967278,0
2008,381,2,392,"H3","3909",8,431574,431574,1045160,0
2008,381,2,392,"H3","390910",8,275500,275500,312098,0
2008,381,1,124,"H3","370400",8,44,44,21478,0
2008,381,2,124,"H3","370400",8,37,37,3155,0
2008,381,2,124,"H3","390930",8,25,25,3582,0
2008,381,2,392,"H3","390930",8,5009,5009,50142,0
2008,381,1,124,"H3","390940",8,26028,26028,198571,0
2008,381,1,392,"H3","390940",8,28660,28660,396054,0
2008,381,2,392,"H3","390940",8,26925,26925,85287,0
2008,381,1,124,"H3","390950",8,494408,494408,2184564,0
2008,381,2,124,"H3","390950",8,694886,694886,898202,0
2008,381,1,392,"H3","390950",8,143133,143133,1457771,0
2008,381,2,392,"H3","390950",8,76039,76039,456562,0
2008,381,1,124,"H3","3910",8,20551,20551,499536,0
2008,381,2,124,"H3","3910",8,8814,8814,150811,0
2008,381,1,392,"H3","370400",8,416,416,41407,0
2008,381,1,392,"H3","370690",4,3,1,3847,0
2008,381,1,124,"H3","391000",8,20551,20551,499536,0
2008,381,2,124,"H3","391000",8,8814,8814,150811,0
2008,381,1,392,"H3","370710",8,3645,3645,756921,0
2008,381,2,392,"H3","370710",8,50,50,5463,0
2008,381,1,392,"H3","3911",8,716091,716091,2825843,0
2008,381,2,392,"H3","3911",8,755,755,19765,0
2008,381,1,392,"H3","370790",8,47931,47931,5378991,0
2008,381,2,392,"H3","370790",8,276,276,9054,0
2008,381,2,124,"H3","380190",8,10,10,3124,0
2008,381,1,392,"H3","380190",8,320,320,25874,0
2008,381,1,392,"H3","3912",8,47570,47570,664617,0
2008,381,2,392,"H3","3912",8,243362,243362,1138293,0
2008,381,2,392,"H3","380190",8,31,31,5237,0
2008,381,1,392,"H3","391212",8,2275,2275,11009,0
2008,381,2,392,"H3","391212",8,242822,242822,1135180,0
2008,381,1,392,"H3","380210",8,715307,715307,1633976,0
2008,381,2,124,"H3","380850",8,18779,18779,31452,0
2008,381,1,392,"H3","391290",8,4805,4805,89039,0
2008,381,2,392,"H3","391290",8,540,540,3113,0
2008,381,1,124,"H3","3913",8,85757,85757,1197951,0
2008,381,2,124,"H3","3913",8,835001,835001,3871362,0
2008,381,1,392,"H3","3913",8,2992,2992,250810,0
2008,381,2,392,"H3","3913",8,126982,126982,835831,0
2008,381,1,392,"H3","380891",8,18343,18343,464536,0
2008,381,2,124,"H3","380894",8,48986,48986,163407,0
2008,381,1,124,"H3","391390",8,85757,85757,1197951,0
2008,381,2,124,"H3","391390",8,835001,835001,3871362,0
2008,381,1,392,"H3","380991",8,416701,416701,4428944,0
2008,381,2,392,"H3","380991",8,14750,14750,43776,0
2008,381,1,124,"H3","3914",8,20510,20510,63646,0
2008,381,1,392,"H3","380993",8,2406,2406,17678,0
2008,381,2,392,"H3","380993",8,197578,197578,778322,0
2008,381,1,124,"H3","391400",8,20510,20510,63646,0
2008,381,1,392,"H3","3810",8,121552,121552,834271,0
2008,381,2,392,"H3","3810",8,10651,10651,53918,0
2008,381,1,124,"H3","3915",8,60615,60615,50617,0
2008,381,2,124,"H3","3915",8,1987588,1987588,959718,0
2008,381,2,392,"H3","3915",8,101932,101932,68499,0
2008,381,1,392,"H3","381190",8,2000,2000,12510,0
2008,381,1,124,"H3","391590",8,60615,60615,50617,0
2008,381,2,124,"H3","391590",8,1987588,1987588,959718,0
2008,381,2,392,"H3","391590",8,12,12,2147,0
2008,381,1,124,"H3","3916",8,5442,5442,56522,0
2008,381,2,124,"H3","3916",8,71059,71059,658316,0
2008,381,2,392,"H3","381190",8,6799,6799,41948,0
2008,381,1,392,"H3","381210",8,300,300,11840,0
2008,381,1,124,"H3","391610",8,5,5,2835,0
2008,381,2,124,"H3","391610",8,47,47,4529,0
2008,381,2,392,"H3","391610",8,36,36,1674,0
2008,381,2,124,"H3","391620",8,8760,8760,269206,0
2008,381,1,392,"H3","391620",8,50,50,1712,0
2008,381,2,392,"H3","391620",8,13205,13205,189238,0
2008,381,1,124,"H3","391690",8,5437,5437,53687,0
2008,381,2,124,"H3","391690",8,62252,62252,384581,0
2008,381,1,392,"H3","391690",8,11673,11673,322657,0
2008,381,2,392,"H3","391690",8,48887,48887,281204,0
2008,381,1,124,"H3","3917",8,17565,17565,305450,0
2008,381,2,124,"H3","3917",8,387673,387673,2653192,0
2008,381,1,392,"H3","3917",8,57025,57025,1122121,0
2008,381,2,392,"H3","3917",8,150033,150033,1107516,0
2008,381,2,124,"H3","391710",8,59755,59755,282230,0
2008,381,1,392,"H3","381400",8,191611,191611,728621,0
2008,381,2,392,"H3","381400",8,1320,1320,3876,0
2008,381,2,124,"H3","391721",8,1839,1839,47331,0
2008,381,1,392,"H3","381590",8,5,5,3909,0
2008,381,1,124,"H3","391723",8,187,187,18797,0
2008,381,2,124,"H3","391723",8,48653,48653,148963,0
2008,381,1,124,"H3","391729",8,1455,1455,43495,0
2008,381,2,124,"H3","391729",8,33772,33772,115184,0
2008,381,1,392,"H3","391729",8,52,52,31300,0
2008,381,2,392,"H3","391729",8,60452,60452,302234,0
2008,381,2,124,"H3","391731",8,830,830,11268,0
2008,381,1,392,"H3","391731",8,2,2,8267,0
2008,381,2,392,"H3","391731",8,274,274,14814,0
2008,381,1,124,"H3","391732",8,2265,2265,50420,0
2008,381,2,124,"H3","391732",8,138423,138423,601426,0
2008,381,2,392,"H3","381590",8,77012,77012,2336922,0
2008,381,1,124,"H3","3818",8,1,1,1614,0
2008,381,1,124,"H3","391733",8,1200,1200,14648,0
2008,381,2,124,"H3","391733",8,740,740,36133,0
2008,381,1,124,"H3","391739",8,10447,10447,165374,0
2008,381,2,124,"H3","391739",8,16189,16189,110910,0
2008,381,1,392,"H3","391739",8,13290,13290,113204,0
2008,381,2,392,"H3","391739",8,72509,72509,493215,0
2008,381,1,124,"H3","391740",8,2011,2011,12715,0
2008,381,2,124,"H3","391740",8,87472,87472,1299748,0
2008,381,2,124,"H3","3818",8,39,39,16047,0
2008,381,1,392,"H3","3818",8,64400,64400,26661639,0
2008,381,1,124,"H3","3918",8,980,980,32667,0
2008,381,2,124,"H3","3918",8,104336,104336,420027,0
2008,381,2,392,"H3","3818",8,5739,5739,1745428,0
2008,381,1,124,"H3","381800",8,1,1,1614,0
2008,381,1,124,"H3","391810",8,730,730,18953,0
2008,381,2,124,"H3","391810",8,98836,98836,403439,0
2008,381,1,392,"H3","391810",8,1623,1623,58588,0
2008,381,2,392,"H3","391810",8,16422,16422,32328,0
2008,381,1,124,"H3","391890",8,250,250,13714,0
2008,381,2,124,"H3","391890",8,5500,5500,16588,0
2008,381,2,124,"H3","381800",8,39,39,16047,0
2008,381,1,392,"H3","381800",8,64400,64400,26661639,0
2008,381,1,124,"H3","3919",8,203581,203581,1997005,0
2008,381,2,124,"H3","3919",8,2625325,2625325,8021459,0
2008,381,1,392,"H3","3919",8,433841,433841,10689731,0
2008,381,2,392,"H3","3919",8,124109,124109,1173718,0
2008,381,1,124,"H3","391910",8,13600,13600,383420,0
2008,381,2,124,"H3","391910",8,2568017,2568017,7753437,0
2008,381,1,392,"H3","391910",8,41609,41609,1055613,0
2008,381,2,392,"H3","381800",8,5739,5739,1745428,0
2008,381,1,124,"H3","391990",8,189981,189981,1613585,0
2008,381,2,124,"H3","391990",8,57308,57308,268022,0
2008,381,1,392,"H3","391990",8,392232,392232,9634118,0
2008,381,2,392,"H3","391990",8,19282,19282,374667,0
2008,381,1,124,"H3","3920",8,607272,607272,2872061,0
2008,381,2,124,"H3","3920",8,4021001,4021001,16145008,0
2008,381,2,392,"H3","381900",8,514,514,1577,0
2008,381,1,392,"H3","3822",8,336345,336345,90024461,0
2008,381,1,124,"H3","392010",8,20615,20615,19050,0
2008,381,2,124,"H3","392010",8,475292,475292,1813068,0
2008,381,1,392,"H3","392010",8,886237,886237,8305145,0
2008,381,2,392,"H3","392010",8,299949,299949,1344473,0
2008,381,2,392,"H3","3822",8,11636,11636,933793,0
2008,381,1,392,"H3","382200",8,336345,336345,90024461,0
2008,381,2,392,"H3","382200",8,11636,11636,933793,0
2008,381,2,392,"H3","382311",8,5000,5000,8442,0
2008,381,1,392,"H3","3824",8,419439,419439,4173038,0
2008,381,2,392,"H3","3824",8,836708,836708,8383250,0
2008,381,1,124,"H3","392043",8,12691,12691,317941,0
2008,381,2,124,"H3","392043",8,637927,637927,3579723,0
2008,381,1,392,"H3","382430",8,43297,43297,335302,0
2008,381,2,124,"H3","382460",8,3600,3600,5378,0
2008,381,2,124,"H3","392049",8,159753,159753,571741,0
2008,381,1,392,"H3","392049",8,6054241,6054241,52594924,0
2008,381,2,392,"H3","392049",8,78356,78356,504269,0
2008,381,2,124,"H3","392051",8,32207,32207,423505,0
2008,381,1,392,"H3","392051",8,389412,389412,1988040,0
2008,381,2,392,"H3","392051",8,100,100,1553,0
2008,381,1,392,"H3","392059",8,1439,1439,132836,0
2008,381,1,124,"H3","392061",8,13713,13713,85835,0
2008,381,1,392,"H3","392061",8,227,227,30429,0
2008,381,2,392,"H3","392061",8,3408,3408,16674,0
2008,381,1,124,"H3","392062",8,19862,19862,194028,0
2008,381,2,124,"H3","392062",8,27373,27373,186951,0
2008,381,1,392,"H3","392062",8,991784,991784,10760024,0
2008,381,2,392,"H3","392062",8,47393,47393,322562,0
2008,381,1,392,"H3","392063",8,515,515,16134,0
2008,381,2,392,"H3","392063",8,840,840,7964,0
2008,381,1,124,"H3","392069",8,300,300,5337,0
2008,381,2,124,"H3","392069",8,42277,42277,903721,0
2008,381,1,392,"H3","392069",8,76869,76869,1106823,0
2008,381,2,392,"H3","392069",8,6175,6175,124021,0
2008,381,2,124,"H3","392071",8,600,600,8200,0
2008,381,1,392,"H3","392071",8,32080,32080,189626,0
2008,381,2,392,"H3","392071",8,296843,296843,1165411,0
2008,381,2,124,"H3","392073",8,584,584,22183,0
2008,381,1,392,"H3","392073",8,1049,1049,22602,0
2008,381,2,392,"H3","392073",8,55932,55932,1839911,0
2008,381,1,124,"H3","382479",8,3,3,11304,0
2008,381,2,124,"H3","382479",8,161,161,21524,0
2008,381,1,392,"H3","382479",8,97,97,32831,0
2008,381,2,392,"H3","382479",8,18,18,16906,0
2008,381,1,392,"H3","382490",8,195660,195660,3361731,0
2008,381,2,392,"H3","382490",8,246728,246728,7694923,0
2008,381,1,124,"H3","392099",8,1106,1106,5277,0
2008,381,2,124,"H3","392099",8,13308,13308,116810,0
2008,381,1,392,"H3","392099",8,105778,105778,2809121,0
2008,381,2,392,"H3","392099",8,20200,20200,178927,0
2008,381,1,124,"H3","3921",8,457025,457025,3187620,0
2008,381,2,124,"H3","3921",8,926043,926043,3074392,0
2008,381,2,124,"H3","3825",8,150,150,2249,0
2008,381,2,124,"H3","382510",8,150,150,2249,0
2008,381,1,124,"H3","392111",8,3803,3803,135091,0
2008,381,2,124,"H3","392111",8,690,690,13038,0
2008,381,1,392,"H3","392111",8,994,994,75989,0
2008,381,2,392,"H3","392111",8,9027,9027,112171,0
2008,381,2,124,"H3","392112",8,6445,6445,59534,0
2008,381,1,392,"H3","392112",8,3596,3596,69467,0
2008,381,1,124,"H3","392113",8,14350,14350,152677,0
2008,381,2,124,"H3","392113",8,6043,6043,20791,0
2008,381,1,392,"H3","392113",8,28058,28058,1410831,0
2008,381,2,392,"H3","392113",8,1082,1082,26343,0
2008,381,1,392,"H3","3901",8,135432,135432,621388,0
2008,381,1,124,"H3","392119",8,99143,99143,1187545,0
2008,381,2,124,"H3","392119",8,13411,13411,72826,0
2008,381,1,392,"H3","392119",8,1275602,1275602,7190724,0
2008,381,2,392,"H3","392119",8,1426,1426,18292,0
2008,381,1,124,"H3","392190",8,255826,255826,1325562,0
2008,381,2,124,"H3","392190",8,899454,899454,2908203,0
2008,381,2,392,"H3","3901",8,405561,405561,1599594,0
2008,381,1,124,"H3","390190",8,479515,479515,882776,0
2008,381,1,124,"H3","3922",8,329,329,7480,0
2008,381,2,124,"H3","3922",8,23231,23231,505127,0
2008,381,1,392,"H3","390190",8,28030,28030,107456,0
2008,381,1,392,"H3","390220",8,289960,289960,927673,0
2008,381,1,124,"H3","392210",8,329,329,7480,0
2008,381,2,124,"H3","392210",8,19332,19332,361981,0
2008,381,2,124,"H3","392220",8,133,133,8884,0
2008,381,2,392,"H3","392220",8,295,295,8444,0
2008,381,2,124,"H3","392290",8,3766,3766,134261,0
2008,381,1,392,"H3","390230",8,282000,282000,729697,0
2008,381,2,392,"H3","390230",8,1326998,1326998,2244692,0
2008,381,1,124,"H3","3923",8,55857,55857,514935,0
2008,381,2,124,"H3","3923",8,965859,965859,7593765,6
2008,381,1,392,"H3","3923",8,188632,188632,4428211,0
2008,381,2,392,"H3","3923",8,227759,227759,1844606,6
2008,381,1,124,"H3","392310",8,8190,8190,40168,0
2008,381,2,124,"H3","392310",8,169250,169250,1030317,0
2008,381,1,392,"H3","392310",8,28864,28864,476341,0
2008,381,2,392,"H3","392310",8,20109,20109,202088,0
2008,381,1,124,"H3","390311",8,106464,106464,587896,0
2008,381,1,392,"H3","390319",8,665000,665000,1541153,0
2008,381,1,124,"H3","390330",8,49207,49207,82830,0
2008,381,2,124,"H3","390330",8,820,820,3061,0
2008,381,1,124,"H3","392329",8,403,403,15614,0
2008,381,2,124,"H3","392329",8,108692,108692,984996,0
2008,381,1,392,"H3","392329",8,18483,18483,336605,0
2008,381,2,392,"H3","392329",8,19859,19859,342956,0
2008,381,1,124,"H3","392330",8,14115,14115,131018,0
2008,381,2,124,"H3","392330",8,121053,121053,2094699,6
2008,381,1,392,"H3","392330",8,65158,65158,2535674,0
2008,381,2,392,"H3","392330",8,73269,73269,599643,6
2008,381,1,124,"H3","392340",8,1225,1225,14325,0
2008,381,2,124,"H3","392340",8,94323,94323,182373,0
2008,381,1,392,"H3","392340",8,3130,3130,7306,0
2008,381,2,392,"H3","392340",8,35601,35601,212800,0
2008,381,1,392,"H3","390330",8,141320,141320,483963,0
2008,381,2,392,"H3","390330",8,600,600,2517,0
2008,381,1,392,"H3","390390",8,108225,108225,2445924,0
2008,381,1,392,"H3","3904",8,282718,282718,1974674,0
2008,381,1,124,"H3","392390",8,18305,18305,146655,0
2008,381,2,124,"H3","392390",8,125583,125583,553942,0
2008,381,2,392,"H3","3904",8,326758,326758,9058389,0
2008,381,1,124,"H3","390422",8,100,100,14225,0
2008,381,1,124,"H3","3924",8,10977,10977,86125,0
2008,381,2,124,"H3","3924",8,522496,522496,3288889,0
2008,381,1,392,"H3","3924",8,78944,78944,567013,0
2008,381,2,392,"H3","3924",8,352026,352026,2887580,0
2008,381,1,124,"H3","392410",8,950,950,11094,0
2008,381,2,124,"H3","392410",8,220591,220591,1468103,0
2008,381,1,392,"H3","392410",8,12784,12784,194695,0
2008,381,2,392,"H3","392410",8,118002,118002,1445341,0
2008,381,1,124,"H3","392490",8,10027,10027,75030,0
2008,381,2,124,"H3","392490",8,301905,301905,1820786,0
2008,381,1,392,"H3","392490",8,66160,66160,372318,0
2008,381,2,392,"H3","392490",8,234024,234024,1442239,0
2008,381,1,124,"H3","3925",1,,1314,23544,0
2008,381,2,124,"H3","3925",1,,137290,1818371,0
2008,381,1,392,"H3","3925",1,,101794,2193955,0
2008,381,2,392,"H3","3925",1,,44303,697441,0
2008,381,1,124,"H3","392510",8,275,275,12544,0
2008,381,2,124,"H3","392510",8,360,360,17410,0
2008,381,1,392,"H3","392510",8,2622,2622,7939,0
2008,381,2,392,"H3","392510",8,770,770,7338,0
2008,381,2,124,"H3","390422",8,259615,259615,767728,0
2008,381,1,392,"H3","390430",8,223375,223375,1242200,0
2008,381,1,124,"H3","392530",8,469,469,6693,0
2008,381,2,124,"H3","392530",8,78352,78352,1131796,0
2008,381,1,392,"H3","390490",8,500,500,11012,0
2008,381,1,124,"H3","392590",8,570,570,4308,0
2008,381,2,124,"H3","392590",8,45778,45778,499301,0
2008,381,1,392,"H3","392590",8,92843,92843,1945757,0
2008,381,2,392,"H3","392590",8,41636,41636,656626,0
2008,381,1,124,"H3","3926",8,75497,75497,1526333,0
2008,381,2,124,"H3","3926",8,1600342,1600342,11334671,0
2008,381,2,392,"H3","390490",8,36000,36000,163223,0
2008,381,1,392,"H3","3905",8,486529,486529,2408851,0
2008,381,1,124,"H3","392610",8,582,582,31896,0
2008,381,2,124,"H3","392610",8,790,790,14008,0
2008,381,1,392,"H3","392610",8,3260,3260,86100,0
2008,381,2,392,"H3","392610",8,8713,8713,346277,0
2008,381,2,124,"H3","392620",8,6920,6920,294739,0
2008,381,2,392,"H3","3905",8,4220,4220,23838,0
2008,381,2,392,"H3","390512",8,20,20,3252,0
2008,381,1,124,"H3","392630",8,8,8,1744,0
2008,381,1,392,"H3","392630",8,950,950,47878,0
2008,381,2,392,"H3","392630",8,19368,19368,448058,0
2008,381,1,124,"H3","392640",8,21606,21606,110296,0
2008,381,2,124,"H3","392640",8,38651,38651,570745,0
2008,381,1,392,"H3","390519",8,11200,11200,90447,0
2008,381,2,392,"H3","390519",8,600,600,5007,0
2008,381,1,124,"H3","392690",8,53301,53301,1382397,0
2008,381,2,124,"H3","392690",8,1553981,1553981,10455178,0
2008,381,2,124,"H3","390521",8,13400,13400,40041,0
2008,381,1,392,"H3","390530",8,210360,210360,594303,0
2008,381,1,124,"H3","40",1,,,5112234,0
2008,381,2,124,"H3","40",1,,,37050145,0
2008,381,2,392,"H3","390530",8,3600,3600,15579,0
2008,381,1,124,"H3","390591",8,73440,73440,183458,0
2008,381,2,124,"H3","4001",8,5653,5653,9316,6
2008,381,1,392,"H3","4001",8,60480,60480,167294,0
2008,381,2,392,"H3","4001",8,7,7,3370,0
2008,381,2,124,"H3","400110",8,453,453,1681,6
2008,381,1,392,"H3","390591",8,12025,12025,228732,0
2008,381,2,124,"H3","400129",8,5200,5200,7635,0
2008,381,1,392,"H3","390610",8,505363,505363,2068182,0
2008,381,1,124,"H3","4002",8,668117,668117,2589729,0
2008,381,2,124,"H3","4002",8,118200,118200,514363,0
2008,381,1,392,"H3","4002",8,14737132,14737132,52822504,0
2008,381,2,392,"H3","4002",8,519449,519449,1426851,0
2008,381,2,124,"H3","400211",8,3600,3600,19520,0
2008,381,1,124,"H3","400219",8,436781,436781,1356608,0
2008,381,2,124,"H3","400219",8,113600,113600,489881,0
2008,381,1,392,"H3","400219",8,4264619,4264619,13339490,0
2008,381,2,392,"H3","400219",8,465415,465415,1260355,0
2008,381,1,392,"H3","370320",8,66261,66261,798857,0
2008,381,1,392,"H3","390920",8,20310,20310,113452,0
2008,381,2,392,"H3","390920",8,48101,48101,141072,0
2008,381,1,392,"H3","391000",8,7068,7068,354336,0
2008,381,2,392,"H3","391000",8,19717,19717,175141,0
2008,381,1,392,"H3","400249",8,1053742,1053742,5547367,0
2008,381,1,392,"H3","391190",8,155136,155136,1484683,0
2008,381,2,392,"H3","391190",8,167,167,11944,0
2008,381,1,392,"H3","391390",8,672,672,196955,0
2008,381,2,392,"H3","391390",8,126327,126327,777283,0
2008,381,1,392,"H3","3916",8,11723,11723,324369,0
2008,381,2,124,"H3","400299",8,1000,1000,4963,0
2008,381,1,392,"H3","400299",8,4217874,4217874,15145670,0
2008,381,2,392,"H3","400299",8,53813,53813,160670,0
2008,381,2,392,"H3","3916",8,62128,62128,472116,0
2008,381,2,392,"H3","391721",8,1291,1291,41511,0
2008,381,1,392,"H3","391732",8,14973,14973,225633,0
2008,381,2,392,"H3","391732",8,355,355,37795,0
2008,381,1,392,"H3","3918",8,3594,3594,228350,0
2008,381,2,392,"H3","3918",8,22797,22797,115264,0
2008,381,1,392,"H3","3921",8,1422002,1422002,11834594,0
2008,381,2,392,"H3","3921",8,157996,157996,1696415,0
2008,381,1,124,"H3","4005",8,140,140,2298,0
2008,381,2,124,"H3","4005",8,194306,194306,2606427,0
2008,381,1,392,"H3","4005",8,62774,62774,937357,0
2008,381,2,392,"H3","4005",8,714,714,7918,0
2008,381,1,124,"H3","400510",8,140,140,2298,0
2008,381,2,124,"H3","400510",8,3973,3973,19743,0
2008,381,1,392,"H3","400510",8,61454,61454,930292,0
2008,381,2,124,"H3","400520",8,2190,2190,9769,0
2008,381,1,392,"H3","3902",8,762932,762932,2421628,0
2008,381,2,392,"H3","3902",8,1391361,1391361,2331602,0
2008,381,1,124,"H3","392350",8,7347,7347,71499,0
2008,381,2,124,"H3","400599",8,10767,10767,47583,0
2008,381,1,392,"H3","400599",8,600,600,4906,0
2008,381,2,392,"H3","400599",8,52,52,3641,0
2008,381,2,124,"H3","4006",8,5114,5114,26762,0
2008,381,1,392,"H3","4006",8,13,13,6167,0
2008,381,2,392,"H3","4006",8,120,120,5316,0
2008,381,2,392,"H3","400610",8,120,120,5316,0
2008,381,2,124,"H3","400690",8,5114,5114,26762,0
2008,381,1,392,"H3","400690",8,13,13,6167,0
2008,381,2,124,"H3","392350",8,272013,272013,2244642,0
2008,381,1,124,"H3","4003",8,120000,120000,106085,0
2008,381,1,124,"H3","4008",8,59599,59599,667900,0
2008,381,2,124,"H3","4008",8,435361,435361,1236077,0
2008,381,1,392,"H3","4008",8,139513,139513,2030529,0
2008,381,2,392,"H3","4008",8,1208126,1208126,11117902,0
2008,381,2,124,"H3","400811",8,3685,3685,34164,0
2008,381,1,392,"H3","400811",8,70346,70346,874237,0
2008,381,2,392,"H3","400811",8,211382,211382,7225242,0
2008,381,1,124,"H3","400819",8,5450,5450,71932,0
2008,381,2,124,"H3","400819",8,4423,4423,40481,0
2008,381,1,392,"H3","400819",8,4535,4535,75172,0
2008,381,1,124,"H3","400821",8,54149,54149,595968,0
2008,381,2,124,"H3","400821",8,427088,427088,1159282,0
2008,381,1,392,"H3","400821",8,38958,38958,781988,0
2008,381,2,392,"H3","400821",8,984177,984177,3727455,0
2008,381,2,124,"H3","400829",8,165,165,2149,0
2008,381,1,124,"H3","400300",8,120000,120000,106085,0
2008,381,1,392,"H3","3922",8,155,155,5977,0
2008,381,2,392,"H3","3922",8,7192,7192,154154,0
2008,381,1,392,"H3","40",1,,,152732216,0
2008,381,2,392,"H3","40",1,,,36331629,0
2008,381,1,392,"H3","390710",8,813730,813730,2428905,0
2008,381,2,124,"H3","400911",8,15910,15910,99509,0
2008,381,1,392,"H3","400911",8,185469,185469,2181918,0
2008,381,2,392,"H3","400911",8,24854,24854,139139,0
2008,381,1,124,"H3","400912",8,168,168,7390,0
2008,381,2,124,"H3","400912",8,5421,5421,36831,0
2008,381,1,392,"H3","400912",8,50554,50554,1733611,0
2008,381,2,392,"H3","400912",8,3972,3972,24726,0
2008,381,2,124,"H3","400921",8,1259903,1259903,7647218,0
2008,381,1,392,"H3","400921",8,453072,453072,2298887,0
2008,381,2,392,"H3","400921",8,242396,242396,1821344,0
2008,381,1,124,"H3","400922",8,721,721,13545,0
2008,381,2,124,"H3","400922",8,24265,24265,530242,0
2008,381,1,392,"H3","3704",8,416,416,41407,0
2008,381,1,124,"H3","400931",8,950,950,5433,0
2008,381,2,124,"H3","400931",8,243408,243408,1820519,0
2008,381,1,392,"H3","400931",8,24860,24860,485022,0
2008,381,2,392,"H3","400931",8,12422,12422,79054,0
2008,381,2,124,"H3","400932",8,556,556,22483,0
2008,381,1,392,"H3","400932",8,74,74,6259,0
2008,381,2,392,"H3","400932",8,4445,4445,37338,0
2008,381,2,124,"H3","400941",8,24267,24267,177016,0
2008,381,1,392,"H3","400941",8,6,6,1718,0
2008,381,1,124,"H3","400942",8,10783,10783,61037,0
2008,381,2,124,"H3","400942",8,172467,172467,1020240,0
2008,381,1,392,"H3","400942",8,33063,33063,478943,0
2008,381,2,392,"H3","400942",8,79019,79019,657243,0
2008,381,1,124,"H3","4010",8,1300,1300,24446,0
2008,381,2,124,"H3","4010",8,118665,118665,1566944,0
2008,381,1,392,"H3","391110",8,560955,560955,1341160,0
2008,381,2,392,"H3","391110",8,588,588,7821,0
2008,381,2,124,"H3","401011",8,850,850,5739,0
2008,381,2,124,"H3","401012",8,39030,39030,381116,0
2008,381,1,392,"H3","391231",8,5880,5880,50211,0
2008,381,1,392,"H3","3914",8,252902,252902,1688639,0
2008,381,2,392,"H3","3914",8,225460,225460,649459,0
2008,381,1,392,"H3","391710",8,28461,28461,718908,0
2008,381,1,392,"H3","401031",8,511,511,34129,0
2008,381,2,392,"H3","401031",8,595,595,23625,0
2008,381,2,392,"H3","391710",8,650,650,1734,0
2008,381,1,392,"H3","401035",8,10,10,1910,0
2008,381,1,124,"H3","401039",8,1300,1300,24446,0
2008,381,2,124,"H3","401039",8,811,811,23228,0
2008,381,1,392,"H3","401039",8,21240,21240,1301742,0
2008,381,2,392,"H3","401039",8,6455,6455,343564,0
2008,381,1,124,"H3","4011",5,3780,75319,462912,0
2008,381,2,124,"H3","4011",5,295552,3180675,15337669,0
2008,381,1,392,"H3","4011",5,1282137,11850610,69724704,0
2008,381,2,392,"H3","4011",5,155611,2870093,14495871,0
2008,381,1,124,"H3","401110",5,3555,38713,264946,0
2008,381,2,124,"H3","401110",5,204791,1789259,8745626,0
2008,381,1,392,"H3","391740",8,247,247,24808,0
2008,381,2,392,"H3","391740",8,14502,14502,216214,0
2008,381,2,124,"H3","401120",5,11427,681104,2803383,0
2008,381,1,392,"H3","401120",5,43767,563638,3019969,0
2008,381,2,392,"H3","401120",5,29029,1718300,7205096,0
2008,381,1,392,"H3","391890",8,1971,1971,169762,0
2008,381,2,392,"H3","391890",8,6375,6375,82936,0
2008,381,1,124,"H3","392020",8,66208,66208,170091,0
2008,381,2,124,"H3","392020",8,2529516,2529516,8048847,0
2008,381,1,392,"H3","392020",8,24703,24703,448760,0
2008,381,2,392,"H3","392020",8,26866,26866,273894,0
2008,381,2,124,"H3","401150",5,7188,2807,92344,0
2008,381,1,392,"H3","401150",5,17793,6008,192440,0
2008,381,2,392,"H3","401150",5,4335,1009,123467,0
2008,381,1,392,"H3","3926",8,158975,158975,6550519,0
2008,381,2,392,"H3","3926",8,1457382,1457382,16979163,0
2008,381,1,392,"H3","392620",8,4,4,1807,0
2008,381,2,392,"H3","392620",8,3433,3433,448249,0
2008,381,2,124,"H3","401163",5,141,45440,255862,0
2008,381,1,392,"H3","401163",5,2106,543974,3094980,0
2008,381,2,392,"H3","401163",5,160,37410,185397,0
2008,381,2,124,"H3","401169",5,144,1099,9009,0
2008,381,1,392,"H3","401169",5,8,154,8519,0
2008,381,2,124,"H3","401192",5,16,5288,24545,0
2008,381,1,392,"H3","401192",5,10,600,4622,0
2008,381,2,392,"H3","401192",5,1574,94352,741132,0
2008,381,1,124,"H3","401199",5,4,13090,61755,0
2008,381,2,124,"H3","401199",5,59699,571779,2875949,0
2008,381,1,392,"H3","401199",5,2867,258374,1975671,0
2008,381,2,392,"H3","401199",5,2267,32059,224694,0
2008,381,1,124,"H3","4012",1,,7864,16474,0
2008,381,2,124,"H3","4012",1,,6555,183809,0
2008,381,1,392,"H3","4012",1,,139127,120559,0
2008,381,2,392,"H3","4012",1,,40808,369359,0
2008,381,2,124,"H3","401211",5,1200,1508,34453,0
2008,381,2,392,"H3","401211",5,2893,34309,231769,0
2008,381,1,392,"H3","392690",8,153656,153656,6391821,0
2008,381,2,392,"H3","392690",8,1419753,1419753,15548194,0
2008,381,2,392,"H3","400129",8,7,7,3370,0
2008,381,2,124,"H3","401019",8,77974,77974,1156860,0
2008,381,1,124,"H3","401220",5,736,7766,14839,0
2008,381,1,392,"H3","401220",5,5123,139127,120559,0
2008,381,1,392,"H3","401019",8,11581,11581,127829,0
2008,381,2,392,"H3","401019",8,6119,6119,262789,0
2008,381,2,124,"H3","4013",5,6984,48271,246890,0
2008,381,1,392,"H3","4013",5,25,100,1991,0
2008,381,2,392,"H3","4013",5,2911,6194,80577,0
2008,381,2,124,"H3","401310",5,3629,18460,97320,0
2008,381,1,392,"H3","401310",5,25,100,1991,0
2008,381,2,392,"H3","401310",5,1660,5501,30747,0
2008,381,2,392,"H3","401320",5,710,199,32710,0
2008,381,2,124,"H3","401390",5,3355,29811,149570,0
2008,381,2,392,"H3","401390",5,541,494,17119,0
2008,381,2,392,"H3","4014",8,298,298,12242,0
2008,381,2,392,"H3","401490",8,298,298,12242,0
2008,381,2,124,"H3","4015",8,169,169,29608,0
2008,381,1,392,"H3","4015",8,15,15,3945,0
2008,381,2,392,"H3","4015",8,6088,6088,779188,0
2008,381,1,392,"H3","392092",8,454164,454164,2529589,0
2008,381,2,124,"H3","401519",8,8,8,1821,0
2008,381,1,392,"H3","401519",8,15,15,3945,0
2008,381,2,392,"H3","401519",8,3068,3068,102713,0
2008,381,2,124,"H3","401590",8,161,161,27787,0
2008,381,2,392,"H3","401590",8,2582,2582,558456,0
2008,381,1,124,"H3","4016",8,589822,589822,990971,0
2008,381,2,124,"H3","4016",8,48917,48917,2177710,0
2008,381,1,392,"H3","4016",8,1861723,1861723,18184994,0
2008,381,2,392,"H3","4016",8,197855,197855,3001888,0
2008,381,2,124,"H3","401610",8,313,313,10423,0
2008,381,1,392,"H3","401610",8,3028,3028,98571,0
2008,381,2,392,"H3","401610",8,18753,18753,588000,0
2008,381,2,124,"H3","400591",8,177376,177376,2529331,0
2008,381,1,392,"H3","400591",8,720,720,2160,0
2008,381,2,392,"H3","400591",8,662,662,4277,0
2008,381,1,392,"H3","392530",8,6329,6329,240259,0
2008,381,1,392,"H3","401032",8,98,98,78062,0
2008,381,1,124,"H3","401693",8,332,332,35004,0
2008,381,2,124,"H3","401693",8,4318,4318,742069,0
2008,381,1,392,"H3","401693",8,11912,11912,792046,0
2008,381,2,392,"H3","401693",8,2236,2236,109540,0
2008,381,1,392,"H3","401694",8,126025,126025,479201,0
2008,381,1,124,"H3","401695",8,1425,1425,29621,0
2008,381,2,392,"H3","401695",8,823,823,24421,0
2008,381,1,124,"H3","401699",8,76139,76139,388133,0
2008,381,2,124,"H3","401699",8,29439,29439,1386488,0
2008,381,1,392,"H3","401699",8,1704565,1704565,16737426,0
2008,381,2,392,"H3","401699",8,175130,175130,2265024,0
2008,381,1,124,"H3","4017",8,2818,2818,162094,0
2008,381,2,124,"H3","4017",8,1481,1481,49185,0
2008,381,1,392,"H3","4017",8,16,16,2141,0
2008,381,2,392,"H3","4017",8,24938,24938,679972,0
2008,381,1,124,"H3","401700",8,2818,2818,162094,0
2008,381,2,124,"H3","401700",8,1481,1481,49185,0
2008,381,1,392,"H3","401700",8,16,16,2141,0
2008,381,2,392,"H3","401700",8,24938,24938,679972,0
2008,381,1,124,"H3","41",1,,,6555201,0
2008,381,2,124,"H3","41",1,,,60481935,0
2008,381,2,392,"H3","401219",5,61,6159,135769,0
2008,381,2,392,"H3","400922",8,11052,11052,170711,0
2008,381,1,124,"H3","4101",8,2291972,2291972,6121959,6
2008,381,2,124,"H3","4101",8,1475,1475,33801,0
2008,381,1,124,"H3","400231",8,19227,19227,107278,0
2008,381,1,124,"H3","410120",8,1089761,1089761,3134528,0
2008,381,2,124,"H3","410120",8,455,455,9336,0
2008,381,2,392,"H3","410120",8,138959,138959,370070,0
2008,381,1,124,"H3","410150",8,1202211,1202211,2987431,6
2008,381,2,392,"H3","410150",8,18819,18819,132056,6
2008,381,2,124,"H3","410190",8,1020,1020,24465,0
2008,381,2,392,"H3","410190",8,891,891,9899,0
2008,381,2,124,"H3","4102",8,336,336,21804,0
2008,381,2,392,"H3","4102",8,10,10,5785,0
2008,381,2,124,"H3","410229",8,336,336,21804,0
2008,381,2,392,"H3","410229",8,10,10,5785,0
2008,381,1,392,"H3","400231",8,800,800,3710,0
2008,381,1,124,"H3","400239",8,154514,154514,828132,0
2008,381,1,392,"H3","410390",8,7,7,3157,0
2008,381,2,392,"H3","410390",8,61112,61112,183163,0
2008,381,1,124,"H3","4104",8,44563,44563,128727,0
2008,381,2,124,"H3","4104",8,94296,94296,3016674,0
2008,381,1,392,"H3","3910",8,7068,7068,354336,0
2008,381,2,392,"H3","3910",8,19717,19717,175141,0
2008,381,1,124,"H3","410411",8,15535,15535,60818,0
2008,381,2,124,"H3","410411",8,20320,20320,1089783,0
2008,381,1,392,"H3","410411",8,21,21,1740,0
2008,381,2,392,"H3","410411",8,23797,23797,676670,0
2008,381,1,124,"H3","410419",8,29028,29028,67909,0
2008,381,2,124,"H3","410419",8,9154,9154,385355,0
2008,381,1,392,"H3","410419",8,1232,1232,20204,0
2008,381,2,392,"H3","410419",8,38483,38483,386844,0
2008,381,2,124,"H3","410441",8,1271,1271,101604,0
2008,381,1,392,"H3","410441",8,91,91,15681,0
2008,381,2,392,"H3","410441",8,4357,4357,224786,0
2008,381,2,124,"H3","410449",8,63551,63551,1439931,0
2008,381,1,392,"H3","410449",8,1717,1717,156425,0
2008,381,2,392,"H3","410449",8,51410,51410,805674,0
2008,381,1,124,"H3","4105",8,88,88,8763,0
2008,381,2,124,"H3","4105",8,77,77,13948,0
2008,381,2,392,"H3","4105",8,261,261,49191,0
2008,381,1,392,"H3","400239",8,10200,10200,112774,0
2008,381,1,124,"H3","410530",8,88,88,8763,0
2008,381,2,124,"H3","410530",8,77,77,13948,0
2008,381,2,392,"H3","410530",8,154,154,42734,0
2008,381,1,124,"H3","4106",1,,91,6193,0
2008,381,2,124,"H3","4106",1,,1088,197989,0
2008,381,1,392,"H3","4106",1,,170,23820,0
2008,381,2,392,"H3","4106",1,,8419,244327,0
2008,381,1,124,"H3","410621",8,91,91,6193,0
2008,381,2,392,"H3","410621",8,114,114,18012,0
2008,381,2,124,"H3","410622",8,1000,1000,121937,0
2008,381,2,392,"H3","410622",8,8007,8007,152306,0
2008,381,2,392,"H3","4010",8,16344,16344,691286,0
2008,381,2,392,"H3","410640",8,52,52,45705,0
2008,381,1,392,"H3","400260",8,666037,666037,2774261,0
2008,381,2,124,"H3","401290",8,2084,2084,75498,0
2008,381,1,392,"H3","391239",8,28180,28180,466550,0
2008,381,1,124,"H3","4107",8,28497,28497,270794,0
2008,381,2,124,"H3","4107",8,1410109,1410109,48162182,0
2008,381,2,392,"H3","401511",8,438,438,118019,0
2008,381,2,392,"H3","391510",8,101920,101920,66353,0
2008,381,1,124,"H3","410711",8,373,373,33427,0
2008,381,2,124,"H3","410711",8,8970,8970,346483,0
2008,381,1,392,"H3","410711",8,64,64,25070,0
2008,381,2,392,"H3","410711",8,17029,17029,1079362,0
2008,381,1,124,"H3","410712",8,25846,25846,223319,0
2008,381,2,124,"H3","410712",8,854097,854097,34972291,0
2008,381,1,392,"H3","410712",8,48,48,7673,0
2008,381,2,392,"H3","410712",8,146719,146719,5973501,0
2008,381,1,124,"H3","410719",8,52,52,2354,0
2008,381,2,124,"H3","410719",8,163694,163694,3837432,0
2008,381,1,392,"H3","400829",8,25674,25674,299132,0
2008,381,2,392,"H3","400829",8,12567,12567,165205,0
2008,381,1,124,"H3","410791",8,1850,1850,4403,0
2008,381,2,124,"H3","410791",8,3499,3499,44983,0
2008,381,1,392,"H3","410791",8,38,38,2230,0
2008,381,2,392,"H3","410791",8,99427,99427,1315778,0
2008,381,2,124,"H3","410792",8,176197,176197,5018134,0
2008,381,1,392,"H3","3920",8,9232465,9232465,81964620,0
2008,381,2,392,"H3","3920",8,851577,851577,6407525,0
2008,381,1,124,"H3","410799",8,376,376,7290,0
2008,381,2,124,"H3","410799",8,203652,203652,3942858,0
2008,381,1,392,"H3","410799",8,114,114,4220,0
2008,381,2,392,"H3","410799",8,64408,64408,2367148,0
2008,381,1,124,"H3","4112",8,374,374,18765,0
2008,381,2,124,"H3","4112",8,62166,62166,6843674,0
2008,381,1,392,"H3","4112",8,123,123,14285,0
2008,381,2,392,"H3","4112",8,18930,18930,1375265,0
2008,381,1,124,"H3","411200",8,374,374,18765,0
2008,381,2,124,"H3","411200",8,62166,62166,6843674,0
2008,381,1,392,"H3","411200",8,123,123,14285,0
2008,381,2,392,"H3","411200",8,18930,18930,1375265,0
2008,381,2,124,"H3","4113",8,981,981,102321,0
2008,381,1,392,"H3","4113",8,455,455,392696,6
2008,381,2,392,"H3","4113",8,7941,7941,840860,0
2008,381,2,124,"H3","411310",8,180,180,16974,0
2008,381,2,392,"H3","411310",8,3252,3252,226805,0
2008,381,1,124,"H3","392079",8,306,306,16452,0
2008,381,2,124,"H3","392079",8,6,6,12835,0
2008,381,2,124,"H3","411330",8,19,19,11543,0
2008,381,1,392,"H3","411330",8,355,355,363546,6
2008,381,2,392,"H3","411330",8,667,667,81679,0
2008,381,2,124,"H3","411390",8,746,746,70204,0
2008,381,1,392,"H3","411390",8,100,100,29150,0
2008,381,2,392,"H3","411390",8,3126,3126,319299,0
2008,381,2,124,"H3","4114",8,77542,77542,1991760,0
2008,381,1,392,"H3","4114",8,83,83,7562,0
2008,381,2,392,"H3","4114",8,10486,10486,833517,0
2008,381,2,124,"H3","411410",8,34419,34419,903462,0
2008,381,1,392,"H3","411410",8,83,83,7562,0
2008,381,2,392,"H3","411410",8,1750,1750,261500,0
2008,381,2,124,"H3","411420",8,43123,43123,1088298,0
2008,381,2,392,"H3","411420",8,8736,8736,572017,0
2008,381,2,124,"H3","4115",8,9634,9634,97782,0
2008,381,1,392,"H3","4115",8,637,637,2072,0
2008,381,2,392,"H3","4115",8,174982,174982,557659,0
2008,381,2,124,"H3","411510",8,9330,9330,72554,0
2008,381,1,392,"H3","411510",8,637,637,2072,0
2008,381,2,392,"H3","411510",8,174123,174123,460617,0
2008,381,1,392,"H3","392079",8,43685,43685,286058,0
2008,381,2,392,"H3","392079",8,13261,13261,545580,0
2008,381,1,124,"H3","42",1,,,301329,0
2008,381,2,124,"H3","42",1,,,28576855,0
2008,381,1,392,"H3","42",1,,,7010891,0
2008,381,2,392,"H3","42",1,,,489300084,0
2008,381,1,124,"H3","4201",8,192,192,8885,0
2008,381,2,124,"H3","4201",8,2388,2388,330176,0
2008,381,1,392,"H3","4201",8,295,295,26848,0
2008,381,2,392,"H3","4201",8,11776,11776,697357,0
2008,381,1,124,"H3","420100",8,192,192,8885,0
2008,381,2,124,"H3","420100",8,2388,2388,330176,0
2008,381,1,392,"H3","420100",8,295,295,26848,0
2008,381,2,392,"H3","420100",8,11776,11776,697357,0
2008,381,1,124,"H3","392092",8,472471,472471,2058050,0
2008,381,1,124,"H3","401691",8,511926,511926,538212,0
2008,381,2,124,"H3","401691",8,14847,14847,38730,0
2008,381,1,392,"H3","392190",8,113752,113752,3087584,0
2008,381,1,124,"H3","420211",5,289,143,9597,2
2008,381,2,124,"H3","420211",5,2454,3366,367593,2
2008,381,2,392,"H3","392190",8,146461,146461,1539609,0
2008,381,1,124,"H3","4009",8,12622,12622,87405,0
2008,381,1,124,"H3","420212",5,5052,3962,23609,2
2008,381,2,124,"H3","420212",5,18075,13131,477215,2
2008,381,1,392,"H3","420212",5,12444,338,58150,2
2008,381,2,392,"H3","420212",5,293455,115258,8403078,2
2008,381,1,124,"H3","420219",1,,35,3418,0
2008,381,2,124,"H3","420219",1,,2569,149015,0
2008,381,1,392,"H3","420219",1,,85,13000,0
2008,381,2,392,"H3","420219",1,,47072,4730788,0
2008,381,1,124,"H3","420221",5,247,98,50951,0
2008,381,2,124,"H3","420221",5,120617,103973,12586375,0
2008,381,2,124,"H3","4009",8,1746197,1746197,11354058,0
2008,381,1,392,"H3","401691",8,15605,15605,70211,0
2008,381,1,124,"H3","420222",5,526,497,31549,0
2008,381,2,124,"H3","420222",5,15474,8968,1908469,0
2008,381,1,392,"H3","420222",5,20708,4855,1371500,0
2008,381,2,392,"H3","420222",5,422043,184094,50081989,0
2008,381,1,124,"H3","420229",5,10,9,4994,0
2008,381,2,124,"H3","420229",5,6751,4553,398591,0
2008,381,2,392,"H3","401691",8,913,913,14904,0
2008,381,1,124,"H3","392321",8,6272,6272,95657,0
2008,381,1,124,"H3","420231",8,97,97,9447,0
2008,381,2,124,"H3","420231",8,8896,8896,1578142,0
2008,381,2,124,"H3","392321",8,74945,74945,502797,0
2008,381,1,392,"H3","392321",8,3118,3118,53229,0
2008,381,1,124,"H3","420232",8,558,558,25042,0
2008,381,2,124,"H3","420232",8,2180,2180,244644,0
2008,381,2,392,"H3","392321",8,13438,13438,101067,0
2008,381,2,392,"H3","4007",8,94,94,1501,0
2008,381,2,124,"H3","420239",8,3482,3482,9002,0
2008,381,1,392,"H3","420239",8,98,98,29350,0
2008,381,2,392,"H3","420239",8,4150,4150,939034,0
2008,381,1,124,"H3","420291",8,5,5,4223,0
2008,381,2,124,"H3","420291",8,3243,3243,668034,0
2008,381,1,392,"H3","420291",8,308,308,84746,0
2008,381,2,392,"H3","420291",8,41495,41495,9997244,0
2008,381,1,124,"H3","420292",8,236,236,9215,0
2008,381,2,124,"H3","420292",8,6406,6406,259029,0
2008,381,2,392,"H3","400700",8,94,94,1501,0
2008,381,1,392,"H3","392350",8,53155,53155,743210,0
2008,381,2,124,"H3","420299",8,6790,6790,93500,0
2008,381,1,392,"H3","420299",8,1560,1560,20334,0
2008,381,2,392,"H3","420299",8,37903,37903,6649829,0
2008,381,1,124,"H3","4203",8,702,702,109764,0
2008,381,2,124,"H3","4203",8,64531,64531,9098434,6
2008,381,1,392,"H3","4203",8,3497,3497,1180553,0
2008,381,2,392,"H3","4203",8,291288,291288,70778005,6
2008,381,1,124,"H3","420310",8,123,123,53064,0
2008,381,2,124,"H3","420310",8,12076,12076,3459729,0
2008,381,2,392,"H3","392350",8,55902,55902,326254,0
2008,381,2,124,"H3","392520",8,12800,12800,169864,0
2008,381,1,124,"H3","420321",8,29,29,2578,0
2008,381,2,124,"H3","420321",8,214,214,53904,6
2008,381,2,392,"H3","392520",8,1897,1897,33477,0
2008,381,1,124,"H3","420329",8,530,530,41706,0
2008,381,2,124,"H3","420329",8,4768,4768,1281399,0
2008,381,1,392,"H3","420329",8,238,238,49123,0
2008,381,2,392,"H3","420329",8,8827,8827,3787312,0
2008,381,1,124,"H3","420330",8,20,20,12416,0
2008,381,2,124,"H3","420330",8,45942,45942,4150649,0
2008,381,1,392,"H3","401692",8,588,588,7538,0
2008,381,1,124,"H3","401162",5,213,23046,128752,0
2008,381,2,124,"H3","420340",8,1531,1531,152753,0
2008,381,1,392,"H3","420340",8,69,69,17082,0
2008,381,2,392,"H3","420340",8,68263,68263,12954385,0
2008,381,1,124,"H3","4205",8,97,97,10635,0
2008,381,2,124,"H3","4205",8,6579,6579,408636,0
2008,381,1,392,"H3","401162",5,180,7501,22901,0
2008,381,2,124,"H3","401213",5,74,82,3271,0
2008,381,1,124,"H3","420500",8,97,97,10635,0
2008,381,2,124,"H3","420500",8,6579,6579,408636,0
2008,381,1,392,"H3","392640",8,1105,1105,22913,0
2008,381,2,392,"H3","392640",8,6115,6115,188385,0
2008,381,1,124,"H3","43",1,,,9620270,0
2008,381,2,124,"H3","43",1,,,1082036,0
2008,381,1,392,"H3","43",1,,,188160,0
2008,381,2,392,"H3","43",1,,,9702922,0
2008,381,1,124,"H3","401219",5,6,98,1636,0
2008,381,2,124,"H3","401219",5,1350,2881,70587,0
2008,381,1,392,"H3","4009",8,747098,747098,7186358,0
2008,381,2,392,"H3","4009",8,378160,378160,2929555,0
2008,381,1,392,"H3","400122",8,60480,60480,167294,0
2008,381,2,392,"H3","4101",8,158669,158669,512024,6
2008,381,1,124,"H3","4302",8,4538,4538,802571,0
2008,381,2,124,"H3","4302",8,942,942,306372,6
2008,381,1,392,"H3","4302",8,13,13,7565,0
2008,381,2,392,"H3","4302",8,3784,3784,525031,6
2008,381,1,392,"H3","4104",8,3061,3061,194050,0
2008,381,2,392,"H3","4104",8,118047,118047,2093975,0
2008,381,2,392,"H3","410632",8,155,155,11405,0
2008,381,2,124,"H3","410692",8,88,88,76052,0
2008,381,1,124,"H3","430219",8,3492,3492,601261,0
2008,381,2,124,"H3","430219",8,921,921,293484,0
2008,381,1,392,"H3","430219",8,4,4,2508,0
2008,381,2,392,"H3","430219",8,1877,1877,448200,0
2008,381,2,392,"H3","401012",8,3175,3175,61308,0
2008,381,1,392,"H3","410692",8,170,170,23820,0
2008,381,1,124,"H3","400270",8,57595,57595,297711,0
2008,381,2,392,"H3","410692",8,91,91,16899,0
2008,381,1,124,"H3","4303",8,55,55,30591,0
2008,381,2,124,"H3","4303",8,1591,1591,775664,0
2008,381,1,392,"H3","4303",8,71,71,180595,0
2008,381,2,392,"H3","4303",8,9045,9045,9092363,0
2008,381,1,124,"H3","430310",8,55,55,30591,0
2008,381,2,124,"H3","430310",8,998,998,536599,0
2008,381,1,392,"H3","430310",8,36,36,139274,0
2008,381,2,392,"H3","430310",8,7351,7351,8132466,0
2008,381,2,124,"H3","430390",8,593,593,239065,0
2008,381,1,392,"H3","430390",8,35,35,41321,0
2008,381,2,392,"H3","430390",8,1694,1694,959897,0
2008,381,1,392,"H3","4107",8,407,407,60447,0
2008,381,1,392,"H3","400270",8,27065,27065,45601,0
2008,381,1,124,"H3","44",1,,,46193908,0
2008,381,2,124,"H3","44",1,,,12474546,0
2008,381,2,392,"H3","401290",8,340,340,1821,0
2008,381,2,392,"H3","4107",8,439851,439851,14285448,0
2008,381,1,124,"H3","4401",8,182024,182024,42454,0
2008,381,2,124,"H3","4401",8,672,672,2467,0
2008,381,2,392,"H3","4401",8,446940,446940,1151874,0
2008,381,2,392,"H3","440122",8,42100,42100,15631,0
2008,381,1,124,"H3","440130",8,182024,182024,42454,0
2008,381,2,124,"H3","440130",8,672,672,2467,0
2008,381,2,392,"H3","440130",8,404840,404840,1136243,0
2008,381,1,392,"H3","410719",8,99,99,19054,0
2008,381,2,392,"H3","410719",8,71211,71211,2219395,0
2008,381,1,124,"H3","4403",12,528,540072,447565,0
2008,381,1,124,"H3","440320",12,43,44826,26325,0
2008,381,1,392,"H3","401110",5,1109183,10123400,58923337,0
2008,381,1,124,"H3","4404",8,2500,2500,2248,0
2008,381,2,124,"H3","4404",8,33150,33150,125319,0
2008,381,1,124,"H3","440420",8,2500,2500,2248,0
2008,381,2,124,"H3","440420",8,33150,33150,125319,0
2008,381,1,124,"H3","4004",8,1873,1873,1921,0
2008,381,2,124,"H3","4004",8,1875411,1875411,1711327,0
2008,381,2,392,"H3","4004",8,622594,622594,728834,0
2008,381,2,392,"H3","401110",5,117227,975558,5863187,0
2008,381,2,124,"H3","411320",8,36,36,3600,0
2008,381,1,124,"H3","440710",12,36523,18766316,31454860,0
2008,381,2,124,"H3","440710",12,7,4600,104055,0
2008,381,2,392,"H3","440710",12,20,13500,30862,0
2008,381,1,124,"H3","401161",5,2,200,2574,0
2008,381,2,124,"H3","392030",8,102158,102158,457425,0
2008,381,2,124,"H3","440729",12,50,30097,124050,2
2008,381,2,392,"H3","440729",12,5980,3446540,9498285,0
2008,381,1,392,"H3","392030",8,50,50,1813,0
2008,381,1,392,"H3","392043",8,170232,170232,742698,0
2008,381,2,124,"H3","440792",12,61,50000,107293,0
2008,381,2,392,"H3","440792",12,371,270510,269807,0
2008,381,2,392,"H3","392043",8,2254,2254,82287,0
2008,381,1,392,"H3","420221",5,9781,8329,3015987,0
2008,381,2,392,"H3","420221",5,1542558,925695,221421036,0
2008,381,1,392,"H3","420310",8,938,938,577342,0
2008,381,2,392,"H3","420310",8,88202,88202,27539934,0
2008,381,1,124,"H3","440799",12,1937,1198266,1677430,0
2008,381,2,124,"H3","440799",12,334,223775,675748,0
2008,381,2,392,"H3","440799",12,1297,783087,2030872,0
2008,381,1,124,"H3","4408",8,269005,269005,2023132,0
2008,381,2,124,"H3","4408",8,162469,162469,1638346,0
2008,381,2,392,"H3","4408",8,74070,74070,797332,0
2008,381,1,124,"H3","440810",8,8183,8183,47094,0
2008,381,2,124,"H3","440810",8,77322,77322,231746,0
2008,381,2,392,"H3","440810",8,28254,28254,174533,0
2008,381,2,392,"H3","401161",5,63,3622,24252,0
2008,381,2,124,"H3","440839",8,51200,51200,889792,0
2008,381,2,392,"H3","440839",8,13630,13630,82998,0
2008,381,1,124,"H3","440890",8,260822,260822,1976038,0
2008,381,2,124,"H3","440890",8,11052,11052,254515,0
2008,381,1,124,"H3","430211",8,996,996,194188,0
2008,381,1,124,"H3","4409",8,94290,94290,354779,0
2008,381,2,124,"H3","4409",8,429257,429257,4567842,0
2008,381,2,124,"H3","430211",8,7,7,9191,6
2008,381,1,124,"H3","430230",8,50,50,7121,0
2008,381,1,124,"H3","440910",8,37359,37359,80981,0
2008,381,2,124,"H3","440910",8,32744,32744,295086,0
2008,381,1,392,"H3","440910",8,11,11,1693,0
2008,381,2,392,"H3","440910",8,20995,20995,355921,0
2008,381,1,124,"H3","440929",8,56931,56931,273798,0
2008,381,2,124,"H3","440929",8,396513,396513,4272756,0
2008,381,2,392,"H3","440929",8,196504,196504,1246297,0
2008,381,1,124,"H3","4410",8,7209979,7209979,2837762,6
2008,381,2,124,"H3","4410",8,266634,266634,390510,0
2008,381,2,392,"H3","4410",8,1580313,1580313,1283365,0
2008,381,1,124,"H3","441011",8,13400,13400,25333,6
2008,381,2,124,"H3","441011",8,23554,23554,15534,0
2008,381,2,392,"H3","441011",8,905424,905424,566024,0
2008,381,2,124,"H3","430230",8,14,14,3697,0
2008,381,2,124,"H3","441019",8,195696,195696,259335,0
2008,381,2,392,"H3","441019",8,580561,580561,539283,0
2008,381,1,124,"H3","441090",8,71336,71336,90703,6
2008,381,2,124,"H3","441090",8,47384,47384,115642,0
2008,381,2,392,"H3","441090",8,94328,94328,178058,0
2008,381,1,124,"H3","4411",8,345,345,11755,6
2008,381,2,124,"H3","4411",8,5925,5925,142934,0
2008,381,2,392,"H3","430230",8,150,150,31957,0
2008,381,2,392,"H3","430400",8,199,199,34820,0
2008,381,2,124,"H3","411520",8,304,304,25228,0
2008,381,2,392,"H3","411520",8,859,859,97042,0
2008,381,1,124,"H3","4301",8,37510,37510,8787109,6
2008,381,2,392,"H3","441114",8,79143,79143,150186,0
2008,381,2,392,"H3","441192",8,5600,5600,10620,0
2008,381,1,124,"H3","441194",8,210,210,1834,6
2008,381,2,124,"H3","441194",8,5925,5925,142934,0
2008,381,1,124,"H3","4412",1,,3397365,3633311,0
2008,381,2,124,"H3","4412",1,,64670,250859,0
2008,381,2,392,"H3","4412",1,,89619,291785,0
2008,381,2,124,"H3","441231",12,46,19500,38140,0
2008,381,2,124,"H3","441232",12,50,45170,212719,0
2008,381,2,392,"H3","441232",12,4,2120,23827,0
2008,381,1,124,"H3","441239",12,7734,3397361,3618660,0
2008,381,1,124,"H3","441299",8,4,4,14651,0
2008,381,2,392,"H3","441299",8,87499,87499,267958,0
2008,381,2,124,"H3","4413",8,19500,19500,159642,0
2008,381,2,392,"H3","4413",8,20180,20180,75085,0
2008,381,2,124,"H3","441300",8,19500,19500,159642,0
2008,381,2,392,"H3","441300",8,20180,20180,75085,0
2008,381,2,124,"H3","4414",8,37753,37753,434966,0
2008,381,1,392,"H3","4414",8,8,8,2843,0
2008,381,2,392,"H3","4301",8,20,20,50707,0
2008,381,2,124,"H3","441400",8,37753,37753,434966,0
2008,381,1,392,"H3","441400",8,8,8,2843,0
2008,381,2,392,"H3","441400",8,38125,38125,522290,0
2008,381,1,124,"H3","4415",1,,89110,179467,0
2008,381,2,124,"H3","4415",1,,54715,175703,0
2008,381,1,392,"H3","430211",8,9,9,5057,0
2008,381,2,392,"H3","430211",8,44,44,39860,6
2008,381,1,124,"H3","441510",1,,77474,150725,0
2008,381,2,124,"H3","441510",5,588,3065,21004,2
2008,381,1,392,"H3","441510",1,,13494,69772,0
2008,381,2,392,"H3","441510",5,2788,3861,99572,2
2008,381,1,124,"H3","441520",5,1440,11636,28742,2
2008,381,2,124,"H3","441520",5,9439,51650,154699,2
2008,381,2,392,"H3","441520",5,14189,350826,287561,2
2008,381,1,124,"H3","401130",5,6,270,4885,0
2008,381,2,124,"H3","401130",5,11966,83866,526909,0
2008,381,1,392,"H3","401130",5,404,3706,43443,0
2008,381,2,124,"H3","440721",12,150,95380,230279,2
2008,381,2,392,"H3","401130",5,956,7783,128646,0
2008,381,1,392,"H3","41",1,,,698089,0
2008,381,2,392,"H3","41",1,,,20981215,0
2008,381,1,392,"H3","410792",8,44,44,2200,0
2008,381,2,392,"H3","410792",8,41057,41057,1330265,0
2008,381,1,392,"H3","4409",8,11,11,1693,0
2008,381,1,124,"H3","4418",8,413554,413554,855817,6
2008,381,2,124,"H3","4418",8,132581,132581,1291230,0
2008,381,1,392,"H3","4418",8,1756,1756,11975,0
2008,381,2,392,"H3","4418",8,207788,207788,1730493,0
2008,381,2,392,"H3","4409",8,217499,217499,1602218,0
2008,381,2,392,"H3","410510",8,107,107,6457,0
2008,381,2,124,"H3","4416",8,706,706,15200,0
2008,381,1,124,"H3","441820",8,9219,9219,34536,0
2008,381,2,124,"H3","441820",8,50180,50180,569245,0
2008,381,1,392,"H3","400259",8,947520,947520,2837254,0
2008,381,2,392,"H3","430220",8,1713,1713,5014,6
2008,381,1,124,"H3","441850",8,86455,86455,145103,0
2008,381,2,124,"H3","441850",8,5850,5850,64842,0
2008,381,2,392,"H3","441850",8,4030,4030,13403,0
2008,381,1,392,"H3","4411",8,51170,51170,33327,6
2008,381,2,392,"H3","4411",8,138598,138598,269349,0
2008,381,1,124,"H3","441879",8,758,758,1988,0
2008,381,2,124,"H3","441879",8,45250,45250,104514,0
2008,381,1,392,"H3","391211",8,6430,6430,47806,0
2008,381,1,124,"H3","441890",8,298523,298523,659411,0
2008,381,2,124,"H3","441890",8,11295,11295,117549,0
2008,381,1,392,"H3","441890",8,1556,1556,10418,0
2008,381,2,392,"H3","441890",8,56799,56799,472506,0
2008,381,2,124,"H3","4419",8,5117,5117,70565,0
2008,381,1,392,"H3","4419",8,1381,1381,44735,0
2008,381,2,392,"H3","4419",8,38283,38283,173038,0
2008,381,2,124,"H3","441900",8,5117,5117,70565,0
2008,381,1,392,"H3","441900",8,1381,1381,44735,0
2008,381,2,392,"H3","441900",8,38283,38283,173038,0
2008,381,1,124,"H3","441112",8,135,135,9921,6
2008,381,2,392,"H3","400280",8,221,221,5826,0
2008,381,1,392,"H3","441700",8,4,4,1625,0
2008,381,1,124,"H3","4407",12,41662,21960171,35673396,2
2008,381,2,124,"H3","442010",8,2757,2757,228370,0
2008,381,2,124,"H3","4407",12,602,403852,1241425,2
2008,381,2,392,"H3","4407",12,7811,4583282,12002680,2
2008,381,1,124,"H3","442090",8,610,610,28241,0
2008,381,2,124,"H3","442090",8,4836,4836,101177,0
2008,381,1,392,"H3","442090",8,932,932,47834,0
2008,381,2,392,"H3","442090",8,27938,27938,409459,0
2008,381,2,392,"H3","4416",8,250,250,8546,0
2008,381,1,124,"H3","400400",8,1873,1873,1921,0
2008,381,2,124,"H3","400400",8,1875411,1875411,1711327,0
2008,381,2,124,"H3","441600",8,706,706,15200,0
2008,381,2,124,"H3","442110",8,923,923,27501,0
2008,381,2,392,"H3","442110",8,4767,4767,176281,0
2008,381,1,124,"H3","442190",8,53452,53452,103981,0
2008,381,2,124,"H3","442190",8,257933,257933,1578038,0
2008,381,2,392,"H3","441700",8,18000,18000,26529,0
2008,381,2,124,"H3","401140",5,180,33,4040,0
2008,381,1,124,"H3","45",1,,,15471,0
2008,381,2,124,"H3","45",1,,,199158,0
2008,381,1,392,"H3","401140",5,105819,343255,2438823,0
2008,381,1,124,"H3","4503",8,485,485,15471,0
2008,381,2,124,"H3","4503",8,10396,10396,146514,0
2008,381,1,124,"H3","440791",12,1662,1166024,1227571,2
2008,381,2,124,"H3","450310",8,9156,9156,71767,0
2008,381,1,124,"H3","450390",8,485,485,15471,0
2008,381,2,124,"H3","450390",8,1240,1240,74746,0
2008,381,2,392,"H3","440791",12,68,32325,96583,2
2008,381,2,124,"H3","4504",8,2045,2045,52644,0
2008,381,2,124,"H3","450410",8,2045,2045,52644,0
2008,381,2,124,"H3","46",1,,,22760,0
2008,381,1,392,"H3","46",1,,,4474,0
2008,381,2,392,"H3","46",1,,,89380,0
2008,381,1,124,"H3","440793",12,742,289415,582063,2
2008,381,2,392,"H3","440793",12,65,20000,56960,2
2008,381,1,392,"H3","441112",8,51170,51170,33327,6
2008,381,2,392,"H3","441113",8,53855,53855,108544,0
2008,381,2,392,"H3","400400",8,622594,622594,728834,0
2008,381,2,124,"H3","4602",8,43,43,1699,0
2008,381,1,392,"H3","4602",8,21,21,4474,0
2008,381,2,392,"H3","4602",8,1413,1413,75946,0
2008,381,1,124,"H3","392114",8,83903,83903,386745,0
2008,381,1,392,"H3","420229",5,190,154,52426,0
2008,381,2,392,"H3","420229",5,166822,71605,12923632,0
2008,381,1,392,"H3","420231",8,2056,2056,751393,0
2008,381,2,392,"H3","420231",8,144063,144063,68747286,0
2008,381,1,124,"H3","47",1,,,279715487,0
2008,381,2,124,"H3","47",1,,,147139,0
2008,381,1,392,"H3","420232",8,1181,1181,82062,0
2008,381,2,392,"H3","420232",8,26113,26113,7321497,0
2008,381,1,392,"H3","392390",8,16724,16724,275846,0
2008,381,2,392,"H3","392390",8,9581,9581,59798,0
2008,381,2,392,"H3","420321",8,4921,4921,1310422,6
2008,381,1,392,"H3","4205",8,332,332,49084,0
2008,381,2,392,"H3","4205",8,60354,60354,7765796,0
2008,381,1,392,"H3","420500",8,332,332,49084,0
2008,381,2,392,"H3","420500",8,60354,60354,7765796,0
2008,381,2,392,"H3","4414",8,38125,38125,522290,0
2008,381,1,124,"H3","430110",8,7923,7923,3502159,6
2008,381,2,124,"H3","441700",8,1842,1842,32453,0
2008,381,1,124,"H3","441810",8,18599,18599,14778,6
2008,381,2,124,"H3","441810",8,20006,20006,435080,0
2008,381,2,392,"H3","441810",8,14967,14967,207284,0
2008,381,1,392,"H3","441820",8,200,200,1558,0
2008,381,1,124,"H3","48",1,,,52731318,0
2008,381,2,124,"H3","48",1,,,39098377,0
2008,381,2,392,"H3","441820",8,112412,112412,866719,0
2008,381,1,124,"H3","4420",8,610,610,28241,0
2008,381,1,124,"H3","4801",8,28715434,28715434,22127542,0
2008,381,2,124,"H3","4801",8,22430,22430,53796,0
2008,381,1,124,"H3","480100",8,28715434,28715434,22127542,0
2008,381,2,124,"H3","480100",8,22430,22430,53796,0
2008,381,1,124,"H3","4802",8,117798,117798,249627,0
2008,381,2,124,"H3","4802",8,702847,702847,2403215,0
2008,381,2,392,"H3","4304",8,199,199,34820,0
2008,381,2,124,"H3","4420",8,7593,7593,329547,0
2008,381,1,124,"H3","480210",8,1776,1776,25979,0
2008,381,2,392,"H3","480210",8,380,380,6541,0
2008,381,1,392,"H3","4420",8,2033,2033,105684,0
2008,381,2,124,"H3","480240",8,500,500,7966,0
2008,381,1,392,"H3","480240",8,5,5,2901,0
2008,381,2,392,"H3","480240",8,1130,1130,14971,0
2008,381,2,392,"H3","4420",8,35252,35252,887666,0
2008,381,2,392,"H3","4405",8,24325,24325,9731,0
2008,381,2,124,"H3","480255",8,686534,686534,2222597,0
2008,381,1,392,"H3","480255",8,1666,1666,42639,0
2008,381,2,392,"H3","480255",8,6587,6587,65560,0
2008,381,1,392,"H3","442190",8,485,485,26614,0
2008,381,2,392,"H3","442190",8,69914,69914,1403474,0
2008,381,1,124,"H3","480257",8,5789,5789,21121,0
2008,381,2,124,"H3","480258",8,12531,12531,146508,0
2008,381,2,392,"H3","4503",8,461,461,30782,0
2008,381,1,124,"H3","470730",8,2839622,2839622,1040610,0
2008,381,2,124,"H3","480269",8,3222,3222,24319,0
2008,381,1,392,"H3","480269",8,240,240,3138,0
2008,381,2,392,"H3","480269",8,16516,16516,13770,0
2008,381,1,124,"H3","4803",8,627651,627651,2119489,0
2008,381,2,124,"H3","4803",8,73468,73468,152486,0
2008,381,1,392,"H3","4803",8,40,40,2267,0
2008,381,2,392,"H3","4803",8,12825,12825,48759,0
2008,381,1,124,"H3","480300",8,627651,627651,2119489,0
2008,381,2,124,"H3","480300",8,73468,73468,152486,0
2008,381,1,392,"H3","48",1,,,21786125,0
2008,381,2,392,"H3","48",1,,,15694471,0
2008,381,1,124,"H3","4804",8,28600432,28600432,25526670,0
2008,381,2,124,"H3","4804",8,42044,42044,81316,0
2008,381,1,392,"H3","4804",8,4500,4500,97946,0
2008,381,2,392,"H3","4804",8,1360,1360,8216,0
2008,381,1,124,"H3","480411",8,1496424,1496424,1440110,0
2008,381,1,124,"H3","480419",8,24970696,24970696,21493847,0
2008,381,2,392,"H3","441871",8,5190,5190,55014,0
2008,381,1,392,"H3","44",1,,,298269,0
2008,381,2,124,"H3","480254",8,60,60,1825,0
2008,381,2,124,"H3","480439",8,2855,2855,26329,0
2008,381,2,124,"H3","480442",8,39189,39189,54987,0
2008,381,2,392,"H3","480459",8,338,338,2596,0
2008,381,1,124,"H3","4805",8,5273,5273,1863,0
2008,381,2,124,"H3","4805",8,24506,24506,132162,0
2008,381,1,392,"H3","4805",8,71318,71318,106714,0
2008,381,2,392,"H3","4805",8,39758,39758,210380,0
2008,381,2,124,"H3","480530",8,20816,20816,40364,0
2008,381,2,392,"H3","480530",8,48,48,1821,0
2008,381,2,392,"H3","44",1,,,23994048,0
2008,381,1,392,"H3","480254",8,200,200,4180,0
2008,381,1,124,"H3","480256",8,1155,1155,7231,0
2008,381,1,392,"H3","442010",8,1101,1101,57849,0
2008,381,2,392,"H3","442010",8,7314,7314,478207,0
2008,381,1,124,"H3","4421",8,53452,53452,103981,0
2008,381,2,124,"H3","4421",8,258856,258856,1605539,0
2008,381,1,392,"H3","4421",8,485,485,26614,0
2008,381,2,392,"H3","4421",8,74681,74681,1579755,0
2008,381,2,124,"H3","4806",8,227791,227791,1281607,0
2008,381,2,392,"H3","4806",8,557224,557224,1027414,0
2008,381,2,124,"H3","480620",8,197240,197240,1194863,0
2008,381,2,392,"H3","480630",8,15290,15290,57589,0
2008,381,2,124,"H3","480640",8,30551,30551,86744,0
2008,381,1,392,"H3","480256",8,13,13,4082,0
2008,381,1,124,"H3","4808",8,13958,13958,25889,0
2008,381,2,124,"H3","4808",8,3415,3415,28937,0
2008,381,1,392,"H3","4808",8,13,13,1652,0
2008,381,2,392,"H3","4808",8,13488,13488,53788,0
2008,381,2,392,"H3","450390",8,461,461,30782,0
2008,381,1,124,"H3","480890",8,13958,13958,25889,0
2008,381,2,124,"H3","480890",8,3415,3415,28937,0
2008,381,1,392,"H3","480890",8,13,13,1652,0
2008,381,2,392,"H3","480890",8,13441,13441,52292,0
2008,381,2,392,"H3","4809",8,407,407,77916,0
2008,381,2,124,"H3","4601",8,3432,3432,21061,0
2008,381,2,392,"H3","480990",8,99,99,75025,0
2008,381,1,124,"H3","4810",8,325512,325512,355274,0
2008,381,2,124,"H3","4810",8,17663901,17663901,22371441,0
2008,381,2,392,"H3","4601",8,508,508,13434,0
2008,381,2,124,"H3","460199",8,3432,3432,21061,0
2008,381,1,392,"H3","481013",8,1947,1947,44695,0
2008,381,2,392,"H3","481013",8,1250,1250,6786,0
2008,381,2,392,"H3","460199",8,490,490,9088,0
2008,381,2,392,"H3","460211",8,70,70,4156,0
2008,381,1,124,"H3","470500",8,23919986,23919986,14793597,0
2008,381,2,124,"H3","481019",8,15544124,15544124,20023979,0
2008,381,1,392,"H3","481019",8,1805,1805,68552,0
2008,381,2,392,"H3","481019",8,27198,27198,160294,0
2008,381,1,124,"H3","481022",8,47113,47113,101681,0
2008,381,2,124,"H3","481022",8,1246716,1246716,1075584,0
2008,381,1,124,"H3","430160",8,792,792,123477,6
2008,381,2,124,"H3","481029",8,859513,859513,1136505,0
2008,381,1,392,"H3","481029",8,1890,1890,65978,0
2008,381,1,392,"H3","481031",8,15351,15351,29867,0
2008,381,2,392,"H3","481031",8,39013,39013,80707,0
2008,381,1,392,"H3","390799",8,434964,434964,1750307,0
2008,381,2,392,"H3","390799",8,153718,153718,720024,0
2008,381,1,124,"H3","481092",8,217576,217576,219657,0
2008,381,2,124,"H3","481092",8,9462,9462,32532,0
2008,381,2,392,"H3","481092",8,1047,1047,11762,0
2008,381,1,124,"H3","481099",8,20614,20614,11501,0
2008,381,2,124,"H3","481099",8,2484,2484,6721,0
2008,381,1,392,"H3","481099",8,683,683,22731,0
2008,381,2,392,"H3","481099",8,64619,64619,579298,0
2008,381,1,392,"H3","3908",8,418660,418660,2631501,0
2008,381,2,392,"H3","3908",8,177160,177160,1179003,0
2008,381,1,124,"H3","3704",8,44,44,21478,0
2008,381,2,124,"H3","3704",8,37,37,3155,0
2008,381,2,124,"H3","481110",8,52,52,7030,0
2008,381,1,392,"H3","481110",8,333,333,7844,0
2008,381,2,392,"H3","481110",8,133,133,11139,0
2008,381,1,124,"H3","481141",8,39692,39692,296091,0
2008,381,2,124,"H3","481141",8,11210,11210,58912,0
2008,381,1,392,"H3","481141",8,169584,169584,1623562,0
2008,381,2,392,"H3","481141",8,19231,19231,119625,0
2008,381,2,124,"H3","481149",8,24098,24098,150899,0
2008,381,1,392,"H3","481149",8,341211,341211,2468056,0
2008,381,2,392,"H3","481149",8,1638,1638,5437,0
2008,381,2,124,"H3","481151",8,87833,87833,235982,0
2008,381,1,392,"H3","481151",8,46344,46344,440357,0
2008,381,2,392,"H3","481151",8,20043,20043,236259,0
2008,381,2,124,"H3","481159",8,128271,128271,224988,0
2008,381,1,392,"H3","481159",8,737901,737901,4215835,0
2008,381,2,392,"H3","481159",8,21361,21361,128825,0
2008,381,1,124,"H3","481190",8,57036,57036,224899,0
2008,381,2,124,"H3","481190",8,120763,120763,766453,0
2008,381,1,392,"H3","481190",8,413769,413769,6581549,0
2008,381,2,392,"H3","481190",8,13546,13546,192421,0
2008,381,1,124,"H3","480429",8,2133312,2133312,2592713,0
2008,381,2,392,"H3","441872",8,4875,4875,38351,0
2008,381,2,392,"H3","4417",8,18000,18000,26529,0
2008,381,1,124,"H3","480593",8,5273,5273,1863,0
2008,381,2,124,"H3","480593",8,3230,3230,90148,0
2008,381,2,392,"H3","480593",8,24048,24048,33026,0
2008,381,2,392,"H3","480640",8,541934,541934,969825,0
2008,381,1,124,"H3","4814",8,4328,4328,96315,0
2008,381,2,124,"H3","4814",8,981,981,118757,0
2008,381,2,392,"H3","441600",8,250,250,8546,0
2008,381,2,124,"H3","4417",8,1842,1842,32453,0
2008,381,1,392,"H3","4417",8,4,4,1625,0
2008,381,2,124,"H3","481014",8,1602,1602,96119,0
2008,381,1,392,"H3","481014",8,36528,36528,847041,0
2008,381,2,392,"H3","481014",8,69528,69528,108459,0
2008,381,1,124,"H3","4702",8,1694824,1694824,1887091,0
2008,381,1,124,"H3","481490",8,1784,1784,40902,0
2008,381,2,124,"H3","481490",8,910,910,117042,0
2008,381,1,124,"H3","470200",8,1694824,1694824,1887091,0
2008,381,1,124,"H3","470329",8,24238905,24238905,15671624,0
2008,381,1,124,"H3","4816",8,17322,17322,72083,0
2008,381,1,124,"H3","481620",8,17322,17322,72083,0
2008,381,2,124,"H3","4817",8,5519,5519,57370,0
2008,381,2,392,"H3","4817",8,22397,22397,592928,0
2008,381,2,124,"H3","481710",8,3427,3427,24636,0
2008,381,2,392,"H3","481710",8,10532,10532,257301,0
2008,381,2,124,"H3","481720",8,1100,1100,22999,0
2008,381,2,392,"H3","481720",8,2678,2678,192631,0
2008,381,2,124,"H3","481730",8,992,992,9734,0
2008,381,2,392,"H3","481730",8,9187,9187,142996,0
2008,381,1,124,"H3","4818",8,269713,269713,1071284,0
2008,381,2,124,"H3","4818",8,306680,306680,786065,0
2008,381,1,124,"H3","4705",8,23919986,23919986,14793597,0
2008,381,2,124,"H3","4813",8,179405,179405,457368,0
2008,381,1,124,"H3","481810",8,6566,6566,38596,0
2008,381,2,124,"H3","481810",8,2025,2025,12977,0
2008,381,1,124,"H3","481820",8,6493,6493,4928,0
2008,381,2,124,"H3","481820",8,102086,102086,267990,0
2008,381,2,392,"H3","481820",8,4035,4035,51049,0
2008,381,1,124,"H3","481830",8,687,687,3246,0
2008,381,2,124,"H3","481830",8,163690,163690,447547,0
2008,381,2,392,"H3","481830",8,37165,37165,103547,0
2008,381,1,124,"H3","481840",8,672,672,13241,0
2008,381,2,124,"H3","481320",8,92372,92372,255156,0
2008,381,2,392,"H3","481320",8,3120,3120,4337,0
2008,381,2,124,"H3","481390",8,87033,87033,202211,0
2008,381,1,392,"H3","481390",8,1060,1060,15670,0
2008,381,1,124,"H3","481890",8,254845,254845,988078,0
2008,381,2,124,"H3","481890",8,38879,38879,57551,0
2008,381,1,392,"H3","481890",8,1750,1750,37898,0
2008,381,2,392,"H3","481890",8,8848,8848,48675,0
2008,381,1,124,"H3","4819",8,11816,11816,199473,0
2008,381,2,124,"H3","4819",8,639150,639150,2295863,0
2008,381,2,124,"H3","481410",8,71,71,1715,0
2008,381,2,392,"H3","481410",8,155,155,7536,0
2008,381,1,124,"H3","481910",8,7120,7120,60475,0
2008,381,2,124,"H3","481910",8,86983,86983,357471,0
2008,381,1,392,"H3","481910",8,300,300,3546,0
2008,381,2,392,"H3","481910",8,14245,14245,83401,0
2008,381,2,392,"H3","460121",8,18,18,4346,0
2008,381,1,392,"H3","480431",8,4500,4500,97946,0
2008,381,2,392,"H3","480431",8,1022,1022,5620,0
2008,381,2,392,"H3","391910",8,104827,104827,799051,0
2008,381,2,124,"H3","481930",8,407596,407596,1081310,0
2008,381,1,124,"H3","481420",8,2544,2544,55412,0
2008,381,1,392,"H3","481420",8,295,295,34738,0
2008,381,2,392,"H3","481420",8,11830,11830,135722,0
2008,381,1,392,"H3","460290",8,21,21,4474,0
2008,381,2,392,"H3","460290",8,898,898,46519,0
2008,381,1,124,"H3","481950",8,960,960,3803,0
2008,381,2,124,"H3","481950",8,16303,16303,35880,0
2008,381,1,392,"H3","481950",8,60,60,1904,0
2008,381,2,392,"H3","481950",8,60677,60677,391870,0
2008,381,1,392,"H3","4818",8,129855,129855,873657,0
2008,381,2,392,"H3","4818",8,58536,58536,249680,0
2008,381,1,392,"H3","4010",8,33440,33440,1543672,0
2008,381,1,392,"H3","4819",8,40629,40629,120166,0
2008,381,2,392,"H3","4819",8,264344,264344,2290952,0
2008,381,1,392,"H3","480300",8,40,40,2267,0
2008,381,1,392,"H3","4820",8,8464,8464,198132,0
2008,381,2,392,"H3","4820",8,423101,423101,4854992,0
2008,381,1,124,"H3","482010",8,42,42,2398,0
2008,381,2,124,"H3","482010",8,230660,230660,3757649,0
2008,381,1,124,"H3","481039",8,40209,40209,22434,0
2008,381,1,392,"H3","4103",8,7,7,3157,0
2008,381,2,392,"H3","4103",8,61112,61112,183163,0
2008,381,2,392,"H3","480300",8,12825,12825,48759,0
2008,381,2,124,"H3","482030",8,30539,30539,103856,0
2008,381,1,392,"H3","481920",8,6296,6296,76321,0
2008,381,1,392,"H3","480220",8,446858,446858,1950357,0
2008,381,1,124,"H3","482040",8,310,310,6933,0
2008,381,1,392,"H3","391310",8,2320,2320,53856,0
2008,381,2,392,"H3","391310",8,655,655,58548,0
2008,381,2,124,"H3","482050",8,2831,2831,127729,0
2008,381,1,392,"H3","482050",8,2780,2780,14248,0
2008,381,2,392,"H3","482050",8,2564,2564,73485,0
2008,381,2,124,"H3","482090",8,920,920,10898,0
2008,381,2,392,"H3","481920",8,34223,34223,529671,0
2008,381,1,392,"H3","480540",8,59,59,2098,0
2008,381,1,124,"H3","4821",8,483,483,84543,0
2008,381,2,124,"H3","4821",8,60831,60831,2230806,0
2008,381,2,392,"H3","480540",8,14136,14136,162799,0
2008,381,2,392,"H3","4402",8,364240,364240,1195177,0
2008,381,1,124,"H3","482110",8,217,217,57344,0
2008,381,2,124,"H3","482110",8,31886,31886,1316435,0
2008,381,1,392,"H3","391400",8,252902,252902,1688639,0
2008,381,2,392,"H3","391400",8,225460,225460,649459,0
2008,381,1,124,"H3","440399",12,485,495246,421240,0
2008,381,1,392,"H3","381519",8,1013815,1013815,14504394,0
2008,381,2,392,"H3","381519",8,5204,5204,2216488,0
2008,381,1,124,"H3","481850",8,450,450,23195,0
2008,381,1,124,"H3","4823",8,113167,113167,270945,0
2008,381,2,124,"H3","4823",8,99939,99939,1017479,0
2008,381,1,392,"H3","4823",8,50865,50865,870843,0
2008,381,2,392,"H3","4823",8,427661,427661,2841588,0
2008,381,1,124,"H3","482320",8,194,194,5038,0
2008,381,2,124,"H3","482320",8,4483,4483,53506,0
2008,381,1,392,"H3","482320",8,13057,13057,129655,0
2008,381,2,124,"H3","482340",8,895,895,26373,0
2008,381,2,392,"H3","481850",8,3,3,1477,0
2008,381,1,124,"H3","4820",8,352,352,9331,0
2008,381,2,392,"H3","480810",8,47,47,1496,0
2008,381,1,124,"H3","482369",8,7377,7377,57711,0
2008,381,2,124,"H3","482369",8,80287,80287,566722,0
2008,381,2,124,"H3","4820",8,289439,289439,4185445,0
2008,381,1,392,"H3","482370",8,11182,11182,117402,0
2008,381,2,392,"H3","482370",8,1804,1804,23142,0
2008,381,1,124,"H3","482390",8,105596,105596,208196,0
2008,381,2,124,"H3","482390",8,14274,14274,370877,0
2008,381,1,392,"H3","482390",8,23606,23606,566054,0
2008,381,2,392,"H3","482390",8,35363,35363,627132,0
2008,381,1,124,"H3","49",1,,,690144,0
2008,381,2,124,"H3","49",1,,,7798581,0
2008,381,1,124,"H3","481920",8,3666,3666,130947,0
2008,381,1,124,"H3","480261",8,109078,109078,195295,0
2008,381,1,124,"H3","4901",8,8761,8761,217489,0
2008,381,2,124,"H3","4901",8,355307,355307,1959457,0
2008,381,2,392,"H3","480920",8,308,308,2891,0
2008,381,1,392,"H3","4810",8,271489,271489,1260744,0
2008,381,1,124,"H3","490110",8,1763,1763,61745,0
2008,381,2,124,"H3","490110",8,15421,15421,306771,0
2008,381,1,392,"H3","490110",8,2201,2201,91688,0
2008,381,2,392,"H3","490110",8,23664,23664,197123,0
2008,381,2,124,"H3","490191",8,6947,6947,31170,0
2008,381,2,392,"H3","490191",8,263,263,12712,0
2008,381,1,124,"H3","490199",8,6998,6998,155744,0
2008,381,2,124,"H3","490199",8,332939,332939,1621516,0
2008,381,2,392,"H3","4810",8,204208,204208,968861,0
2008,381,2,124,"H3","481920",8,40957,40957,424608,0
2008,381,1,124,"H3","4902",8,384,384,4751,0
2008,381,2,124,"H3","4902",8,92931,92931,1165419,0
2008,381,2,392,"H3","411320",8,896,896,213076,0
2008,381,2,124,"H3","481940",8,87021,87021,393388,0
2008,381,1,124,"H3","4202",1,,5640,172045,0
2008,381,2,124,"H3","4202",1,,167557,18739609,0
2008,381,1,124,"H3","490290",8,384,384,4751,0
2008,381,2,124,"H3","490290",8,92810,92810,1160210,0
2008,381,1,392,"H3","490290",8,12145,12145,209338,0
2008,381,2,392,"H3","490290",8,165025,165025,1426422,0
2008,381,2,124,"H3","4903",8,16617,16617,252474,0
2008,381,1,392,"H3","4903",8,207,207,11400,0
2008,381,2,392,"H3","4903",8,387,387,29395,0
2008,381,2,124,"H3","490300",8,16617,16617,252474,0
2008,381,1,392,"H3","490300",8,207,207,11400,0
2008,381,2,392,"H3","490300",8,387,387,29395,0
2008,381,1,392,"H3","4904",8,288,288,6513,0
2008,381,2,392,"H3","4904",8,6014,6014,285936,0
2008,381,1,392,"H3","4202",1,,27402,5754406,0
2008,381,1,392,"H3","481940",8,24,24,1803,0
2008,381,1,124,"H3","4905",8,247,247,25359,0
2008,381,2,124,"H3","4905",8,33062,33062,300146,0
2008,381,2,392,"H3","4905",8,24661,24661,781722,0
2008,381,1,124,"H3","490510",8,25,25,1970,0
2008,381,2,124,"H3","490510",8,672,672,10856,0
2008,381,2,392,"H3","490510",8,22206,22206,445532,0
2008,381,1,124,"H3","490599",8,222,222,23389,0
2008,381,2,124,"H3","490599",8,32390,32390,289291,0
2008,381,2,392,"H3","4202",1,,1745319,410058926,0
2008,381,1,124,"H3","4907",8,3,3,3938,0
2008,381,2,392,"H3","4907",8,12,12,7991,0
2008,381,1,124,"H3","490700",8,3,3,3938,0
2008,381,2,392,"H3","490700",8,12,12,7991,0
2008,381,1,124,"H3","4908",8,2889,2889,42747,0
2008,381,2,124,"H3","4908",8,15753,15753,402187,0
2008,381,1,392,"H3","4908",8,10396,10396,1067171,0
2008,381,2,392,"H3","4908",8,17092,17092,842567,0
2008,381,1,124,"H3","490890",8,2889,2889,42747,0
2008,381,2,124,"H3","490890",8,15753,15753,402187,0
2008,381,1,392,"H3","490890",8,10396,10396,1067171,0
2008,381,2,392,"H3","490890",8,17092,17092,842567,0
2008,381,2,124,"H3","4909",8,120,120,4798,0
2008,381,1,392,"H3","420211",5,1851,234,90714,2
2008,381,2,392,"H3","420211",5,140850,114072,15408093,2
2008,381,2,124,"H3","490900",8,120,120,4798,0
2008,381,1,392,"H3","490900",8,189,189,11717,0
2008,381,2,392,"H3","490900",8,9618,9618,292350,0
2008,381,1,124,"H3","4910",8,106,106,10378,0
2008,381,2,124,"H3","4910",8,9151,9151,63581,0
2008,381,2,392,"H3","481940",8,151154,151154,1211407,0
2008,381,1,392,"H3","392290",8,155,155,5977,0
2008,381,1,124,"H3","491000",8,106,106,10378,0
2008,381,2,124,"H3","491000",8,9151,9151,63581,0
2008,381,2,392,"H3","392290",8,6897,6897,145710,0
2008,381,1,392,"H3","420292",8,8204,8204,184744,0
2008,381,2,392,"H3","420292",8,33799,33799,3435420,0
2008,381,1,392,"H3","481022",8,213285,213285,181881,0
2008,381,1,392,"H3","400220",8,3549275,3549275,13016377,0
2008,381,1,124,"H3","4811",8,96728,96728,520991,0
2008,381,2,124,"H3","4811",8,372227,372227,1444262,0
2008,381,1,392,"H3","4811",8,1709142,1709142,15337202,0
2008,381,2,392,"H3","4811",8,75952,75952,693706,0
2008,381,2,392,"H3","441879",8,9515,9515,77216,0
2008,381,1,124,"H3","491191",8,2904,2904,149225,0
2008,381,2,124,"H3","491191",8,45685,45685,1224140,0
2008,381,1,392,"H3","491191",8,2249,2249,149310,0
2008,381,2,392,"H3","491191",8,21020,21020,490307,0
2008,381,1,124,"H3","491199",8,2908,2908,116712,0
2008,381,2,124,"H3","491199",8,37494,37494,704490,0
2008,381,1,392,"H3","4802",8,448982,448982,2007298,0
2008,381,2,392,"H3","4802",8,101995,101995,577094,0
2008,381,2,124,"H3","480591",8,460,460,1650,0
2008,381,1,392,"H3","480591",8,71259,71259,104616,0
2008,381,2,392,"H3","480591",8,1301,1301,10699,0
2008,381,2,392,"H3","480592",8,225,225,2036,0
2008,381,1,392,"H3","482340",8,3020,3020,57732,0
2008,381,2,392,"H3","482340",8,1850,1850,11110,0
2008,381,1,392,"H3","5003",8,42684,42684,223686,0
2008,381,2,392,"H3","5003",8,3323,3323,36793,0
2008,381,1,392,"H3","500300",8,42684,42684,223686,0
2008,381,2,392,"H3","500300",8,3323,3323,36793,0
2008,381,2,124,"H3","5004",8,8,8,3052,0
2008,381,1,392,"H3","5004",8,38416,38416,3499725,0
2008,381,2,392,"H3","5004",8,5280,5280,185420,0
2008,381,2,124,"H3","500400",8,8,8,3052,0
2008,381,1,392,"H3","500400",8,38416,38416,3499725,0
2008,381,2,392,"H3","500400",8,5280,5280,185420,0
2008,381,2,392,"H3","45",1,,,30782,0
2008,381,2,392,"H3","490599",8,2455,2455,336189,0
2008,381,1,392,"H3","4909",8,189,189,11717,0
2008,381,2,124,"H3","460219",8,43,43,1699,0
2008,381,2,392,"H3","4909",8,9618,9618,292350,0
2008,381,1,124,"H3","440795",12,491,374822,315571,2
2008,381,2,392,"H3","460219",8,445,445,25271,0
2008,381,2,392,"H3","440795",12,3,3000,1509,2
2008,381,1,124,"H3","470321",8,351013348,351013348,245433126,0
2008,381,1,124,"H3","4704",8,705049,705049,467101,0
2008,381,1,392,"H3","420330",8,2252,2252,537005,0
2008,381,2,392,"H3","420330",8,121075,121075,25185952,0
2008,381,1,124,"H3","5007",8,405,405,70204,0
2008,381,2,124,"H3","5007",8,19276,19276,2964586,0
2008,381,1,392,"H3","5007",8,4382,4382,711756,0
2008,381,2,392,"H3","5007",8,66203,66203,16427908,0
2008,381,2,124,"H3","500710",8,570,570,80703,0
2008,381,1,392,"H3","500710",8,135,135,37812,0
2008,381,2,392,"H3","500710",8,5840,5840,1311802,0
2008,381,1,124,"H3","500720",8,395,395,63685,0
2008,381,2,124,"H3","500720",8,12088,12088,2010058,0
2008,381,1,124,"H3","470720",8,462538,462538,204346,0
2008,381,2,392,"H3","481032",8,1553,1553,21555,0
2008,381,1,124,"H3","500790",8,10,10,6519,0
2008,381,2,124,"H3","500790",8,6618,6618,873825,0
2008,381,2,124,"H3","470720",8,259700,259700,5338,0
2008,381,1,392,"H3","481840",8,128105,128105,835758,0
2008,381,1,124,"H3","51",1,,,76924,0
2008,381,2,124,"H3","51",1,,,25751795,0
2008,381,1,124,"H3","470790",8,478537,478537,217992,0
2008,381,2,124,"H3","470790",8,1581210,1581210,141801,0
2008,381,2,392,"H3","5101",8,195,195,8516,0
2008,381,2,392,"H3","510119",8,5,5,1570,0
2008,381,2,392,"H3","510129",8,190,190,6946,0
2008,381,2,392,"H3","440210",8,364240,364240,1195177,0
2008,381,2,392,"H3","481840",8,8485,8485,44931,0
2008,381,1,392,"H3","4814",8,69209,69209,714293,0
2008,381,2,392,"H3","5103",8,110,110,2583,0
2008,381,2,392,"H3","4814",8,21764,21764,423885,0
2008,381,2,124,"H3","5105",8,149,149,5021,0
2008,381,1,392,"H3","5105",8,2350,2350,87581,0
2008,381,2,392,"H3","5105",8,19004,19004,260662,0
2008,381,2,124,"H3","510510",8,65,65,2857,0
2008,381,1,392,"H3","510510",8,120,120,2916,0
2008,381,2,392,"H3","510510",8,311,311,31544,0
2008,381,2,392,"H3","510521",8,11380,11380,122776,0
2008,381,1,392,"H3","510529",8,2230,2230,84665,0
2008,381,2,392,"H3","510529",8,7094,7094,102194,0
2008,381,2,392,"H3","480258",8,77382,77382,476252,0
2008,381,1,392,"H3","4901",8,20906,20906,677507,0
2008,381,2,124,"H3","5106",8,2470,2470,75723,0
2008,381,2,392,"H3","4901",8,196442,196442,2258301,0
2008,381,1,392,"H3","4910",8,9066,9066,142208,0
2008,381,2,392,"H3","4910",8,11106,11106,181780,0
2008,381,1,392,"H3","481490",8,68914,68914,679555,0
2008,381,2,392,"H3","481490",8,9779,9779,280627,0
2008,381,2,124,"H3","510620",8,554,554,22861,0
2008,381,1,124,"H3","4707",8,3780697,3780697,1462948,0
2008,381,2,124,"H3","4707",8,1840910,1840910,147139,0
2008,381,2,124,"H3","5107",8,10580,10580,283318,0
2008,381,1,392,"H3","482010",8,4640,4640,146169,0
2008,381,2,392,"H3","5107",8,117456,117456,3755455,0
2008,381,2,124,"H3","510710",8,6853,6853,185444,0
2008,381,1,392,"H3","510710",8,68,68,9343,0
2008,381,2,392,"H3","510710",8,77622,77622,2396821,0
2008,381,2,124,"H3","510720",8,3727,3727,97873,0
2008,381,1,392,"H3","510720",8,3867,3867,145809,0
2008,381,2,392,"H3","510720",8,39834,39834,1358634,0
2008,381,2,124,"H3","5108",8,1592,1592,72381,0
2008,381,1,392,"H3","5108",8,382,382,26932,0
2008,381,2,392,"H3","5108",8,15837,15837,1080565,0
2008,381,2,124,"H3","510810",8,122,122,22077,0
2008,381,1,392,"H3","510810",8,56,56,6233,0
2008,381,2,392,"H3","510810",8,8383,8383,590491,0
2008,381,2,124,"H3","510820",8,1470,1470,50304,0
2008,381,1,392,"H3","510820",8,326,326,20699,0
2008,381,2,392,"H3","510820",8,7454,7454,490073,0
2008,381,2,124,"H3","5109",8,13348,13348,491177,0
2008,381,1,392,"H3","5109",8,1984,1984,83455,0
2008,381,2,392,"H3","5109",8,25142,25142,2002811,0
2008,381,2,124,"H3","510910",8,3068,3068,124172,0
2008,381,1,392,"H3","510910",8,32,32,3556,0
2008,381,2,392,"H3","510910",8,12010,12010,1072917,0
2008,381,2,124,"H3","510990",8,10280,10280,367006,0
2008,381,1,392,"H3","510990",8,1952,1952,79899,0
2008,381,2,392,"H3","510990",8,13132,13132,929895,0
2008,381,2,392,"H3","5110",8,50,50,9399,0
2008,381,2,392,"H3","511000",8,50,50,9399,0
2008,381,1,124,"H3","5111",8,342,342,17548,6
2008,381,2,124,"H3","5111",8,127071,127071,3951030,0
2008,381,1,392,"H3","5111",8,18879,18879,1803852,6
2008,381,2,392,"H3","5111",8,150387,150387,10780272,0
2008,381,1,124,"H3","511111",8,108,108,4674,6
2008,381,2,392,"H3","482010",8,134445,134445,2935501,0
2008,381,2,124,"H3","482020",8,24489,24489,185312,0
2008,381,1,124,"H3","491110",8,10179,10179,119546,0
2008,381,2,124,"H3","491110",8,155728,155728,1721889,0
2008,381,1,392,"H3","491110",8,18668,18668,556313,0
2008,381,2,392,"H3","482020",8,220,220,2314,0
2008,381,2,392,"H3","491110",8,866266,866266,9263573,0
2008,381,1,392,"H3","51",1,,,4774450,0
2008,381,2,392,"H3","481960",8,501,501,47774,0
2008,381,2,392,"H3","51",1,,,116227196,0
2008,381,2,392,"H3","5102",8,1233,1233,29034,0
2008,381,1,124,"H3","441012",8,7125243,7125243,2721726,6
2008,381,1,392,"H3","482040",8,300,300,2603,0
2008,381,2,392,"H3","482040",8,1839,1839,69154,0
2008,381,2,392,"H3","510220",8,1135,1135,20401,0
2008,381,2,124,"H3","500200",8,62,62,2569,0
2008,381,2,124,"H3","5005",8,52,52,3315,0
2008,381,2,392,"H3","482361",8,100,100,2362,0
2008,381,2,392,"H3","482369",8,388544,388544,2177842,0
2008,381,1,392,"H3","5005",8,1514,1514,88085,0
2008,381,1,392,"H3","5106",8,171,171,17048,0
2008,381,2,392,"H3","5106",8,25621,25621,838560,0
2008,381,1,392,"H3","4902",8,12145,12145,209338,0
2008,381,2,392,"H3","4902",8,165565,165565,1433578,0
2008,381,1,392,"H3","490400",8,288,288,6513,0
2008,381,2,392,"H3","490400",8,6014,6014,285936,0
2008,381,2,392,"H3","5005",8,55,55,6312,0
2008,381,2,124,"H3","500500",8,52,52,3315,0
2008,381,1,392,"H3","500500",8,1514,1514,88085,0
2008,381,2,392,"H3","500500",8,55,55,6312,0
2008,381,1,124,"H3","440794",12,306,165328,415901,2
2008,381,1,124,"H3","481960",8,70,70,4248,0
2008,381,1,392,"H3","510620",8,81,81,13419,0
2008,381,1,124,"H3","4703",8,375252253,375252253,261104750,0
2008,381,2,124,"H3","440831",8,22895,22895,262293,0
2008,381,2,124,"H3","500600",8,626,626,28890,0
2008,381,2,124,"H3","481960",8,290,290,3207,0
2008,381,1,392,"H3","500600",8,5577,5577,650732,0
2008,381,2,392,"H3","500600",8,460,460,57457,0
2008,381,1,124,"H3","470421",8,705049,705049,467101,0
2008,381,1,392,"H3","481960",8,33938,33938,34089,0
2008,381,2,392,"H3","510620",8,4586,4586,211879,0
2008,381,1,392,"H3","5107",8,3935,3935,155152,0
2008,381,1,392,"H3","500790",8,725,725,124231,0
2008,381,2,392,"H3","500790",8,18784,18784,4064524,0
2008,381,1,392,"H3","482090",8,294,294,4111,0
2008,381,2,392,"H3","482090",8,4448,4448,83153,0
2008,381,1,392,"H3","4821",8,1297,1297,179541,0
2008,381,2,392,"H3","4821",8,9200,9200,769975,0
2008,381,1,392,"H3","482110",8,1016,1016,162660,0
2008,381,2,392,"H3","482110",8,5459,5459,635571,0
2008,381,1,124,"H3","482190",8,266,266,27199,0
2008,381,2,124,"H3","482190",8,28945,28945,914371,0
2008,381,1,392,"H3","482190",8,281,281,16881,0
2008,381,2,392,"H3","482190",8,3741,3741,134404,0
2008,381,2,392,"H3","510330",8,110,110,2583,0
2008,381,1,392,"H3","49",1,,,3035951,0
2008,381,2,392,"H3","49",1,,,17140850,0
2008,381,2,392,"H3","4415",1,,354687,387133,0
2008,381,1,392,"H3","482030",8,450,450,31000,0
2008,381,2,392,"H3","482030",8,279585,279585,1691385,0
2008,381,2,392,"H3","510219",8,98,98,8633,0
2008,381,2,124,"H3","5002",8,62,62,2569,0
2008,381,2,124,"H3","510539",8,84,84,2164,0
2008,381,1,392,"H3","481930",8,11,11,2502,0
2008,381,2,392,"H3","510539",8,219,219,4148,0
2008,381,2,392,"H3","481930",8,3544,3544,26830,0
2008,381,2,124,"H3","510610",8,1916,1916,52861,0
2008,381,2,124,"H3","5006",8,626,626,28890,0
2008,381,1,392,"H3","5006",8,5577,5577,650732,0
2008,381,1,392,"H3","510610",8,90,90,3630,0
2008,381,2,392,"H3","510610",8,21035,21035,626681,0
2008,381,2,392,"H3","5006",8,460,460,57457,0
2008,381,1,392,"H3","4415",1,,13494,69772,0
2008,381,1,392,"H3","4813",8,1060,1060,15670,0
2008,381,2,392,"H3","4813",8,3120,3120,4337,0
2008,381,1,392,"H3","491199",8,9596,9596,204474,0
2008,381,2,392,"H3","491199",8,44244,44244,1273350,0
2008,381,1,124,"H3","50",1,,,70204,0
2008,381,2,124,"H3","50",1,,,3002413,0
2008,381,1,392,"H3","50",1,,,5173985,0
2008,381,2,392,"H3","440500",8,24325,24325,9731,0
2008,381,2,392,"H3","50",1,,,16713889,0
2008,381,2,392,"H3","440725",12,8,14320,17802,2
2008,381,1,392,"H3","490199",8,18705,18705,585819,0
2008,381,2,392,"H3","490199",8,172515,172515,2048466,0
2008,381,2,124,"H3","490210",8,121,121,5209,0
2008,381,2,392,"H3","490210",8,540,540,7156,0
2008,381,1,392,"H3","491000",8,9066,9066,142208,0
2008,381,2,392,"H3","491000",8,11106,11106,181780,0
2008,381,1,124,"H3","4911",8,15991,15991,385483,0
2008,381,2,124,"H3","4911",8,238907,238907,3650520,0
2008,381,1,392,"H3","500720",8,3522,3522,549713,0
2008,381,2,392,"H3","440890",8,32186,32186,539801,0
2008,381,1,392,"H3","4911",8,30513,30513,910097,0
2008,381,2,392,"H3","500720",8,41579,41579,11051582,0
2008,381,1,124,"H3","430180",8,28795,28795,5161473,0
2008,381,2,392,"H3","430180",8,20,20,50707,0
2008,381,2,392,"H3","4911",8,931530,931530,11027230,0
2008,381,2,124,"H3","511111",8,19320,19320,1133021,0
2008,381,1,392,"H3","511111",8,3705,3705,533738,6
2008,381,2,392,"H3","511111",8,53357,53357,5525396,0
2008,381,1,124,"H3","511119",8,74,74,8541,0
2008,381,2,124,"H3","511119",8,21753,21753,779301,0
2008,381,1,392,"H3","511119",8,9835,9835,830487,0
2008,381,2,392,"H3","511119",8,25447,25447,2010237,0
2008,381,2,124,"H3","511120",8,175,175,7905,0
2008,381,1,392,"H3","511120",8,948,948,69072,0
2008,381,2,392,"H3","511120",8,3926,3926,241125,0
2008,381,2,124,"H3","511130",8,82218,82218,1843883,0
2008,381,1,392,"H3","511130",8,1046,1046,82690,6
2008,381,2,392,"H3","511130",8,59016,59016,2200219,0
2008,381,1,124,"H3","511190",8,160,160,4333,0
2008,381,2,124,"H3","511190",8,3605,3605,186921,0
2008,381,1,392,"H3","511190",8,3345,3345,287864,0
2008,381,2,392,"H3","511190",8,8641,8641,803296,0
2008,381,1,124,"H3","5112",8,868,868,59377,6
2008,381,2,124,"H3","5112",8,286414,286414,20823208,0
2008,381,1,392,"H3","5112",8,33977,33977,2595575,6
2008,381,2,392,"H3","5112",8,1121071,1121071,97407563,0
2008,381,1,124,"H3","511211",8,188,188,16082,6
2008,381,2,124,"H3","511211",8,222420,222420,16627152,0
2008,381,1,392,"H3","511211",8,12495,12495,835996,6
2008,381,2,392,"H3","511211",8,789992,789992,67357077,0
2008,381,1,124,"H3","511219",8,325,325,19715,0
2008,381,2,124,"H3","511219",8,43408,43408,2551743,0
2008,381,1,392,"H3","511219",8,8121,8121,720650,0
2008,381,2,392,"H3","511219",8,202104,202104,17930094,0
2008,381,2,124,"H3","511220",8,2347,2347,153937,0
2008,381,1,392,"H3","511220",8,3530,3530,233910,0
2008,381,2,392,"H3","511220",8,19194,19194,1587999,0
2008,381,2,124,"H3","511230",8,7570,7570,426932,0
2008,381,1,392,"H3","511230",8,2045,2045,142045,6
2008,381,2,392,"H3","511230",8,28546,28546,1682079,0
2008,381,1,124,"H3","511290",8,355,355,23579,0
2008,381,2,124,"H3","511290",8,10669,10669,1063444,0
2008,381,1,392,"H3","511290",8,7786,7786,662974,0
2008,381,2,392,"H3","511290",8,81235,81235,8850313,0
2008,381,2,124,"H3","5113",8,754,754,49937,0
2008,381,1,392,"H3","5113",8,170,170,4856,0
2008,381,2,392,"H3","5113",8,1128,1128,51776,0
2008,381,2,124,"H3","511300",8,754,754,49937,0
2008,381,1,392,"H3","511300",8,170,170,4856,0
2008,381,2,392,"H3","511300",8,1128,1128,51776,0
2008,381,1,124,"H3","52",1,,,116360,0
2008,381,2,124,"H3","52",1,,,15513107,0
2008,381,2,124,"H3","5201",8,14204,14204,72081,0
2008,381,2,124,"H3","520100",8,14204,14204,72081,0
2008,381,1,392,"H3","520100",8,1095,1095,5146,0
2008,381,2,392,"H3","520100",8,5042,5042,68524,0
2008,381,2,124,"H3","5204",8,2322,2322,133094,0
2008,381,1,392,"H3","5204",8,21227,21227,518166,0
2008,381,2,392,"H3","5204",8,1383,1383,66714,0
2008,381,2,124,"H3","520411",8,1478,1478,84695,0
2008,381,1,392,"H3","520411",8,468,468,20075,0
2008,381,2,124,"H3","5205",8,47887,47887,261202,0
2008,381,1,392,"H3","5205",8,7848,7848,191131,0
2008,381,2,392,"H3","5205",8,45595,45595,812128,0
2008,381,2,124,"H3","520511",8,29830,29830,128327,0
2008,381,2,124,"H3","520512",8,7358,7358,44516,0
2008,381,1,392,"H3","520512",8,1512,1512,16872,0
2008,381,2,392,"H3","520512",8,114,114,2036,0
2008,381,1,392,"H3","520521",8,368,368,19953,0
2008,381,2,124,"H3","520522",8,735,735,7667,0
2008,381,2,392,"H3","520522",8,10105,10105,43570,0
2008,381,2,392,"H3","520531",8,625,625,28648,0
2008,381,1,392,"H3","520548",8,1635,1635,42600,0
2008,381,2,392,"H3","520548",8,1910,1910,133413,0
2008,381,2,124,"H3","5206",8,1235,1235,67242,0
2008,381,1,392,"H3","5206",8,819,819,26007,0
2008,381,2,392,"H3","5206",8,17676,17676,264670,0
2008,381,2,392,"H3","520615",8,5702,5702,36118,0
2008,381,1,392,"H3","520622",8,53,53,1809,0
2008,381,2,392,"H3","520622",8,6991,6991,40753,0
2008,381,2,392,"H3","520624",8,171,171,1756,0
2008,381,2,392,"H3","520645",8,205,205,12464,0
2008,381,2,124,"H3","5207",8,1763,1763,54451,0
2008,381,1,392,"H3","5207",8,4420,4420,114200,0
2008,381,2,392,"H3","5207",8,2861,2861,71271,0
2008,381,2,124,"H3","520710",8,478,478,14029,0
2008,381,1,392,"H3","520710",8,3221,3221,70596,0
2008,381,2,392,"H3","520710",8,1225,1225,15952,0
2008,381,2,124,"H3","520790",8,1285,1285,40423,0
2008,381,1,392,"H3","520790",8,1199,1199,43604,0
2008,381,2,392,"H3","520790",8,1636,1636,55319,0
2008,381,1,124,"H3","5208",8,17878,17878,109419,6
2008,381,2,124,"H3","5208",8,201091,201091,8461809,6
2008,381,2,124,"H3","520811",8,7883,7883,263860,0
2008,381,1,392,"H3","520811",8,31329,31329,1036115,0
2008,381,2,392,"H3","520811",8,7016,7016,324316,0
2008,381,1,124,"H3","520812",8,15237,15237,40797,0
2008,381,2,124,"H3","520812",8,9893,9893,126183,0
2008,381,1,392,"H3","520812",8,25490,25490,492225,0
2008,381,2,392,"H3","520812",8,12853,12853,793720,0
2008,381,2,124,"H3","520819",8,1108,1108,85231,0
2008,381,1,392,"H3","520819",8,9825,9825,254697,0
2008,381,2,392,"H3","520819",8,2102,2102,145067,0
2008,381,1,392,"H3","520821",8,271,271,8338,0
2008,381,2,392,"H3","520821",8,2318,2318,111146,0
2008,381,2,124,"H3","520822",8,230,230,15415,6
2008,381,1,392,"H3","520822",8,405,405,36132,0
2008,381,2,392,"H3","520822",8,172,172,6203,6
2008,381,2,124,"H3","520829",8,4989,4989,110452,0
2008,381,1,392,"H3","520829",8,10606,10606,490754,0
2008,381,2,392,"H3","520829",8,7405,7405,407801,0
2008,381,2,124,"H3","520831",8,2723,2723,75966,0
2008,381,1,392,"H3","520831",8,14378,14378,438898,0
2008,381,2,392,"H3","520831",8,2362,2362,205626,0
2008,381,2,124,"H3","520832",8,4901,4901,191840,0
2008,381,1,392,"H3","520832",8,19790,19790,899806,0
2008,381,2,392,"H3","520832",8,2551,2551,208723,0
2008,381,2,124,"H3","520833",8,32152,32152,525858,0
2008,381,1,392,"H3","520833",8,4764,4764,207946,0
2008,381,2,392,"H3","520833",8,9539,9539,662548,0
2008,381,2,124,"H3","520839",8,45705,45705,1240264,0
2008,381,1,392,"H3","520839",8,26284,26284,923481,0
2008,381,2,392,"H3","520839",8,15818,15818,1232290,0
2008,381,2,124,"H3","520841",8,500,500,38530,0
2008,381,1,392,"H3","520841",8,302,302,26024,0
2008,381,2,392,"H3","520841",8,3697,3697,368303,0
2008,381,1,124,"H3","520842",8,913,913,18097,0
2008,381,2,124,"H3","520842",8,30952,30952,2139639,0
2008,381,1,392,"H3","520842",8,4210,4210,190457,0
2008,381,1,124,"H3","520843",8,34,34,7016,6
2008,381,2,124,"H3","520843",8,533,533,37200,0
2008,381,1,392,"H3","520843",8,1019,1019,64655,6
2008,381,2,392,"H3","520843",8,3965,3965,605571,0
2008,381,1,124,"H3","520849",8,112,112,6911,0
2008,381,2,124,"H3","520849",8,51129,51129,3208697,0
2008,381,1,392,"H3","520849",8,21109,21109,743137,0
2008,381,2,392,"H3","520849",8,70437,70437,7361128,0
2008,381,2,124,"H3","520851",8,710,710,45861,0
2008,381,1,392,"H3","520851",8,1953,1953,95178,0
2008,381,2,392,"H3","520851",8,4040,4040,591802,0
2008,381,1,124,"H3","520852",8,1582,1582,36599,0
2008,381,2,124,"H3","520852",8,5687,5687,273284,6
2008,381,2,124,"H3","520859",8,1996,1996,83529,0
2008,381,1,392,"H3","520859",8,15712,15712,631586,0
2008,381,2,392,"H3","520859",8,9239,9239,443468,0
2008,381,1,124,"H3","5209",8,170,170,4983,0
2008,381,2,124,"H3","5209",8,73154,73154,1562933,0
2008,381,1,392,"H3","5209",8,621337,621337,13255020,6
2008,381,2,392,"H3","5209",8,115566,115566,4935545,0
2008,381,2,124,"H3","520911",8,220,220,6371,0
2008,381,2,124,"H3","520919",8,500,500,45080,0
2008,381,1,392,"H3","520919",8,7613,7613,372264,0
2008,381,2,392,"H3","520919",8,3121,3121,255102,0
2008,381,1,392,"H3","520921",8,80,80,11613,0
2008,381,2,124,"H3","520922",8,1424,1424,28778,0
2008,381,1,124,"H3","520929",8,170,170,4983,0
2008,381,2,124,"H3","520929",8,4587,4587,186786,0
2008,381,1,392,"H3","520929",8,5927,5927,223441,0
2008,381,2,392,"H3","520929",8,4343,4343,252298,0
2008,381,2,124,"H3","520931",8,312,312,15917,0
2008,381,2,124,"H3","520932",8,3247,3247,96396,0
2008,381,2,124,"H3","520939",8,10267,10267,415906,0
2008,381,1,392,"H3","520939",8,68463,68463,1606882,0
2008,381,2,392,"H3","520939",8,75263,75263,2758682,0
2008,381,1,392,"H3","520941",8,599,599,15930,0
2008,381,2,392,"H3","520941",8,1017,1017,22353,0
2008,381,2,124,"H3","520942",8,46603,46603,580051,0
2008,381,2,124,"H3","520949",8,499,499,20712,0
2008,381,2,124,"H3","520952",8,51,51,1992,0
2008,381,1,392,"H3","520952",8,2398,2398,120596,6
2008,381,2,392,"H3","520952",8,56,56,4184,0
2008,381,2,124,"H3","520959",8,768,768,56802,0
2008,381,1,124,"H3","5210",8,9,9,1957,0
2008,381,2,124,"H3","5210",8,28745,28745,1285742,6
2008,381,1,392,"H3","5210",8,28130,28130,1421492,0
2008,381,2,392,"H3","5210",8,44241,44241,3495702,6
2008,381,2,124,"H3","521011",8,54,54,3534,0
2008,381,2,392,"H3","521011",8,1390,1390,95686,0
2008,381,2,124,"H3","521019",8,845,845,23976,6
2008,381,1,392,"H3","521019",8,435,435,30185,0
2008,381,2,392,"H3","521019",8,1577,1577,63807,6
2008,381,2,124,"H3","521021",8,436,436,23742,0
2008,381,1,392,"H3","521029",8,397,397,33928,0
2008,381,2,392,"H3","521029",8,794,794,85040,0
2008,381,1,124,"H3","521031",8,9,9,1957,0
2008,381,2,124,"H3","521031",8,4317,4317,172767,0
2008,381,1,392,"H3","521031",8,2581,2581,170960,0
2008,381,2,392,"H3","521031",8,4609,4609,418887,0
2008,381,2,124,"H3","521032",8,5182,5182,143377,0
2008,381,2,124,"H3","521039",8,2457,2457,152790,0
2008,381,1,392,"H3","521039",8,3861,3861,256541,0
2008,381,2,392,"H3","521039",8,7893,7893,664022,0
2008,381,2,124,"H3","521041",8,3328,3328,207316,0
2008,381,1,392,"H3","521041",8,220,220,10983,0
2008,381,2,392,"H3","521041",8,5010,5010,331274,0
2008,381,2,124,"H3","521049",8,2518,2518,125684,0
2008,381,2,124,"H3","521059",8,9359,9359,426226,0
2008,381,1,392,"H3","521059",8,13418,13418,646896,0
2008,381,2,392,"H3","521059",8,8377,8377,766614,0
2008,381,2,124,"H3","5211",8,19579,19579,584450,0
2008,381,2,124,"H3","521111",8,11932,11932,284532,0
2008,381,1,392,"H3","521111",8,98,98,4481,0
2008,381,2,392,"H3","521111",8,2351,2351,164302,0
2008,381,2,392,"H3","521049",8,13418,13418,988172,0
2008,381,2,124,"H3","521119",8,132,132,16206,0
2008,381,1,392,"H3","521119",8,52,52,3264,6
2008,381,2,392,"H3","521119",8,530,530,49161,0
2008,381,1,392,"H3","521049",8,5854,5854,215169,0
2008,381,2,392,"H3","520949",8,5208,5208,291660,0
2008,381,1,392,"H3","520949",8,10616,10616,327657,0
2008,381,2,124,"H3","521132",8,683,683,27219,0
2008,381,1,392,"H3","521132",8,1214,1214,72070,0
2008,381,2,392,"H3","521132",8,3829,3829,179625,0
2008,381,2,124,"H3","521139",8,2088,2088,102981,0
2008,381,2,392,"H3","520943",8,3469,3469,243016,0
2008,381,1,392,"H3","520943",8,55,55,4547,0
2008,381,1,392,"H3","521141",8,61,61,2851,6
2008,381,2,392,"H3","521141",8,11213,11213,270415,0
2008,381,2,392,"H3","520932",8,10543,10543,445924,0
2008,381,1,392,"H3","520932",8,8133,8133,276572,0
2008,381,2,392,"H3","520931",8,5312,5312,165558,0
2008,381,1,392,"H3","520931",8,1492,1492,76814,0
2008,381,2,392,"H3","5208",8,195831,195831,16728878,6
2008,381,2,124,"H3","521149",8,4471,4471,137306,0
2008,381,1,392,"H3","521149",8,386,386,26949,6
2008,381,2,392,"H3","521149",8,31173,31173,915032,0
2008,381,1,392,"H3","5208",8,199152,199152,7033089,6
2008,381,2,124,"H3","521159",8,58,58,6281,0
2008,381,1,392,"H3","521159",8,2531,2531,133740,0
2008,381,2,392,"H3","521159",8,2267,2267,72155,0
2008,381,2,124,"H3","5212",1,,29221,1220599,0
2008,381,1,392,"H3","5212",1,,24731,865232,0
2008,381,2,392,"H3","5212",1,,60357,4423475,0
2008,381,2,124,"H3","521211",8,17758,17758,479237,0
2008,381,1,392,"H3","521211",8,5277,5277,100891,0
2008,381,2,392,"H3","521211",8,9470,9470,675051,0
2008,381,2,392,"H3","520642",8,76,76,4010,0
2008,381,2,392,"H3","520632",8,118,118,4892,0
2008,381,1,392,"H3","520632",8,156,156,2216,0
2008,381,2,124,"H3","521213",8,5139,5139,278069,0
2008,381,1,392,"H3","521213",8,2835,2835,223603,0
2008,381,2,392,"H3","521213",8,5001,5001,664150,0
2008,381,2,124,"H3","521214",8,1465,1465,122642,0
2008,381,2,392,"H3","520611",8,138,138,4459,0
2008,381,2,392,"H3","520547",8,2879,2879,40290,0
2008,381,2,124,"H3","521215",1,,364,44103,0
2008,381,2,392,"H3","521215",1,,2865,139002,0
2008,381,1,392,"H3","520547",8,217,217,4264,0
2008,381,2,392,"H3","520532",8,3222,3222,34774,0
2008,381,1,392,"H3","520532",8,115,115,1972,0
2008,381,2,392,"H3","520527",8,2273,2273,37235,0
2008,381,2,124,"H3","521223",8,91,91,9674,0
2008,381,1,392,"H3","521223",8,1752,1752,52152,0
2008,381,2,392,"H3","521223",8,13658,13658,525467,0
2008,381,2,124,"H3","521224",8,478,478,27613,0
2008,381,1,392,"H3","520514",8,24,24,1743,0
2008,381,2,392,"H3","5201",8,5042,5042,68524,0
2008,381,2,124,"H3","521225",8,3304,3304,224907,0
2008,381,1,392,"H3","521225",8,4116,4116,28219,0
2008,381,2,392,"H3","521225",8,4779,4779,519089,0
2008,381,1,124,"H3","53",1,,,8841,0
2008,381,2,124,"H3","53",1,,,1661242,0
2008,381,1,392,"H3","53",1,,,518074,0
2008,381,2,392,"H3","53",1,,,13893174,0
2008,381,1,392,"H3","5201",8,1095,1095,5146,0
2008,381,2,392,"H3","52",1,,,33740934,0
2008,381,1,392,"H3","52",1,,,24159322,0
2008,381,2,392,"H3","521112",8,16,16,2248,0
2008,381,1,392,"H3","521112",8,1100,1100,19837,6
2008,381,2,392,"H3","5211",8,77399,77399,2826487,0
2008,381,1,392,"H3","5211",8,30294,30294,723632,6
2008,381,2,392,"H3","521051",8,595,595,43358,0
2008,381,1,392,"H3","521051",8,559,559,7823,0
2008,381,2,124,"H3","521051",8,249,249,6329,0
2008,381,2,392,"H3","521120",8,847,847,49521,0
2008,381,2,124,"H3","5308",8,2097,2097,111002,0
2008,381,1,392,"H3","5308",8,8862,8862,271731,0
2008,381,2,392,"H3","5308",8,12053,12053,236556,0
2008,381,2,392,"H3","521032",8,578,578,38843,0
2008,381,1,392,"H3","521032",8,805,805,49007,0
2008,381,2,392,"H3","520959",8,2448,2448,211783,0
2008,381,2,124,"H3","530890",8,1043,1043,36799,0
2008,381,1,392,"H3","530890",8,1735,1735,62516,0
2008,381,2,392,"H3","530890",8,521,521,17593,0
2008,381,1,124,"H3","5309",8,106,106,8841,0
2008,381,2,124,"H3","5309",8,24159,24159,1453673,0
2008,381,1,392,"H3","5309",8,2526,2526,179940,0
2008,381,2,392,"H3","5309",8,93586,93586,7043076,0
2008,381,2,124,"H3","530911",8,1519,1519,80835,0
2008,381,1,392,"H3","520959",8,50798,50798,2194346,0
2008,381,1,124,"H3","530919",8,49,49,6211,0
2008,381,2,124,"H3","530919",8,13159,13159,744663,0
2008,381,1,392,"H3","530919",8,1548,1548,103685,0
2008,381,2,392,"H3","530919",8,51491,51491,3713564,0
2008,381,2,124,"H3","530921",8,577,577,44763,0
2008,381,2,392,"H3","530921",8,1939,1939,150122,0
2008,381,1,124,"H3","530929",8,57,57,2630,0
2008,381,2,124,"H3","530929",8,8904,8904,583413,0
2008,381,2,392,"H3","520951",8,267,267,29897,0
2008,381,1,392,"H3","520951",8,184,184,15060,0
2008,381,2,392,"H3","5310",8,325,325,14225,0
2008,381,2,124,"H3","520951",8,67,67,12188,0
2008,381,2,124,"H3","5311",8,2549,2549,94955,0
2008,381,1,392,"H3","5311",8,454,454,49960,0
2008,381,2,392,"H3","5311",8,66059,66059,4981365,0
2008,381,2,124,"H3","531100",8,2549,2549,94955,0
2008,381,1,392,"H3","521139",8,1625,1625,115276,0
2008,381,2,392,"H3","521139",8,20676,20676,925071,0
2008,381,1,124,"H3","54",1,,,176437,0
2008,381,2,124,"H3","54",1,,,7459641,0
2008,381,2,124,"H3","5401",8,156,156,11183,0
2008,381,2,124,"H3","540110",8,156,156,11183,0
2008,381,1,124,"H3","5402",8,12221,12221,73606,0
2008,381,2,124,"H3","5402",8,76330,76330,578591,0
2008,381,2,124,"H3","521142",8,41,41,3199,0
2008,381,2,124,"H3","540219",8,42632,42632,266325,0
2008,381,2,124,"H3","540231",8,22855,22855,179426,0
2008,381,2,124,"H3","540232",8,44,44,1705,0
2008,381,2,124,"H3","520943",8,4575,4575,93962,0
2008,381,1,124,"H3","540245",8,7678,7678,37848,0
2008,381,2,124,"H3","540245",8,7892,7892,78509,0
2008,381,2,392,"H3","520942",8,2257,2257,77299,0
2008,381,2,124,"H3","540251",8,495,495,10423,0
2008,381,2,124,"H3","540261",8,402,402,6748,0
2008,381,1,392,"H3","520942",8,457465,457465,7744418,0
2008,381,2,124,"H3","5403",8,2550,2550,39320,0
2008,381,1,392,"H3","521142",8,20255,20255,309600,0
2008,381,2,392,"H3","521142",8,644,644,35459,0
2008,381,2,124,"H3","540341",8,2463,2463,34214,0
2008,381,1,124,"H3","5404",8,13,13,4593,0
2008,381,2,124,"H3","5404",8,276808,276808,574721,0
2008,381,1,124,"H3","540419",8,13,13,4593,0
2008,381,2,124,"H3","540419",8,251059,251059,508518,0
2008,381,2,124,"H3","540490",8,25749,25749,66203,0
2008,381,2,392,"H3","520922",8,1201,1201,74917,0
2008,381,1,392,"H3","520922",8,1791,1791,53218,0
2008,381,1,124,"H3","540710",8,100,100,3587,0
2008,381,2,124,"H3","540710",8,7951,7951,83840,0
2008,381,1,124,"H3","540720",8,16384,16384,55870,0
2008,381,2,124,"H3","540720",8,1046,1046,70468,0
2008,381,2,392,"H3","520911",8,516,516,83667,0
2008,381,2,124,"H3","540742",8,366,366,32187,0
2008,381,2,124,"H3","540743",8,149,149,4957,0
2008,381,2,124,"H3","540744",8,18,18,4987,0
2008,381,2,124,"H3","540752",8,6453,6453,302725,0
2008,381,2,124,"H3","540753",8,3099,3099,143416,0
2008,381,2,124,"H3","540754",8,2498,2498,169658,6
2008,381,1,124,"H3","540761",8,105,105,11946,0
2008,381,2,124,"H3","540761",8,19282,19282,770152,0
2008,381,2,124,"H3","540769",8,2885,2885,325204,0
2008,381,1,124,"H3","540772",8,18,18,3729,0
2008,381,2,124,"H3","540772",8,748,748,27624,0
2008,381,2,124,"H3","540773",8,9511,9511,197807,0
2008,381,1,392,"H3","520911",8,2532,2532,125030,0
2008,381,2,392,"H3","520852",8,13202,13202,464875,6
2008,381,2,124,"H3","540782",8,608,608,27844,0
2008,381,2,124,"H3","540783",8,2072,2072,58954,0
2008,381,2,124,"H3","540784",8,180,180,3461,0
2008,381,2,124,"H3","540792",8,2685,2685,209811,0
2008,381,2,124,"H3","540793",8,10265,10265,475960,0
2008,381,1,124,"H3","540794",8,189,189,10249,0
2008,381,2,124,"H3","540794",8,26594,26594,584850,0
2008,381,1,124,"H3","5408",8,204,204,7632,0
2008,381,2,124,"H3","5408",8,76921,76921,2680979,0
2008,381,2,124,"H3","540810",8,713,713,13391,0
2008,381,2,124,"H3","540821",8,15780,15780,462935,0
2008,381,1,124,"H3","540822",8,200,200,5928,0
2008,381,2,124,"H3","540822",8,10241,10241,266714,0
2008,381,1,392,"H3","520852",8,10452,10452,408187,0
2008,381,2,124,"H3","540824",8,5159,5159,153229,0
2008,381,2,392,"H3","520842",8,26963,26963,2675247,0
2008,381,2,124,"H3","540832",8,11102,11102,697680,0
2008,381,2,124,"H3","540833",8,5197,5197,266409,0
2008,381,1,124,"H3","540834",8,4,4,1705,0
2008,381,2,124,"H3","540834",8,7961,7961,237751,0
2008,381,1,124,"H3","55",1,,,1082023,0
2008,381,2,124,"H3","55",1,,,6089826,0
2008,381,2,392,"H3","520823",8,1824,1824,104868,0
2008,381,1,392,"H3","520823",8,1097,1097,78912,0
2008,381,1,124,"H3","5503",8,7506,7506,51872,0
2008,381,2,124,"H3","5503",8,40812,40812,140187,0
2008,381,2,392,"H3","520813",8,328,328,16174,0
2008,381,1,392,"H3","520813",8,156,156,6560,0
2008,381,2,392,"H3","521152",8,6,6,3011,0
2008,381,1,124,"H3","550340",8,7300,7300,48162,0
2008,381,2,124,"H3","521212",8,70,70,7944,0
2008,381,2,392,"H3","520643",8,128,128,6141,0
2008,381,1,392,"H3","521212",8,268,268,10080,0
2008,381,2,392,"H3","520641",8,2773,2773,82839,0
2008,381,2,124,"H3","5506",8,17013,17013,118848,0
2008,381,2,392,"H3","520635",8,55,55,3340,0
2008,381,2,124,"H3","550630",8,6923,6923,60176,0
2008,381,2,124,"H3","550690",8,4350,4350,14629,0
2008,381,2,392,"H3","521212",8,203,203,17752,0
2008,381,1,392,"H3","521214",8,5600,5600,189860,0
2008,381,2,124,"H3","5508",8,80,80,12740,0
2008,381,2,124,"H3","550810",8,80,80,12740,0
2008,381,2,124,"H3","5509",8,106084,106084,2070120,0
2008,381,2,392,"H3","520631",8,1136,1136,48326,0
2008,381,2,124,"H3","520631",8,20,20,2144,0
2008,381,2,124,"H3","550921",8,114,114,3568,0
2008,381,2,124,"H3","520625",8,96,96,2102,0
2008,381,2,124,"H3","550941",8,20388,20388,279755,0
2008,381,2,124,"H3","550942",8,3623,3623,34510,0
2008,381,2,124,"H3","550959",8,246,246,4716,0
2008,381,1,392,"H3","520621",8,108,108,1699,0
2008,381,2,124,"H3","550991",8,443,443,9539,0
2008,381,2,124,"H3","550999",8,1380,1380,43290,0
2008,381,2,124,"H3","5510",8,27443,27443,293678,0
2008,381,2,392,"H3","520613",8,112,112,10769,0
2008,381,2,124,"H3","551090",8,4889,4889,100008,0
2008,381,2,124,"H3","5511",8,3503,3503,55939,0
2008,381,2,124,"H3","551110",8,3094,3094,42466,0
2008,381,2,124,"H3","520613",8,1119,1119,62996,0
2008,381,1,124,"H3","5512",1,,59,5687,0
2008,381,2,124,"H3","5512",1,,17363,475851,0
2008,381,1,124,"H3","551219",8,6,6,2151,0
2008,381,2,124,"H3","551219",8,2711,2711,119700,0
2008,381,2,392,"H3","520612",8,71,71,8803,0
2008,381,2,124,"H3","551229",8,13799,13799,318705,0
2008,381,1,124,"H3","551299",1,,53,3536,0
2008,381,2,124,"H3","551299",8,730,730,35221,0
2008,381,2,124,"H3","5513",8,14812,14812,211790,6
2008,381,1,392,"H3","520612",8,502,502,20283,0
2008,381,2,124,"H3","551321",8,6702,6702,67420,0
2008,381,2,392,"H3","521214",8,17086,17086,1502825,0
2008,381,2,124,"H3","521221",8,552,552,26410,0
2008,381,2,124,"H3","551331",8,78,78,3176,0
2008,381,2,392,"H3","521221",8,667,667,23615,0
2008,381,2,392,"H3","520546",8,3997,3997,69691,0
2008,381,2,124,"H3","551349",8,323,323,9044,0
2008,381,2,124,"H3","5514",8,10300,10300,272719,0
2008,381,2,392,"H3","520544",8,3415,3415,55282,0
2008,381,2,392,"H3","520543",8,369,369,11515,0
2008,381,2,124,"H3","551429",8,140,140,6482,0
2008,381,2,124,"H3","551430",8,7728,7728,193236,0
2008,381,2,392,"H3","520535",8,360,360,36809,0
2008,381,1,392,"H3","521222",8,300,300,21781,0
2008,381,2,124,"H3","5515",1,,45852,969078,0
2008,381,2,124,"H3","551511",8,3767,3767,88417,0
2008,381,2,124,"H3","551512",8,213,213,5892,0
2008,381,2,124,"H3","551513",8,4383,4383,138713,0
2008,381,2,124,"H3","551519",8,5864,5864,49536,0
2008,381,2,124,"H3","551521",8,4781,4781,97340,0
2008,381,2,124,"H3","551522",8,4675,4675,109387,0
2008,381,2,124,"H3","551529",8,20842,20842,421284,0
2008,381,2,124,"H3","551591",8,196,196,8925,0
2008,381,2,124,"H3","551599",8,1131,1131,49584,0
2008,381,2,124,"H3","5516",8,43439,43439,1442913,6
2008,381,2,124,"H3","551611",8,1005,1005,21631,0
2008,381,2,124,"H3","551612",8,1929,1929,77489,0
2008,381,2,124,"H3","551613",8,4746,4746,297214,0
2008,381,2,124,"H3","551614",8,101,101,10144,0
2008,381,2,124,"H3","551622",8,854,854,52159,0
2008,381,2,124,"H3","551623",8,6233,6233,192342,0
2008,381,2,124,"H3","551624",8,136,136,4604,0
2008,381,2,392,"H3","521222",8,254,254,10100,0
2008,381,2,124,"H3","551632",8,655,655,23046,0
2008,381,2,124,"H3","551633",8,2192,2192,130849,0
2008,381,2,392,"H3","520526",8,990,990,20429,0
2008,381,2,124,"H3","551642",8,1588,1588,52901,0
2008,381,2,124,"H3","551643",8,15011,15011,295535,0
2008,381,2,124,"H3","551644",8,56,56,5112,0
2008,381,2,392,"H3","520523",8,7582,7582,181195,0
2008,381,2,124,"H3","551692",8,5408,5408,148045,0
2008,381,2,124,"H3","551693",8,1128,1128,74467,0
2008,381,1,124,"H3","56",1,,,106309,0
2008,381,2,124,"H3","56",1,,,2271271,0
2008,381,2,124,"H3","5601",8,6893,6893,67104,0
2008,381,2,124,"H3","560121",8,3083,3083,23753,0
2008,381,2,124,"H3","560122",8,210,210,3759,0
2008,381,1,392,"H3","520523",8,3029,3029,44576,0
2008,381,2,124,"H3","5602",8,30591,30591,335761,0
2008,381,2,124,"H3","560210",8,11380,11380,96385,0
2008,381,2,124,"H3","560221",8,6036,6036,108058,0
2008,381,2,124,"H3","560290",8,13175,13175,131318,0
2008,381,1,124,"H3","5603",8,8454,8454,37857,0
2008,381,2,124,"H3","5603",8,172740,172740,1615891,0
2008,381,1,124,"H3","560311",8,2414,2414,12428,0
2008,381,2,124,"H3","560311",8,31820,31820,193251,0
2008,381,2,124,"H3","560312",8,23064,23064,204314,0
2008,381,1,124,"H3","560313",8,6040,6040,25429,0
2008,381,2,124,"H3","560313",8,25141,25141,82849,0
2008,381,2,124,"H3","560314",8,38970,38970,367218,0
2008,381,2,124,"H3","560393",8,8100,8100,51094,0
2008,381,2,124,"H3","560394",8,45645,45645,717165,0
2008,381,2,124,"H3","520523",8,1567,1567,37564,0
2008,381,2,392,"H3","520515",8,95,95,7560,0
2008,381,1,392,"H3","520515",8,159,159,10287,0
2008,381,2,392,"H3","520420",8,1199,1199,58975,0
2008,381,1,124,"H3","5607",8,5215,5215,68452,0
2008,381,2,124,"H3","5607",8,4913,4913,31926,0
2008,381,1,392,"H3","520420",8,24,24,2540,0
2008,381,2,124,"H3","560741",8,95,95,3417,0
2008,381,1,124,"H3","560750",8,5215,5215,68452,0
2008,381,2,124,"H3","560750",8,106,106,4534,0
2008,381,2,124,"H3","560790",8,4427,4427,21721,0
2008,381,2,124,"H3","5608",8,14141,14141,171834,0
2008,381,2,124,"H3","560819",8,12779,12779,162126,0
2008,381,2,124,"H3","560890",8,1362,1362,9708,0
2008,381,2,124,"H3","520420",8,844,844,48399,0
2008,381,2,392,"H3","520419",8,184,184,7739,0
2008,381,1,124,"H3","57",1,,,8419,0
2008,381,2,124,"H3","57",1,,,756645,0
2008,381,1,124,"H3","5701",2,5,7,1649,0
2008,381,2,124,"H3","5701",2,4722,16652,139384,0
2008,381,2,124,"H3","570110",2,4711,16544,129193,0
2008,381,1,124,"H3","570190",2,5,7,1649,0
2008,381,2,124,"H3","570190",2,11,108,10191,0
2008,381,2,124,"H3","5702",2,1168,3333,107182,0
2008,381,2,124,"H3","570231",2,422,911,12942,0
2008,381,2,124,"H3","570239",2,227,759,9178,0
2008,381,2,124,"H3","570241",2,33,92,3745,0
2008,381,2,124,"H3","570242",2,29,685,26091,0
2008,381,1,392,"H3","520419",8,20735,20735,495551,0
2008,381,2,124,"H3","570250",2,15,38,1580,0
2008,381,2,392,"H3","5203",8,144,144,11857,0
2008,381,1,124,"H3","5703",2,25,37,1715,0
2008,381,2,124,"H3","5703",2,21030,59763,472583,0
2008,381,2,124,"H3","570310",2,780,1638,94188,0
2008,381,2,124,"H3","5203",8,334010,334010,1809503,0
2008,381,2,392,"H3","520299",8,117,117,35683,0
2008,381,1,392,"H3","5301",8,125,125,8466,0
2008,381,2,124,"H3","5704",2,125,125,3954,0
2008,381,2,124,"H3","570490",2,125,125,3954,0
2008,381,1,124,"H3","5705",2,5,10,5055,0
2008,381,2,124,"H3","5705",2,962,2019,33543,0
2008,381,1,124,"H3","570500",2,5,10,5055,0
2008,381,2,124,"H3","570500",2,962,2019,33543,0
2008,381,2,124,"H3","58",1,,,1188193,0
2008,381,2,124,"H3","5801",1,,20828,521838,0
2008,381,2,124,"H3","580110",8,40,40,5929,0
2008,381,2,392,"H3","5301",8,2295,2295,25456,0
2008,381,2,124,"H3","580123",8,27,27,1511,0
2008,381,2,124,"H3","580125",8,4252,4252,197641,0
2008,381,2,124,"H3","580126",8,197,197,3455,0
2008,381,2,124,"H3","580135",8,12998,12998,212493,0
2008,381,2,124,"H3","580136",8,707,707,14435,0
2008,381,2,124,"H3","580190",8,69,69,4292,0
2008,381,2,124,"H3","5804",8,1335,1335,68600,0
2008,381,2,124,"H3","580410",8,39,39,5830,0
2008,381,2,124,"H3","580421",8,261,261,11848,0
2008,381,2,124,"H3","580429",8,1035,1035,50922,0
2008,381,2,124,"H3","5805",8,29,29,7108,0
2008,381,2,124,"H3","580500",8,29,29,7108,0
2008,381,2,124,"H3","5806",8,15957,15957,345761,0
2008,381,2,124,"H3","580610",8,339,339,25811,0
2008,381,2,124,"H3","580620",8,4165,4165,51494,0
2008,381,2,124,"H3","580631",8,137,137,14030,0
2008,381,2,124,"H3","580632",8,10622,10622,221761,0
2008,381,1,392,"H3","530129",8,125,125,8466,0
2008,381,2,124,"H3","5807",8,1079,1079,149103,0
2008,381,2,124,"H3","580710",8,944,944,142798,0
2008,381,2,124,"H3","580790",8,135,135,6306,0
2008,381,2,124,"H3","5808",8,543,543,23403,0
2008,381,2,124,"H3","580890",8,543,543,23403,0
2008,381,2,124,"H3","5809",8,334,334,15525,0
2008,381,2,124,"H3","580900",8,334,334,15525,0
2008,381,2,124,"H3","5810",8,685,685,54927,0
2008,381,2,124,"H3","581091",8,121,121,10743,0
2008,381,2,124,"H3","581092",8,513,513,29493,0
2008,381,2,124,"H3","581099",8,51,51,14691,0
2008,381,2,124,"H3","5811",8,8,8,1928,0
2008,381,2,124,"H3","581100",8,8,8,1928,0
2008,381,1,124,"H3","59",1,,,757942,0
2008,381,2,124,"H3","59",1,,,4662770,0
2008,381,2,124,"H3","5901",8,2402,2402,50599,0
2008,381,2,392,"H3","530129",8,2295,2295,25456,0
2008,381,2,124,"H3","590190",8,1293,1293,27833,0
2008,381,1,124,"H3","5903",8,3309,3309,47034,0
2008,381,2,124,"H3","5903",8,75358,75358,1365280,0
2008,381,1,124,"H3","590310",8,315,315,4151,0
2008,381,2,124,"H3","590310",8,30864,30864,315009,0
2008,381,1,124,"H3","590320",8,186,186,12787,0
2008,381,2,124,"H3","590320",8,36374,36374,914445,0
2008,381,1,392,"H3","521131",8,2972,2972,35564,0
2008,381,2,392,"H3","530911",8,3402,3402,209670,0
2008,381,1,392,"H3","530929",8,978,978,76255,0
2008,381,2,392,"H3","530929",8,36754,36754,2969719,0
2008,381,2,124,"H3","5905",1,,3390,22897,0
2008,381,2,124,"H3","590500",1,,3390,22897,0
2008,381,1,124,"H3","5906",8,449,449,7453,0
2008,381,2,124,"H3","5906",8,27214,27214,452314,0
2008,381,1,124,"H3","590610",8,449,449,7453,0
2008,381,2,124,"H3","590610",8,6123,6123,234979,0
2008,381,2,124,"H3","590699",8,21091,21091,217335,0
2008,381,1,124,"H3","5907",8,693,693,51468,0
2008,381,1,124,"H3","590700",8,693,693,51468,0
2008,381,1,392,"H3","531100",8,454,454,49960,0
2008,381,2,392,"H3","521131",8,1293,1293,74707,0
2008,381,1,124,"H3","5910",8,18,18,2956,0
2008,381,2,124,"H3","5910",8,37560,37560,353027,0
2008,381,1,124,"H3","591000",8,18,18,2956,0
2008,381,2,124,"H3","591000",8,37560,37560,353027,0
2008,381,1,124,"H3","5911",8,46405,46405,649031,0
2008,381,2,124,"H3","5911",8,33832,33832,1996075,0
2008,381,2,124,"H3","591110",8,2974,2974,68574,0
2008,381,2,124,"H3","591131",8,806,806,185336,0
2008,381,1,124,"H3","591132",8,17779,17779,451201,0
2008,381,2,124,"H3","591132",8,25505,25505,1406042,0
2008,381,2,392,"H3","531100",8,66059,66059,4981365,0
2008,381,1,124,"H3","591190",8,27090,27090,172904,0
2008,381,2,124,"H3","591190",8,4547,4547,336123,0
2008,381,1,124,"H3","60",1,,,27883,0
2008,381,2,124,"H3","60",1,,,7236080,0
2008,381,2,124,"H3","6001",8,8863,8863,155220,0
2008,381,2,124,"H3","540247",8,38,38,3264,0
2008,381,2,124,"H3","600192",8,18,18,1681,0
2008,381,2,124,"H3","6002",8,8783,8783,214296,0
2008,381,2,124,"H3","600290",8,8783,8783,214296,0
2008,381,2,124,"H3","521143",8,174,174,6724,0
2008,381,2,392,"H3","521143",8,2554,2554,85780,0
2008,381,1,124,"H3","6004",8,181,181,11337,0
2008,381,2,124,"H3","6004",8,114981,114981,4182402,0
2008,381,1,124,"H3","600410",8,181,181,11337,0
2008,381,2,124,"H3","600410",8,112252,112252,4098257,0
2008,381,2,124,"H3","600490",8,2729,2729,84144,0
2008,381,1,124,"H3","6005",8,64,64,3132,0
2008,381,2,124,"H3","6005",8,16622,16622,433415,0
2008,381,2,124,"H3","600521",8,25,25,5851,0
2008,381,2,392,"H3","520912",8,545,545,19204,0
2008,381,2,124,"H3","600524",8,221,221,12751,0
2008,381,1,124,"H3","600532",8,64,64,3132,0
2008,381,2,124,"H3","600532",8,14866,14866,309584,0
2008,381,2,124,"H3","600534",8,970,970,64818,0
2008,381,1,392,"H3","520912",8,3191,3191,86633,0
2008,381,2,124,"H3","520912",8,34,34,1992,0
2008,381,1,124,"H3","6006",8,510,510,13414,0
2008,381,2,124,"H3","6006",8,43924,43924,2247512,0
2008,381,2,124,"H3","600610",8,6397,6397,385669,0
2008,381,1,124,"H3","540774",8,371,371,5224,0
2008,381,2,124,"H3","600622",8,820,820,26710,0
2008,381,2,124,"H3","600623",8,966,966,52488,0
2008,381,2,124,"H3","540774",8,1111,1111,52110,0
2008,381,2,124,"H3","600631",8,810,810,22440,0
2008,381,1,124,"H3","600632",8,200,200,8015,0
2008,381,2,124,"H3","600632",8,10302,10302,277339,0
2008,381,2,124,"H3","600633",8,1933,1933,104668,0
2008,381,2,124,"H3","600634",8,2729,2729,120968,0
2008,381,2,124,"H3","600641",8,288,288,13716,0
2008,381,1,124,"H3","600642",8,310,310,5399,0
2008,381,2,124,"H3","600642",8,10326,10326,694672,0
2008,381,2,124,"H3","600643",8,2520,2520,94303,0
2008,381,2,124,"H3","600644",8,1716,1716,79142,0
2008,381,2,124,"H3","600690",8,4949,4949,368035,0
2008,381,2,124,"H3","5501",8,60,60,2922,0
2008,381,2,124,"H3","550190",8,60,60,2922,0
2008,381,1,124,"H3","6101",5,32,12,4502,0
2008,381,2,124,"H3","6101",5,11804,7712,2446718,0
2008,381,2,124,"H3","610120",5,892,923,184655,0
2008,381,1,124,"H3","5505",8,868587,868587,1024464,0
2008,381,2,124,"H3","5505",8,21521,21521,13948,0
2008,381,1,124,"H3","610190",5,14,4,2553,0
2008,381,2,124,"H3","610190",5,10726,6543,2216188,0
2008,381,1,124,"H3","6102",5,156,82,25268,0
2008,381,2,124,"H3","6102",5,3588,3117,491986,0
2008,381,2,124,"H3","610210",5,709,578,116408,0
2008,381,2,124,"H3","610220",5,104,54,35125,0
2008,381,1,124,"H3","610230",5,156,82,25268,0
2008,381,2,124,"H3","610230",5,2618,2423,307388,0
2008,381,2,124,"H3","610290",5,157,62,33065,0
2008,381,2,124,"H3","551339",8,380,380,9272,0
2008,381,2,124,"H3","551419",8,829,829,27715,0
2008,381,2,392,"H3","520541",8,306,306,12117,0
2008,381,2,124,"H3","610322",5,184,25,8150,0
2008,381,2,124,"H3","551449",8,552,552,17978,0
2008,381,1,124,"H3","610329",5,165,75,30386,0
2008,381,2,124,"H3","610329",5,275,236,104577,0
2008,381,2,124,"H3","610331",5,1218,770,187045,0
2008,381,1,392,"H3","521224",8,4583,4583,238646,0
2008,381,2,392,"H3","520524",8,6334,6334,49333,0
2008,381,1,392,"H3","520524",8,19,19,2367,0
2008,381,2,124,"H3","560130",8,3600,3600,39593,0
2008,381,2,124,"H3","610339",5,243,270,39167,0
2008,381,2,124,"H3","5606",8,646,646,6626,0
2008,381,1,124,"H3","610342",5,22,10,1694,0
2008,381,2,124,"H3","610342",5,1847,1191,195772,0
2008,381,1,124,"H3","610343",5,166,42,7471,0
2008,381,2,124,"H3","610343",5,2216,1171,469568,0
2008,381,2,124,"H3","610349",5,6672,2782,356505,0
2008,381,1,124,"H3","6104",5,1222,377,75833,0
2008,381,2,124,"H3","6104",5,39670,12283,2188276,0
2008,381,1,124,"H3","610413",5,76,16,4815,0
2008,381,2,124,"H3","610413",5,36,22,15426,0
2008,381,1,124,"H3","610419",5,9,1,5684,0
2008,381,2,124,"H3","610419",5,593,170,54958,0
2008,381,2,392,"H3","521224",8,6374,6374,346424,0
2008,381,1,124,"H3","610429",5,18,10,5057,0
2008,381,2,124,"H3","610429",5,857,378,186753,0
2008,381,1,124,"H3","610431",5,8,8,2170,0
2008,381,2,124,"H3","610431",5,2384,1213,65083,0
2008,381,2,124,"H3","610432",5,428,274,119230,0
2008,381,1,392,"H3","520513",8,339,339,4975,0
2008,381,2,124,"H3","520513",8,8301,8301,38138,0
2008,381,2,124,"H3","610439",5,344,235,93108,0
2008,381,1,124,"H3","610441",5,20,10,2721,0
2008,381,2,124,"H3","610441",5,1541,542,246087,0
2008,381,2,124,"H3","610442",5,2321,881,152696,0
2008,381,1,124,"H3","610443",5,710,215,25143,0
2008,381,2,124,"H3","610443",5,1745,729,170952,0
2008,381,1,124,"H3","610444",5,16,7,2405,0
2008,381,2,124,"H3","610444",5,12739,3760,522713,0
2008,381,2,124,"H3","610449",5,1107,469,196290,0
2008,381,2,124,"H3","610451",5,92,27,20205,0
2008,381,2,124,"H3","610452",5,157,54,12691,0
2008,381,2,392,"H3","520300",8,144,144,11857,0
2008,381,1,124,"H3","610459",5,49,16,3845,0
2008,381,2,124,"H3","610459",5,849,241,58222,0
2008,381,2,124,"H3","520300",8,334010,334010,1809503,0
2008,381,2,124,"H3","610462",5,115,26,15114,0
2008,381,1,124,"H3","610463",5,214,60,11644,0
2008,381,2,124,"H3","610463",5,10213,877,46137,0
2008,381,2,124,"H3","610469",5,183,75,16865,0
2008,381,1,124,"H3","6105",5,23748,2984,100762,0
2008,381,2,124,"H3","6105",5,24566,7023,760125,0
2008,381,1,124,"H3","610510",5,23748,2984,100762,0
2008,381,2,124,"H3","610510",5,18526,4552,584298,0
2008,381,2,124,"H3","610520",5,766,192,9524,0
2008,381,2,124,"H3","570330",2,5465,6518,137139,0
2008,381,1,124,"H3","6106",5,66,27,7085,0
2008,381,2,124,"H3","6106",5,11736,2985,371940,0
2008,381,2,124,"H3","610610",5,10253,2371,234449,0
2008,381,1,124,"H3","610620",5,66,27,7085,0
2008,381,2,124,"H3","610620",5,1173,439,123291,0
2008,381,2,124,"H3","610690",5,310,175,14200,0
2008,381,2,124,"H3","6107",5,37711,6682,509518,0
2008,381,2,124,"H3","610711",5,29062,3997,414678,0
2008,381,2,124,"H3","610712",5,5258,565,59511,0
2008,381,2,124,"H3","610719",5,943,71,2769,0
2008,381,2,124,"H3","580639",8,694,694,32665,0
2008,381,2,124,"H3","5306",8,2,2,1612,0
2008,381,1,392,"H3","5306",8,203,203,7977,0
2008,381,2,392,"H3","5306",8,65322,65322,1592497,0
2008,381,1,124,"H3","6108",5,9145,629,33996,0
2008,381,2,124,"H3","6108",5,63972,9493,497345,0
2008,381,1,392,"H3","530610",8,203,203,7977,0
2008,381,2,392,"H3","530610",8,60993,60993,1461073,0
2008,381,1,124,"H3","610821",5,83,26,1684,0
2008,381,2,124,"H3","610821",5,4905,637,26762,0
2008,381,1,124,"H3","610822",5,9062,603,32311,0
2008,381,2,124,"H3","610822",5,41379,2431,207525,0
2008,381,2,124,"H3","610829",5,3619,249,10627,0
2008,381,2,124,"H3","610831",5,2584,630,21633,0
2008,381,2,124,"H3","530620",8,2,2,1612,0
2008,381,2,392,"H3","530620",8,4329,4329,131423,0
2008,381,2,124,"H3","610899",5,2526,711,63327,0
2008,381,1,124,"H3","6109",5,7964,1282,55908,0
2008,381,2,124,"H3","6109",5,135597,29730,3403350,0
2008,381,1,124,"H3","610910",5,7591,1221,49846,0
2008,381,2,124,"H3","610910",5,71165,18262,2143514,0
2008,381,1,124,"H3","610990",5,373,61,6063,0
2008,381,2,124,"H3","610990",5,64432,11468,1259837,0
2008,381,1,124,"H3","6110",5,10366,7969,208159,0
2008,381,2,124,"H3","6110",5,691711,176833,18119210,0
2008,381,1,124,"H3","611011",5,5830,7113,118499,0
2008,381,2,124,"H3","611011",5,240834,85930,6810612,0
2008,381,2,124,"H3","611012",5,26941,10682,2636918,0
2008,381,1,124,"H3","611019",5,43,14,7233,0
2008,381,2,124,"H3","611019",5,8527,2701,329252,0
2008,381,1,124,"H3","611020",5,3284,455,31103,0
2008,381,2,124,"H3","611020",5,260996,16272,2349100,0
2008,381,1,124,"H3","611030",5,1178,384,49095,0
2008,381,2,124,"H3","611030",5,114357,46300,3711305,0
2008,381,1,124,"H3","611090",5,31,3,2229,0
2008,381,2,124,"H3","611090",5,40056,14948,2282023,0
2008,381,1,124,"H3","6111",8,598,598,25034,0
2008,381,2,124,"H3","6111",8,2144,2144,340597,0
2008,381,1,124,"H3","611120",8,598,598,25034,0
2008,381,2,124,"H3","611120",8,1043,1043,134577,0
2008,381,2,124,"H3","611190",8,1101,1101,206020,0
2008,381,2,124,"H3","530820",8,1054,1054,74203,0
2008,381,2,124,"H3","611211",5,584,180,22917,0
2008,381,2,124,"H3","611212",5,3499,2955,56218,0
2008,381,2,124,"H3","611219",5,19736,7269,385683,0
2008,381,2,124,"H3","611231",5,1271,67,14957,0
2008,381,2,124,"H3","611239",5,4700,141,23453,0
2008,381,2,124,"H3","611241",5,12427,1512,198068,0
2008,381,2,124,"H3","611249",5,2761,102,25951,0
2008,381,1,124,"H3","6113",8,175,175,6430,0
2008,381,2,124,"H3","6113",8,25613,25613,5536431,0
2008,381,1,124,"H3","611300",8,175,175,6430,0
2008,381,2,124,"H3","611300",8,25613,25613,5536431,0
2008,381,1,124,"H3","6114",8,708,708,166063,0
2008,381,2,124,"H3","6114",8,48991,48991,4929672,0
2008,381,1,124,"H3","611420",8,90,90,1483,0
2008,381,2,124,"H3","611420",8,1721,1721,580252,0
2008,381,1,124,"H3","611430",8,67,67,13278,0
2008,381,2,124,"H3","611430",8,16143,16143,1630547,0
2008,381,1,124,"H3","611490",8,551,551,151302,0
2008,381,2,124,"H3","611490",8,31127,31127,2718874,0
2008,381,1,124,"H3","6115",8,264,264,31451,0
2008,381,2,124,"H3","6115",8,104449,104449,5339391,6
2008,381,1,124,"H3","611510",8,78,78,12069,0
2008,381,2,124,"H3","611510",8,36479,36479,1442028,0
2008,381,1,124,"H3","611521",8,53,53,6202,0
2008,381,2,124,"H3","611521",8,24104,24104,1178558,0
2008,381,2,124,"H3","611522",8,9835,9835,285623,0
2008,381,1,124,"H3","611529",8,109,109,11463,0
2008,381,2,124,"H3","611529",8,6169,6169,383677,0
2008,381,2,124,"H3","611530",8,7111,7111,428904,0
2008,381,2,124,"H3","611594",8,1567,1567,157355,0
2008,381,2,124,"H3","611595",8,2068,2068,260574,0
2008,381,2,124,"H3","611596",8,7004,7004,501041,6
2008,381,2,124,"H3","590390",8,8120,8120,135827,0
2008,381,1,392,"H3","530820",8,7127,7127,209215,0
2008,381,2,392,"H3","530820",8,11532,11532,218962,0
2008,381,2,124,"H3","5904",2,85919,147301,419977,0
2008,381,2,124,"H3","590410",2,85919,147301,419977,0
2008,381,2,392,"H3","531090",8,325,325,14225,0
2008,381,2,124,"H3","540211",8,1767,1767,18749,0
2008,381,1,124,"H3","540244",8,4543,4543,35757,0
2008,381,2,124,"H3","540262",8,205,205,13443,0
2008,381,2,124,"H3","540331",8,26,26,3026,0
2008,381,2,124,"H3","540332",8,61,61,2080,0
2008,381,1,124,"H3","5407",8,17167,17167,90606,0
2008,381,2,124,"H3","5407",8,98887,98887,3574845,6
2008,381,2,124,"H3","540741",8,1366,1366,28830,0
2008,381,2,124,"H3","540823",8,20748,20748,580529,0
2008,381,2,124,"H3","540831",8,20,20,2340,0
2008,381,1,124,"H3","610130",5,18,8,1948,0
2008,381,2,124,"H3","550311",8,700,700,7015,0
2008,381,2,124,"H3","550319",8,40112,40112,133172,0
2008,381,1,124,"H3","550330",8,206,206,3710,0
2008,381,2,124,"H3","610130",5,186,246,45876,0
2008,381,1,124,"H3","550510",8,868587,868587,1024464,0
2008,381,2,124,"H3","550510",8,21521,21521,13948,0
2008,381,2,124,"H3","550610",8,5740,5740,44043,0
2008,381,2,124,"H3","5507",8,210,210,9096,0
2008,381,2,124,"H3","550700",8,210,210,9096,0
2008,381,2,124,"H3","550911",8,47494,47494,1223905,0
2008,381,2,124,"H3","550912",8,3977,3977,113137,0
2008,381,2,124,"H3","550931",8,4489,4489,24714,0
2008,381,2,124,"H3","550961",8,23930,23930,332986,0
2008,381,2,124,"H3","551011",8,22554,22554,193669,0
2008,381,2,124,"H3","551130",8,409,409,13472,0
2008,381,2,124,"H3","551221",8,123,123,2226,0
2008,381,2,124,"H3","551319",8,129,129,10847,0
2008,381,2,124,"H3","551323",8,6884,6884,82893,0
2008,381,2,124,"H3","551329",8,303,303,27097,0
2008,381,2,124,"H3","551341",8,13,13,2041,6
2008,381,2,124,"H3","551423",8,516,516,16851,0
2008,381,2,124,"H3","551441",8,535,535,10457,0
2008,381,2,392,"H3","520542",8,995,995,46030,0
2008,381,2,124,"H3","610323",5,16688,11945,201285,0
2008,381,1,124,"H3","610332",5,8,3,3524,0
2008,381,2,124,"H3","551631",8,40,40,9530,0
2008,381,2,124,"H3","551641",8,1462,1462,33907,0
2008,381,2,392,"H3","520528",8,24,24,2199,0
2008,381,1,392,"H3","520528",8,431,431,41523,0
2008,381,2,124,"H3","520528",8,96,96,4990,0
2008,381,2,124,"H3","610332",5,79,90,49436,0
2008,381,2,124,"H3","551691",8,895,895,13936,6
2008,381,2,124,"H3","5605",8,283,283,22626,0
2008,381,2,124,"H3","560500",8,283,283,22626,0
2008,381,2,124,"H3","610422",5,429,402,72121,0
2008,381,2,124,"H3","560600",8,646,646,6626,0
2008,381,2,124,"H3","560721",8,285,285,2255,0
2008,381,2,124,"H3","5609",8,802,802,19502,0
2008,381,2,124,"H3","560900",8,802,802,19502,0
2008,381,2,124,"H3","570249",2,23,70,3964,0
2008,381,2,124,"H3","570299",2,419,778,49681,0
2008,381,1,124,"H3","570390",2,25,37,1715,0
2008,381,2,124,"H3","570390",2,14785,51607,241255,0
2008,381,1,392,"H3","520210",8,8200,8200,6208,0
2008,381,2,392,"H3","5202",8,117,117,35683,0
2008,381,1,392,"H3","5202",8,8200,8200,6208,0
2008,381,2,124,"H3","580122",8,2538,2538,82083,0
2008,381,2,124,"H3","590110",8,1109,1109,22766,0
2008,381,1,124,"H3","590390",8,2808,2808,30096,0
2008,381,2,124,"H3","610799",5,1531,1010,6632,0
2008,381,2,124,"H3","610832",5,480,73,35793,0
2008,381,2,124,"H3","610892",5,748,374,25466,0
2008,381,1,124,"H3","610333",5,341,241,49090,0
2008,381,2,124,"H3","610333",5,28,51,9416,0
2008,381,2,124,"H3","610721",5,102,58,2609,0
2008,381,2,124,"H3","610722",5,139,33,2559,0
2008,381,2,124,"H3","610791",5,676,948,20760,0
2008,381,2,124,"H3","610811",5,54,6,2732,0
2008,381,2,124,"H3","610819",5,7677,4382,103481,0
2008,381,2,124,"H3","6112",1,,12226,727246,0
2008,381,2,124,"H3","5909",8,53,53,2602,0
2008,381,2,124,"H3","590900",8,53,53,2602,0
2008,381,1,124,"H3","591140",8,1536,1536,24926,0
2008,381,2,124,"H3","600522",8,11,11,2083,0
2008,381,2,124,"H3","600542",8,179,179,16180,0
2008,381,2,124,"H3","600621",8,137,137,3832,0
2008,381,1,124,"H3","61",1,,,845521,0
2008,381,2,124,"H3","61",1,,,48586341,0
2008,381,1,124,"H3","6103",5,702,371,92165,0
2008,381,2,124,"H3","6103",5,29792,18758,1717893,0
2008,381,2,124,"H3","610310",5,198,183,87605,0
2008,381,2,124,"H3","610341",5,144,44,9367,0
2008,381,1,124,"H3","610433",5,102,34,12350,0
2008,381,2,124,"H3","610433",5,2377,1595,67664,0
2008,381,2,124,"H3","610453",5,1138,304,53701,0
2008,381,2,124,"H3","610461",5,22,9,2261,0
2008,381,2,124,"H3","610590",5,5274,2279,166302,0
2008,381,2,124,"H3","600110",8,8845,8845,153539,0
2008,381,2,124,"H3","6003",8,24,24,3234,0
2008,381,2,124,"H3","600330",8,24,24,3234,0
2008,381,2,124,"H3","600590",8,350,350,22148,0
2008,381,2,124,"H3","600624",8,31,31,3530,0
2008,381,1,124,"H3","611599",8,24,24,1716,0
2008,381,2,124,"H3","611599",8,10112,10112,701631,0
2008,381,1,124,"H3","6116",8,23,23,2373,0
2008,381,2,124,"H3","6116",8,1648,1648,149918,6
2008,381,2,124,"H3","611610",8,18,18,3939,0
2008,381,2,124,"H3","611691",8,544,544,75532,0
2008,381,2,124,"H3","611692",8,186,186,7999,6
2008,381,1,124,"H3","611693",8,23,23,2373,0
2008,381,2,124,"H3","611693",8,351,351,32572,0
2008,381,2,124,"H3","611699",8,549,549,29876,0
2008,381,1,124,"H3","6117",1,,251,10492,0
2008,381,2,124,"H3","6117",1,,19060,1056724,0
2008,381,1,124,"H3","611710",5,343,36,1631,2
2008,381,2,124,"H3","611710",5,233373,13050,626759,2
2008,381,1,124,"H3","611780",8,70,70,7198,0
2008,381,2,124,"H3","611780",8,2313,2313,178776,0
2008,381,1,124,"H3","611790",8,145,145,1664,0
2008,381,2,124,"H3","611790",8,3697,3697,251189,0
2008,381,1,124,"H3","62",1,,,1718002,0
2008,381,2,124,"H3","62",1,,,122798371,0
2008,381,1,124,"H3","6201",5,13955,6969,606070,0
2008,381,2,124,"H3","6201",5,19127,20322,3491271,0
2008,381,1,124,"H3","620111",5,12,10,4715,0
2008,381,2,124,"H3","620111",5,4565,5111,1126685,0
2008,381,1,124,"H3","620112",5,510,992,54599,0
2008,381,2,124,"H3","620112",5,1285,1648,201612,0
2008,381,1,124,"H3","620113",5,22,21,4461,0
2008,381,2,124,"H3","620113",5,5201,6948,748753,0
2008,381,2,124,"H3","620119",5,383,141,39059,0
2008,381,1,124,"H3","620191",5,8000,480,1589,0
2008,381,2,124,"H3","620191",5,1154,529,66320,0
2008,381,1,124,"H3","620192",5,3906,4535,317567,0
2008,381,2,124,"H3","620192",5,250,197,62123,0
2008,381,1,124,"H3","620193",5,1505,931,223140,0
2008,381,2,124,"H3","620193",5,5941,5461,1166020,0
2008,381,2,124,"H3","620199",5,348,287,80698,0
2008,381,1,124,"H3","6202",5,344572,3232,272628,0
2008,381,2,124,"H3","6202",5,36433,22409,4425896,0
2008,381,1,124,"H3","620211",5,25,24,8259,0
2008,381,2,124,"H3","620211",5,7042,7827,1190919,0
2008,381,1,124,"H3","620212",5,564,795,58347,0
2008,381,2,124,"H3","620212",5,1965,1436,192938,0
2008,381,1,124,"H3","620213",5,3,1,2038,0
2008,381,2,124,"H3","620213",5,2666,2616,989656,0
2008,381,1,124,"H3","620219",5,6,5,3873,0
2008,381,2,124,"H3","620219",5,709,294,200144,0
2008,381,2,124,"H3","620291",5,1158,1037,192897,0
2008,381,1,124,"H3","620292",5,1281,1232,89295,0
2008,381,2,124,"H3","620292",5,3347,2194,194944,0
2008,381,1,124,"H3","620293",5,342679,1170,105524,0
2008,381,2,124,"H3","620293",5,18807,6543,1270430,0
2008,381,1,124,"H3","620299",5,14,5,5292,0
2008,381,2,124,"H3","620299",5,739,462,193967,0
2008,381,1,124,"H3","6203",5,526,340,62978,0
2008,381,2,124,"H3","6203",5,317031,207888,39868943,0
2008,381,1,124,"H3","620311",5,66,75,8710,0
2008,381,2,124,"H3","620311",5,81981,56325,17250822,0
2008,381,2,124,"H3","620312",5,1922,1314,292092,0
2008,381,2,124,"H3","620319",5,5886,5171,1009900,0
2008,381,2,124,"H3","620322",5,4490,1889,333905,0
2008,381,2,124,"H3","620323",5,93,58,4571,0
2008,381,1,124,"H3","620329",5,100,98,2430,0
2008,381,2,124,"H3","620329",5,45481,22751,7148527,0
2008,381,1,124,"H3","620331",5,10,11,2787,0
2008,381,2,124,"H3","620331",5,9220,5703,2504689,0
2008,381,1,124,"H3","620332",5,98,49,21903,0
2008,381,2,124,"H3","620332",5,4124,3395,649899,0
2008,381,2,124,"H3","620333",5,1422,1323,170880,0
2008,381,2,124,"H3","620339",5,2930,2024,425249,0
2008,381,2,124,"H3","620341",5,11531,7035,1642098,0
2008,381,1,124,"H3","620342",5,252,107,27149,0
2008,381,2,124,"H3","620342",5,136680,97573,7697159,0
2008,381,2,124,"H3","620343",5,808,449,78471,0
2008,381,2,124,"H3","620349",5,10463,2878,660682,0
2008,381,1,124,"H3","6204",5,2233,916,176003,0
2008,381,2,124,"H3","6204",5,486910,199091,37389061,0
2008,381,1,124,"H3","620411",5,6,2,5145,0
2008,381,2,124,"H3","620411",5,6007,3265,963706,0
2008,381,1,124,"H3","620412",5,501,204,3652,0
2008,381,2,124,"H3","620412",5,2681,1546,512841,0
2008,381,2,124,"H3","620413",5,659,341,77799,0
2008,381,2,124,"H3","620419",5,11747,7485,812039,0
2008,381,2,124,"H3","620421",5,4985,2383,1174797,0
2008,381,1,124,"H3","620422",5,206,82,8021,0
2008,381,2,124,"H3","620422",5,5338,2400,685757,0
2008,381,2,124,"H3","620423",5,436,612,55903,0
2008,381,1,124,"H3","620429",5,79,6,10260,0
2008,381,2,124,"H3","620429",5,324339,122636,20667575,0
2008,381,2,124,"H3","620431",5,3079,1979,565912,0
2008,381,1,124,"H3","620432",5,593,201,8758,0
2008,381,2,124,"H3","620432",5,7914,4351,1025043,0
2008,381,1,124,"H3","620433",5,7,1,1778,0
2008,381,2,124,"H3","620433",5,4451,2870,452458,0
2008,381,1,124,"H3","620439",5,3,1,1802,0
2008,381,2,124,"H3","620439",5,4348,2324,686262,0
2008,381,1,124,"H3","620441",5,15,26,4649,0
2008,381,2,124,"H3","620441",5,1937,1058,404784,0
2008,381,2,124,"H3","620442",5,15447,6072,1874207,0
2008,381,1,124,"H3","620443",5,39,26,6895,0
2008,381,2,124,"H3","620443",5,5575,2367,467861,0
2008,381,2,124,"H3","620444",5,3888,1755,681626,0
2008,381,1,124,"H3","620449",5,7,3,40330,0
2008,381,2,124,"H3","620449",5,6888,2821,1240650,0
2008,381,1,124,"H3","620451",5,39,13,8353,0
2008,381,2,124,"H3","620451",5,2555,1046,342062,0
2008,381,1,124,"H3","620452",5,34,16,1931,0
2008,381,2,124,"H3","620452",5,12428,4636,684261,0
2008,381,1,124,"H3","620453",5,5,1,1536,0
2008,381,2,124,"H3","620453",5,5421,2204,157391,0
2008,381,1,124,"H3","620459",5,42,20,3335,0
2008,381,2,124,"H3","620459",5,3913,1264,291748,0
2008,381,1,124,"H3","620461",5,10,7,2348,0
2008,381,2,124,"H3","620461",5,2865,1197,438325,0
2008,381,1,124,"H3","620462",5,580,278,60136,0
2008,381,2,124,"H3","620462",5,32111,14460,2033765,0
2008,381,1,124,"H3","620463",5,45,21,2791,0
2008,381,2,124,"H3","620463",5,7203,3015,335276,0
2008,381,1,124,"H3","620469",5,22,8,4284,0
2008,381,2,124,"H3","620469",5,10695,5004,757012,0
2008,381,1,124,"H3","6205",5,2156,691,31297,0
2008,381,2,124,"H3","6205",5,136746,53176,8633186,0
2008,381,1,124,"H3","620520",5,2124,684,28627,0
2008,381,2,124,"H3","620520",5,130931,50470,8136023,0
2008,381,2,124,"H3","620530",5,305,110,28614,0
2008,381,1,124,"H3","620590",5,32,7,2669,0
2008,381,2,124,"H3","620590",5,5510,2596,468549,0
2008,381,1,124,"H3","6206",5,71,32,6425,0
2008,381,2,124,"H3","6206",5,34683,10462,2577314,0
2008,381,2,124,"H3","620610",5,2951,1184,678517,0
2008,381,2,124,"H3","620620",5,23,3,2866,0
2008,381,1,124,"H3","620630",5,71,32,6425,0
2008,381,2,124,"H3","620630",5,26557,7744,1465840,0
2008,381,2,124,"H3","620640",5,2289,681,301421,0
2008,381,2,124,"H3","620690",5,2863,850,128669,0
2008,381,2,124,"H3","6207",1,,7317,361008,0
2008,381,2,124,"H3","620711",5,22467,5627,216585,0
2008,381,2,124,"H3","620719",5,680,74,12447,0
2008,381,2,124,"H3","620721",5,1195,225,32817,0
2008,381,2,124,"H3","620722",5,33,4,3375,0
2008,381,2,124,"H3","620791",8,609,609,24130,0
2008,381,2,124,"H3","620799",8,778,778,71653,0
2008,381,2,124,"H3","6208",1,,3519,142993,0
2008,381,2,124,"H3","620819",5,152,18,4479,0
2008,381,2,124,"H3","620822",5,1009,273,15879,0
2008,381,2,124,"H3","620829",5,72,11,6513,0
2008,381,2,124,"H3","620891",8,772,772,27858,0
2008,381,2,124,"H3","620892",8,4,4,2474,0
2008,381,2,124,"H3","620899",8,2441,2441,85790,0
2008,381,1,124,"H3","6209",8,300,300,4227,0
2008,381,2,124,"H3","6209",8,6396,6396,270395,0
2008,381,2,124,"H3","620920",8,223,223,21142,0
2008,381,1,124,"H3","620930",8,300,300,4227,0
2008,381,2,124,"H3","620930",8,819,819,87208,0
2008,381,2,124,"H3","620990",8,5354,5354,162044,0
2008,381,1,124,"H3","6210",1,,1047,98703,0
2008,381,2,124,"H3","6210",1,,41479,8614527,0
2008,381,2,124,"H3","621010",8,8218,8218,971496,0
2008,381,1,124,"H3","621020",5,164,75,15765,0
2008,381,2,124,"H3","621020",5,6190,3726,789575,0
2008,381,2,124,"H3","621030",5,10539,4617,1698452,0
2008,381,1,124,"H3","621040",8,676,676,54908,0
2008,381,2,124,"H3","621040",8,7680,7680,1768754,0
2008,381,1,124,"H3","621050",8,296,296,28030,0
2008,381,2,124,"H3","621050",8,17238,17238,3386249,0
2008,381,1,124,"H3","6211",1,,869,363442,0
2008,381,2,124,"H3","6211",1,,29798,4443234,0
2008,381,2,124,"H3","621111",5,550,54,17012,0
2008,381,1,124,"H3","621112",5,36,5,2123,0
2008,381,2,124,"H3","621112",5,2152,281,44604,0
2008,381,1,124,"H3","621120",5,185,38,5337,0
2008,381,2,124,"H3","621120",5,3549,1191,24752,0
2008,381,2,124,"H3","621132",8,3403,3403,557122,0
2008,381,1,124,"H3","621133",8,88,88,14240,0
2008,381,2,124,"H3","621133",8,4008,4008,443332,0
2008,381,1,124,"H3","621139",8,700,700,331921,0
2008,381,2,124,"H3","621139",8,3042,3042,333971,0
2008,381,2,124,"H3","621141",8,50,50,31876,0
2008,381,1,124,"H3","621142",8,2,2,2166,0
2008,381,2,124,"H3","621142",8,1785,1785,205036,0
2008,381,1,124,"H3","621143",8,36,36,7656,0
2008,381,2,124,"H3","621143",8,1017,1017,145967,0
2008,381,2,124,"H3","621149",8,14967,14967,2639561,0
2008,381,1,124,"H3","6212",8,880,880,81132,0
2008,381,2,124,"H3","6212",8,3584,3584,487558,0
2008,381,1,124,"H3","621210",8,700,700,55118,0
2008,381,2,124,"H3","621210",8,2276,2276,440312,0
2008,381,1,124,"H3","621230",8,180,180,26014,0
2008,381,2,124,"H3","621290",8,1308,1308,47247,0
2008,381,2,124,"H3","6213",8,684,684,40069,0
2008,381,2,124,"H3","621320",8,13,13,6639,0
2008,381,2,124,"H3","621390",8,671,671,33430,0
2008,381,1,124,"H3","6214",5,130,16,5720,0
2008,381,2,124,"H3","6214",5,471575,45801,3805546,0
2008,381,2,124,"H3","621410",5,35975,3514,681441,0
2008,381,1,124,"H3","621420",5,109,12,3428,0
2008,381,2,124,"H3","621420",5,51484,7323,1188996,0
2008,381,1,124,"H3","621430",5,21,4,2292,0
2008,381,2,124,"H3","621430",5,207523,18232,896726,0
2008,381,2,124,"H3","621440",5,94061,9759,164079,0
2008,381,2,124,"H3","621490",5,82532,6973,874304,0
2008,381,1,124,"H3","6215",8,21,21,4142,0
2008,381,2,124,"H3","6215",8,20474,20474,5648844,0
2008,381,1,124,"H3","621510",8,21,21,4142,0
2008,381,2,124,"H3","621510",8,19579,19579,5415093,0
2008,381,2,124,"H3","621520",8,388,388,47030,0
2008,381,2,124,"H3","621590",8,507,507,186722,0
2008,381,1,124,"H3","6216",8,71,71,5233,0
2008,381,2,124,"H3","6216",8,224,224,67135,6
2008,381,1,124,"H3","621600",8,71,71,5233,0
2008,381,2,124,"H3","621600",8,224,224,67135,6
2008,381,2,124,"H3","6217",8,24192,24192,2531391,0
2008,381,2,124,"H3","621710",8,12442,12442,1503239,0
2008,381,2,124,"H3","621790",8,11750,11750,1028153,0
2008,381,1,124,"H3","63",1,,,1282107,0
2008,381,2,124,"H3","63",1,,,6495177,0
2008,381,2,124,"H3","6301",1,,5202,246302,0
2008,381,2,124,"H3","630120",8,2562,2562,101045,0
2008,381,2,124,"H3","630130",8,363,363,21775,0
2008,381,2,124,"H3","630140",8,2219,2219,109692,0
2008,381,2,124,"H3","630190",8,58,58,13789,0
2008,381,1,124,"H3","6302",8,2134,2134,78892,0
2008,381,2,124,"H3","6302",8,159129,159129,4543822,0
2008,381,2,124,"H3","630210",8,214,214,19962,0
2008,381,2,124,"H3","630222",8,3854,3854,172123,0
2008,381,2,124,"H3","630229",8,1367,1367,55818,0
2008,381,2,124,"H3","630231",8,34986,34986,817141,0
2008,381,1,124,"H3","630232",8,1420,1420,27676,0
2008,381,2,124,"H3","630232",8,371,371,25337,0
2008,381,2,124,"H3","630239",8,3921,3921,112886,0
2008,381,1,124,"H3","630251",8,5,5,2791,0
2008,381,2,124,"H3","630251",8,5284,5284,187672,0
2008,381,2,124,"H3","630259",8,1775,1775,29056,0
2008,381,1,124,"H3","630260",8,218,218,3376,0
2008,381,2,124,"H3","630260",8,3153,3153,74378,0
2008,381,2,124,"H3","630291",8,72763,72763,2005226,0
2008,381,1,124,"H3","630293",8,480,480,42899,0
2008,381,2,124,"H3","630293",8,347,347,43990,0
2008,381,2,124,"H3","630299",8,3384,3384,84108,0
2008,381,2,124,"H3","6303",8,18003,18003,283980,0
2008,381,2,124,"H3","630392",8,1870,1870,49009,0
2008,381,2,124,"H3","630399",8,16081,16081,224139,0
2008,381,2,124,"H3","6304",8,5720,5720,366807,0
2008,381,2,124,"H3","630419",8,2560,2560,93379,0
2008,381,2,124,"H3","630491",8,1458,1458,19421,0
2008,381,2,124,"H3","630492",8,83,83,12675,0
2008,381,2,124,"H3","630493",8,28,28,60119,0
2008,381,2,124,"H3","630499",8,1591,1591,181213,0
2008,381,2,124,"H3","6305",8,1266,1266,26896,0
2008,381,1,124,"H3","6306",8,517,517,40080,0
2008,381,2,124,"H3","6306",8,19194,19194,211850,0
2008,381,2,124,"H3","630612",8,5828,5828,53065,0
2008,381,1,124,"H3","630619",8,368,368,13012,0
2008,381,2,124,"H3","630619",8,11241,11241,122087,0
2008,381,2,124,"H3","630622",8,30,30,1793,0
2008,381,1,124,"H3","630630",8,149,149,27068,0
2008,381,2,124,"H3","630630",8,29,29,9074,0
2008,381,2,124,"H3","630699",8,323,323,7065,0
2008,381,1,124,"H3","6307",8,26754,26754,386748,0
2008,381,1,124,"H3","630710",8,1670,1670,103951,0
2008,381,2,124,"H3","630710",8,75661,75661,688369,0
2008,381,1,124,"H3","630790",8,25084,25084,282797,0
2008,381,2,124,"H3","630790",8,695,695,40417,0
2008,381,2,124,"H3","6308",8,1055,1055,66082,0
2008,381,2,124,"H3","630800",8,1055,1055,66082,0
2008,381,1,124,"H3","6309",8,377765,377765,312234,0
2008,381,2,124,"H3","6309",8,151,151,5175,0
2008,381,1,124,"H3","630900",8,377765,377765,312234,0
2008,381,2,124,"H3","630900",8,151,151,5175,0
2008,381,1,124,"H3","6310",8,435879,435879,464153,0
2008,381,2,124,"H3","6310",8,32,32,15476,0
2008,381,1,124,"H3","631010",8,435879,435879,464153,0
2008,381,2,124,"H3","631010",8,32,32,15476,0
2008,381,1,124,"H3","64",1,,,269901,0
2008,381,2,124,"H3","64",1,,,117429933,0
2008,381,2,124,"H3","6401",6,32908,33369,1945001,0
2008,381,2,124,"H3","640110",6,8645,11262,219174,0
2008,381,2,124,"H3","640192",6,23769,21830,1623825,0
2008,381,2,124,"H3","640199",6,494,277,102002,0
2008,381,1,124,"H3","6402",6,2087,6841,83725,0
2008,381,2,124,"H3","6402",6,269776,358704,9298665,0
2008,381,1,124,"H3","640212",6,1779,6671,78705,0
2008,381,2,124,"H3","640212",6,63639,250045,5529574,0
2008,381,2,124,"H3","640219",6,8757,10796,634813,0
2008,381,2,124,"H3","640220",6,2008,1492,170884,0
2008,381,2,124,"H3","640291",6,6153,5883,350074,0
2008,381,1,124,"H3","640299",6,308,170,5020,0
2008,381,2,124,"H3","640299",6,189219,90488,2613318,0
2008,381,1,124,"H3","6403",6,2336,1969,175497,0
2008,381,2,124,"H3","6403",6,2181848,1773492,97265886,0
2008,381,2,124,"H3","640312",6,4715,4847,286344,0
2008,381,2,124,"H3","6307",8,76356,76356,728786,0
2008,381,2,124,"H3","630640",8,1590,1590,12834,0
2008,381,2,124,"H3","630629",8,153,153,5933,0
2008,381,2,124,"H3","630539",8,1221,1221,21534,0
2008,381,2,124,"H3","630221",8,26648,26648,850523,0
2008,381,2,124,"H3","630590",8,45,45,5362,0
2008,381,2,124,"H3","630240",8,1062,1062,65602,0
2008,381,1,124,"H3","630240",8,11,11,2150,0
2008,381,2,124,"H3","630391",8,22,22,6576,0
2008,381,2,124,"H3","630312",8,30,30,4256,0
2008,381,2,124,"H3","640319",6,23308,32381,1834948,0
2008,381,2,124,"H3","640320",6,2269,1618,178908,0
2008,381,2,124,"H3","640340",6,91061,164060,4445546,0
2008,381,1,124,"H3","640351",6,168,196,23913,0
2008,381,2,124,"H3","640351",6,42820,43016,3916147,0
2008,381,1,124,"H3","640359",6,126,79,27249,0
2008,381,2,124,"H3","640359",6,509375,376861,33342835,0
2008,381,1,124,"H3","640391",6,465,567,46304,0
2008,381,2,124,"H3","640391",6,353876,361310,18171555,0
2008,381,1,124,"H3","640399",6,1577,1127,78031,0
2008,381,2,124,"H3","640399",6,1154424,789399,35089602,0
2008,381,1,124,"H3","6404",6,142,175,10679,0
2008,381,2,124,"H3","6404",6,175408,111955,4837410,0
2008,381,1,124,"H3","640411",6,70,67,3800,0
2008,381,2,124,"H3","640411",6,37314,22499,1298173,0
2008,381,1,124,"H3","640419",6,72,108,6879,0
2008,381,2,124,"H3","640419",6,108608,71820,2333354,0
2008,381,2,124,"H3","640420",6,29486,17636,1205883,0
2008,381,2,124,"H3","6405",6,30642,16543,960580,0
2008,381,2,124,"H3","640510",6,8188,5986,217996,0
2008,381,2,124,"H3","640520",6,3263,1376,52104,0
2008,381,2,124,"H3","640590",6,19191,9181,690480,0
2008,381,2,124,"H3","6406",8,203307,203307,3122392,0
2008,381,2,124,"H3","640610",8,4564,4564,181135,0
2008,381,2,124,"H3","640620",8,99765,99765,1220496,0
2008,381,2,124,"H3","640691",8,460,460,3145,0
2008,381,2,124,"H3","640699",8,98518,98518,1717615,0
2008,381,1,124,"H3","65",1,,,271292,0
2008,381,2,124,"H3","65",1,,,3314084,0
2008,381,2,124,"H3","6504",8,673,673,57997,0
2008,381,2,124,"H3","650400",8,673,673,57997,0
2008,381,1,124,"H3","6505",8,3507,3507,229049,0
2008,381,2,124,"H3","6505",8,7262,7262,752080,0
2008,381,1,124,"H3","650590",8,3507,3507,229049,0
2008,381,2,124,"H3","650590",8,7262,7262,752080,0
2008,381,1,124,"H3","6506",1,,423,39745,0
2008,381,2,124,"H3","6506",1,,37198,2504006,0
2008,381,1,124,"H3","650610",5,485,423,39745,0
2008,381,2,124,"H3","650610",5,39361,29621,1945049,0
2008,381,2,124,"H3","650699",8,7577,7577,558957,0
2008,381,1,124,"H3","6507",8,28,28,2498,0
2008,381,1,124,"H3","650700",8,28,28,2498,0
2008,381,1,124,"H3","66",1,,,8283,0
2008,381,2,124,"H3","66",1,,,313686,0
2008,381,2,124,"H3","6601",5,29353,17341,282430,0
2008,381,2,124,"H3","660110",5,311,3549,43532,0
2008,381,2,124,"H3","660191",5,36,434,4064,0
2008,381,2,124,"H3","660199",5,29006,13358,234833,0
2008,381,1,124,"H3","6602",1,,100,8283,0
2008,381,2,124,"H3","6602",1,,1151,31257,0
2008,381,1,124,"H3","660200",1,,100,8283,0
2008,381,2,124,"H3","660200",5,9004,1151,31257,2
2008,381,1,124,"H3","67",1,,,135141,0
2008,381,2,124,"H3","67",1,,,1060303,0
2008,381,2,124,"H3","6702",8,140,140,9163,0
2008,381,2,124,"H3","670290",8,140,140,9163,0
2008,381,1,124,"H3","6703",8,50,50,6411,0
2008,381,2,124,"H3","6703",8,2307,2307,1006591,0
2008,381,1,124,"H3","670300",8,50,50,6411,0
2008,381,2,124,"H3","670300",8,2307,2307,1006591,0
2008,381,1,124,"H3","6704",8,2830,2830,128730,0
2008,381,2,124,"H3","6704",8,219,219,44550,0
2008,381,1,124,"H3","670419",8,2830,2830,128730,0
2008,381,2,124,"H3","670419",8,210,210,12847,0
2008,381,2,124,"H3","670420",8,9,9,31703,0
2008,381,1,124,"H3","68",1,,,7757350,0
2008,381,2,124,"H3","68",1,,,68023652,0
2008,381,2,124,"H3","6801",8,175,175,3792,0
2008,381,2,124,"H3","680100",8,175,175,3792,0
2008,381,1,124,"H3","6802",8,36547,36547,67758,0
2008,381,2,124,"H3","6802",8,27716779,27716779,48409426,0
2008,381,2,124,"H3","680210",8,2722629,2722629,5195860,0
2008,381,2,124,"H3","680221",8,3576242,3576242,6103569,0
2008,381,1,124,"H3","680223",8,10063,10063,30279,0
2008,381,2,124,"H3","680223",8,2520745,2520745,3593379,0
2008,381,2,124,"H3","680229",8,132032,132032,337617,0
2008,381,1,124,"H3","680291",8,6880,6880,27535,0
2008,381,2,124,"H3","680291",8,9347040,9347040,17022507,0
2008,381,2,124,"H3","680292",8,716361,716361,1338773,0
2008,381,1,124,"H3","680299",8,16804,16804,6374,0
2008,381,2,124,"H3","680299",8,699123,699123,1361391,0
2008,381,2,124,"H3","6803",8,64400,64400,75451,0
2008,381,2,124,"H3","680300",8,64400,64400,75451,0
2008,381,1,124,"H3","680410",8,53900,53900,306860,0
2008,381,2,124,"H3","680410",8,126994,126994,476078,0
2008,381,1,124,"H3","680421",8,228,228,20776,0
2008,381,2,124,"H3","680421",8,35366,35366,2973698,0
2008,381,1,124,"H3","680422",8,4330,4330,225184,0
2008,381,2,124,"H3","680422",8,1231098,1231098,11994098,0
2008,381,2,124,"H3","680423",8,150,150,2468,0
2008,381,1,124,"H3","680430",8,502,502,18015,0
2008,381,1,124,"H3","6805",8,334198,334198,2917085,0
2008,381,2,124,"H3","6805",8,117098,117098,1640028,0
2008,381,1,124,"H3","680510",8,1911,1911,127832,0
2008,381,2,124,"H3","680510",8,45217,45217,803074,0
2008,381,1,124,"H3","680520",8,329513,329513,2727871,0
2008,381,2,124,"H3","680520",8,33144,33144,428908,0
2008,381,1,124,"H3","680530",8,2774,2774,61382,0
2008,381,2,124,"H3","680530",8,38737,38737,408046,0
2008,381,2,124,"H3","6806",8,16234,16234,59108,0
2008,381,2,124,"H3","680690",8,16234,16234,59108,0
2008,381,1,124,"H3","6807",8,448552,448552,260887,0
2008,381,2,124,"H3","6807",8,13232,13232,39505,0
2008,381,1,124,"H3","680710",8,2415,2415,4795,0
2008,381,2,124,"H3","680710",8,13232,13232,39505,0
2008,381,1,124,"H3","680790",8,446137,446137,256092,0
2008,381,1,124,"H3","6809",8,683543,683543,805208,0
2008,381,2,124,"H3","6809",8,70,70,5346,0
2008,381,1,124,"H3","680990",8,683543,683543,805208,0
2008,381,2,124,"H3","680990",8,70,70,5346,0
2008,381,2,124,"H3","681091",8,29600,29600,12847,0
2008,381,1,124,"H3","681099",8,3556184,3556184,3103803,0
2008,381,2,124,"H3","681099",8,76866,76866,107311,0
2008,381,2,124,"H3","6813",8,657,657,32237,0
2008,381,2,124,"H3","681320",8,282,282,9115,0
2008,381,2,124,"H3","681389",8,375,375,23123,0
2008,381,1,124,"H3","6815",8,228,228,8532,0
2008,381,2,124,"H3","6815",8,442568,442568,587061,0
2008,381,1,124,"H3","681510",8,228,228,8532,0
2008,381,2,124,"H3","681510",8,266,266,30583,0
2008,381,2,124,"H3","681591",8,290106,290106,150877,0
2008,381,2,124,"H3","681599",8,152196,152196,405602,0
2008,381,1,124,"H3","69",1,,,833704,0
2008,381,2,124,"H3","69",1,,,126101638,0
2008,381,2,124,"H3","6901",8,18000,18000,15466,0
2008,381,2,124,"H3","690100",8,18000,18000,15466,0
2008,381,1,124,"H3","6902",8,52007,52007,284288,0
2008,381,2,124,"H3","6902",8,141920,141920,305683,0
2008,381,1,124,"H3","690210",8,51687,51687,281019,0
2008,381,2,124,"H3","690220",8,141730,141730,300820,0
2008,381,1,124,"H3","690290",8,320,320,3268,0
2008,381,2,124,"H3","690290",8,190,190,4863,0
2008,381,1,124,"H3","6903",8,920,920,118481,0
2008,381,2,124,"H3","6903",8,484,484,19881,0
2008,381,2,124,"H3","690310",8,13,13,4146,0
2008,381,1,124,"H3","690320",8,670,670,92290,0
2008,381,1,124,"H3","690390",8,250,250,26192,0
2008,381,2,124,"H3","690390",8,471,471,15735,0
2008,381,1,124,"H3","6904",1,,36587,14439,0
2008,381,1,124,"H3","690490",8,36587,36587,14439,0
2008,381,1,124,"H3","6905",8,18633,18633,15107,6
2008,381,2,124,"H3","6905",8,74682,74682,30451,0
2008,381,2,124,"H3","6804",8,1393608,1393608,15446343,0
2008,381,1,124,"H3","6804",8,58960,58960,570835,0
2008,381,2,124,"H3","680293",8,8002607,8002607,13456330,0
2008,381,1,124,"H3","680293",8,2800,2800,3569,0
2008,381,2,124,"H3","681019",8,992930,992930,1605197,0
2008,381,1,124,"H3","681019",8,24100,24100,23243,0
2008,381,2,124,"H3","6810",8,1099396,1099396,1725354,0
2008,381,1,124,"H3","6810",8,3580284,3580284,3127046,0
2008,381,1,124,"H3","690510",8,18633,18633,15107,6
2008,381,2,124,"H3","690510",8,49253,49253,14622,0
2008,381,2,124,"H3","690590",8,25429,25429,15829,0
2008,381,2,124,"H3","6907",2,1910399,40134255,39962616,0
2008,381,2,124,"H3","690710",2,6559,130284,155663,0
2008,381,2,124,"H3","690790",2,1903840,40003971,39806953,0
2008,381,2,124,"H3","6908",2,6603309,110381078,81827534,0
2008,381,2,124,"H3","690810",2,24003,377282,415690,0
2008,381,2,124,"H3","690890",2,6579306,110003796,81411845,0
2008,381,1,124,"H3","6909",8,480,480,31027,0
2008,381,2,124,"H3","6909",8,1488,1488,63909,0
2008,381,2,124,"H3","690912",8,28,28,19718,0
2008,381,1,124,"H3","690919",8,480,480,31027,0
2008,381,2,124,"H3","690990",8,1460,1460,44191,0
2008,381,2,124,"H3","6910",1,,104364,1363004,0
2008,381,2,124,"H3","691010",1,,18947,311826,0
2008,381,2,124,"H3","691090",5,74371,85417,1051178,2
2008,381,1,124,"H3","6911",8,1446,1446,16802,0
2008,381,2,124,"H3","6911",8,35066,35066,338061,0
2008,381,1,124,"H3","691110",8,1446,1446,16802,0
2008,381,2,124,"H3","691110",8,31779,31779,290317,0
2008,381,2,124,"H3","691190",8,3287,3287,47745,0
2008,381,1,124,"H3","6912",8,12430,12430,80751,0
2008,381,2,124,"H3","6912",8,134918,134918,692455,0
2008,381,1,124,"H3","691200",8,12430,12430,80751,0
2008,381,2,124,"H3","691200",8,134918,134918,692455,0
2008,381,1,124,"H3","6913",8,3862,3862,50744,0
2008,381,2,124,"H3","6913",8,57493,57493,366034,0
2008,381,1,124,"H3","691310",8,204,204,6753,0
2008,381,2,124,"H3","691310",8,2678,2678,58800,0
2008,381,1,124,"H3","691390",8,3658,3658,43992,0
2008,381,2,124,"H3","691390",8,54815,54815,307233,0
2008,381,1,124,"H3","6914",8,4844,4844,222065,0
2008,381,2,124,"H3","6914",8,620920,620920,1116543,0
2008,381,2,124,"H3","691410",8,2860,2860,339149,0
2008,381,1,124,"H3","691490",8,4844,4844,222065,0
2008,381,2,124,"H3","691490",8,618060,618060,777394,0
2008,381,1,124,"H3","70",1,,,1323485,0
2008,381,2,124,"H3","70",1,,,34180588,0
2008,381,1,124,"H3","7001",8,9631669,9631669,922453,0
2008,381,2,124,"H3","7001",8,14850,14850,6456,0
2008,381,1,124,"H3","700100",8,9631669,9631669,922453,0
2008,381,2,124,"H3","700100",8,14850,14850,6456,0
2008,381,2,124,"H3","7002",8,43687,43687,94053,0
2008,381,2,124,"H3","700210",8,41948,41948,46241,0
2008,381,2,124,"H3","700220",8,246,246,3503,0
2008,381,2,124,"H3","700231",8,1493,1493,44309,0
2008,381,1,124,"H3","7003",1,,7,4490,0
2008,381,2,124,"H3","7003",1,,60214,72961,0
2008,381,2,124,"H3","700312",2,1250,20790,14356,0
2008,381,1,124,"H3","700319",2,1,7,4490,0
2008,381,2,124,"H3","700319",2,1431,21004,29598,0
2008,381,2,124,"H3","700320",2,1819,18420,29007,0
2008,381,2,124,"H3","7004",2,2972,14870,10038,0
2008,381,2,124,"H3","700420",2,2,20,3582,0
2008,381,2,124,"H3","700490",2,2970,14850,6456,0
2008,381,1,124,"H3","7005",2,27381,244332,201399,0
2008,381,2,124,"H3","7005",2,2062,24240,87659,0
2008,381,1,124,"H3","700510",2,27381,244332,201399,0
2008,381,2,124,"H3","700521",2,1936,23378,63077,0
2008,381,2,124,"H3","700529",2,126,862,24582,0
2008,381,1,124,"H3","7006",8,470,470,22662,0
2008,381,2,124,"H3","7006",8,5863,5863,206333,0
2008,381,1,124,"H3","700600",8,470,470,22662,0
2008,381,2,124,"H3","700600",8,5863,5863,206333,0
2008,381,1,124,"H3","7007",1,,275,13629,0
2008,381,2,124,"H3","7007",1,,102677,229768,0
2008,381,2,124,"H3","700711",8,91630,91630,52725,0
2008,381,1,124,"H3","700719",2,8,275,13629,0
2008,381,2,124,"H3","700719",2,848,11042,174217,0
2008,381,2,124,"H3","700729",2,1,5,2826,0
2008,381,2,124,"H3","7008",8,81730,81730,301822,0
2008,381,2,124,"H3","700800",8,81730,81730,301822,0
2008,381,2,124,"H3","7009",8,63068,63068,402176,6
2008,381,2,124,"H3","700910",8,50,50,1484,6
2008,381,2,124,"H3","700991",8,54310,54310,206259,0
2008,381,2,124,"H3","700992",8,8708,8708,194433,0
2008,381,1,124,"H3","7010",8,16888,16888,37972,6
2008,381,2,124,"H3","7010",8,12645016,12645016,16891884,0
2008,381,2,124,"H3","701010",8,15721,15721,202219,0
2008,381,2,124,"H3","701020",8,16640,16640,108929,0
2008,381,1,124,"H3","701090",8,16888,16888,37972,6
2008,381,2,124,"H3","701090",8,12612655,12612655,16580736,0
2008,381,1,124,"H3","7013",1,,14,6715,0
2008,381,2,124,"H3","7013",1,,2908014,11033094,0
2008,381,2,124,"H3","701310",8,46868,46868,112375,0
2008,381,2,124,"H3","701322",8,60429,60429,146546,0
2008,381,2,124,"H3","701328",8,294042,294042,955499,0
2008,381,2,124,"H3","701333",8,52657,52657,270953,0
2008,381,2,124,"H3","701337",8,1054227,1054227,3004410,0
2008,381,2,124,"H3","701341",8,85,85,44183,0
2008,381,2,124,"H3","701342",8,72961,72961,668378,0
2008,381,2,124,"H3","701349",8,840359,840359,2276915,0
2008,381,1,124,"H3","701391",1,,1,1865,0
2008,381,2,124,"H3","701391",8,73964,73964,1160676,0
2008,381,1,124,"H3","701399",8,13,13,4850,0
2008,381,2,124,"H3","701399",8,412422,412422,2393161,0
2008,381,2,124,"H3","7014",8,16,16,2936,0
2008,381,2,124,"H3","701400",8,16,16,2936,0
2008,381,2,124,"H3","7016",8,94666,94666,871124,0
2008,381,2,124,"H3","701610",8,33315,33315,669331,0
2008,381,2,124,"H3","701690",8,61351,61351,201793,0
2008,381,1,124,"H3","7017",8,1,1,3715,0
2008,381,2,124,"H3","7017",8,71391,71391,1289687,0
2008,381,1,124,"H3","701710",8,1,1,3715,0
2008,381,2,124,"H3","701790",8,71391,71391,1289687,0
2008,381,1,124,"H3","7018",8,13,13,1574,0
2008,381,2,124,"H3","7018",8,20304,20304,556524,0
2008,381,1,124,"H3","701810",8,13,13,1574,0
2008,381,2,124,"H3","701810",8,1464,1464,10825,0
2008,381,2,124,"H3","701890",8,18840,18840,545699,0
2008,381,1,124,"H3","7019",8,5379,5379,98084,0
2008,381,2,124,"H3","7019",8,299626,299626,1339942,0
2008,381,2,124,"H3","701919",8,670,670,17320,0
2008,381,1,124,"H3","701931",8,2463,2463,9310,0
2008,381,2,124,"H3","701931",8,68588,68588,171221,0
2008,381,2,124,"H3","701939",8,102110,102110,429459,0
2008,381,1,124,"H3","701951",8,1549,1549,47765,0
2008,381,1,124,"H3","701952",8,639,639,26155,0
2008,381,2,124,"H3","701952",8,12756,12756,182429,0
2008,381,2,124,"H3","701959",8,104532,104532,498549,0
2008,381,1,124,"H3","701990",8,728,728,14853,0
2008,381,2,124,"H3","701990",8,10970,10970,40964,0
2008,381,1,124,"H3","7020",8,404,404,10793,0
2008,381,2,124,"H3","7020",8,271057,271057,784131,0
2008,381,1,124,"H3","702000",8,404,404,10793,0
2008,381,2,124,"H3","702000",8,271057,271057,784131,0
2008,381,1,124,"H3","71",1,,,151065855,0
2008,381,2,124,"H3","71",1,,,77154045,0
2008,381,1,124,"H3","7101",8,74,74,8393,0
2008,381,1,124,"H3","710122",8,74,74,8393,0
2008,381,1,124,"H3","7102",13,267,,101583,0
2008,381,2,124,"H3","7102",13,770,0,916425,4
2008,381,1,124,"H3","710229",13,50,,12624,0
2008,381,1,124,"H3","710239",13,217,,88958,0
2008,381,2,124,"H3","710239",13,770,0,916425,4
2008,381,1,124,"H3","7103",1,,2,5988,0
2008,381,2,124,"H3","7103",1,,1,2011,0
2008,381,2,124,"H3","710391",13,6000,1,2011,0
2008,381,1,124,"H3","710399",13,11455,2,5988,0
2008,381,1,124,"H3","7106",8,999,999,495015,0
2008,381,2,124,"H3","7106",8,228,228,132200,0
2008,381,2,124,"H3","710610",8,75,75,53412,0
2008,381,1,124,"H3","710691",8,999,999,495015,0
2008,381,2,124,"H3","710691",8,53,53,55436,0
2008,381,2,124,"H3","710692",8,100,100,23352,0
2008,381,1,124,"H3","7108",8,4129,4129,114899158,0
2008,381,2,124,"H3","7108",8,20,20,182951,0
2008,381,1,124,"H3","710812",8,4113,4113,114566776,0
2008,381,2,124,"H3","710812",8,2,2,56191,0
2008,381,1,124,"H3","710813",8,16,16,332382,0
2008,381,2,124,"H3","710813",8,18,18,126760,0
2008,381,2,124,"H3","7109",8,78,78,2737,0
2008,381,2,124,"H3","710900",8,78,78,2737,0
2008,381,1,124,"H3","7110",8,600,600,14015582,0
2008,381,1,124,"H3","711011",8,210,210,7883609,0
2008,381,1,124,"H3","711021",8,374,374,3891009,0
2008,381,1,124,"H3","711031",8,16,16,2240964,0
2008,381,2,124,"H3","7111",8,801,801,43057,0
2008,381,1,124,"H3","7112",8,47334,47334,20352652,0
2008,381,2,124,"H3","7112",8,355,355,67938,0
2008,381,1,124,"H3","711299",8,47314,47314,20341882,0
2008,381,2,124,"H3","711299",8,355,355,67938,0
2008,381,1,124,"H3","7113",8,432,432,978310,0
2008,381,2,124,"H3","7113",8,16566,16566,72656399,0
2008,381,1,124,"H3","711311",8,388,388,116921,0
2008,381,2,124,"H3","711311",8,9341,9341,7452380,0
2008,381,1,124,"H3","711319",8,44,44,861389,0
2008,381,2,124,"H3","711319",8,5849,5849,64765647,0
2008,381,2,124,"H3","711320",8,1376,1376,438372,0
2008,381,1,124,"H3","7114",8,116,116,9500,0
2008,381,2,124,"H3","7114",8,2276,2276,355956,0
2008,381,1,124,"H3","711411",8,2,2,2900,0
2008,381,2,124,"H3","711411",8,1209,1209,239903,0
2008,381,2,124,"H3","711419",8,1,1,11870,0
2008,381,1,124,"H3","711420",8,114,114,6600,0
2008,381,2,124,"H3","711420",8,1066,1066,104182,0
2008,381,1,124,"H3","7115",8,32,32,8324,6
2008,381,2,124,"H3","7115",8,643,643,36674,0
2008,381,1,124,"H3","711590",8,15,15,4080,6
2008,381,2,124,"H3","711590",8,643,643,36674,0
2008,381,2,124,"H3","7116",8,31,31,28328,0
2008,381,2,124,"H3","711620",8,31,31,28328,0
2008,381,1,124,"H3","7117",8,1961,1961,189701,0
2008,381,2,124,"H3","7117",8,17027,17027,1996812,0
2008,381,2,124,"H3","711711",8,935,935,47866,0
2008,381,1,124,"H3","711719",8,107,107,106063,0
2008,381,2,124,"H3","711719",8,7192,7192,1192075,0
2008,381,1,124,"H3","711790",8,1854,1854,83639,0
2008,381,2,124,"H3","711790",8,8900,8900,756871,0
2008,381,1,124,"H3","7118",8,120,120,1650,0
2008,381,2,124,"H3","7118",8,758,758,732556,0
2008,381,1,124,"H3","711810",8,120,120,1650,0
2008,381,2,124,"H3","711810",8,758,758,732556,0
2008,381,1,124,"H3","72",1,,,84116099,0
2008,381,2,124,"H3","72",1,,,38327329,0
2008,381,1,124,"H3","7204",8,72783794,72783794,63579867,0
2008,381,2,124,"H3","7204",8,458,458,23531,0
2008,381,1,124,"H3","720449",8,63471361,63471361,44476743,0
2008,381,2,124,"H3","720449",8,458,458,23531,0
2008,381,1,124,"H3","7207",8,2029009,2029009,1926903,0
2008,381,2,124,"H3","7207",8,4610,4610,43064,0
2008,381,1,124,"H3","7208",8,387716,387716,269798,0
2008,381,2,124,"H3","7208",8,5296,5296,58361,0
2008,381,1,124,"H3","720837",8,120253,120253,93500,0
2008,381,1,124,"H3","720838",8,57990,57990,44187,0
2008,381,1,124,"H3","720839",8,19040,19040,14508,0
2008,381,1,124,"H3","720890",8,190433,190433,117603,0
2008,381,2,124,"H3","720890",8,5161,5161,55796,0
2008,381,1,124,"H3","7209",8,2232716,2232716,1462735,0
2008,381,2,124,"H3","7209",8,281,281,5610,0
2008,381,2,124,"H3","7210",8,15,15,6028,0
2008,381,1,124,"H3","7211",8,1954,1954,2082,0
2008,381,2,124,"H3","7211",8,4646,4646,143988,0
2008,381,1,124,"H3","721119",8,1954,1954,2082,0
2008,381,2,124,"H3","721129",8,4646,4646,143988,0
2008,381,1,124,"H3","7212",8,2358,2358,2399,0
2008,381,2,124,"H3","7212",8,60159,60159,103091,0
2008,381,1,124,"H3","7213",8,2062458,2062458,1824453,0
2008,381,1,124,"H3","721391",8,1832263,1832263,1638407,0
2008,381,2,124,"H3","7214",8,879900,879900,751514,0
2008,381,2,124,"H3","721499",8,438440,438440,444901,0
2008,381,2,124,"H3","7215",8,57283,57283,148860,0
2008,381,2,124,"H3","721550",8,18421,18421,49575,0
2008,381,2,124,"H3","721590",8,38862,38862,99284,0
2008,381,2,124,"H3","7216",8,470546,470546,1265106,0
2008,381,2,124,"H3","721610",8,25039,25039,151626,0
2008,381,2,124,"H3","721650",8,5752,5752,24040,0
2008,381,2,124,"H3","721661",8,382390,382390,946733,0
2008,381,2,124,"H3","721699",8,5685,5685,17598,0
2008,381,1,124,"H3","7217",8,155431,155431,225695,0
2008,381,2,124,"H3","7217",8,93651,93651,150235,0
2008,381,1,124,"H3","721710",8,155431,155431,225695,0
2008,381,2,124,"H3","721720",8,2066,2066,4258,0
2008,381,2,124,"H3","721730",8,91560,91560,143654,0
2008,381,2,124,"H3","721790",8,25,25,2324,0
2008,381,1,124,"H3","7218",8,560,560,17696,0
2008,381,2,124,"H3","7218",8,129726,129726,429156,0
2008,381,2,124,"H3","721810",8,129682,129682,425891,0
2008,381,1,124,"H3","721899",8,560,560,17696,0
2008,381,2,124,"H3","721899",8,44,44,3265,0
2008,381,1,124,"H3","7219",8,24775,24775,212011,0
2008,381,2,124,"H3","7219",8,1693224,1693224,7604514,0
2008,381,2,124,"H3","721922",8,1800,1800,175304,0
2008,381,2,124,"H3","721933",8,1187074,1187074,4963608,0
2008,381,1,124,"H3","721934",8,10284,10284,25616,0
2008,381,2,124,"H3","721934",8,123670,123670,464047,0
2008,381,1,124,"H3","721935",8,4694,4694,17794,0
2008,381,2,124,"H3","721935",8,31320,31320,144912,0
2008,381,1,124,"H3","721990",8,9797,9797,168600,0
2008,381,2,124,"H3","721990",8,325510,325510,1728944,0
2008,381,1,124,"H3","7220",8,25906,25906,79451,0
2008,381,2,124,"H3","7220",8,711221,711221,2320636,0
2008,381,1,124,"H3","722020",8,25906,25906,79451,0
2008,381,2,124,"H3","722020",8,110219,110219,679077,0
2008,381,2,124,"H3","722090",8,601002,601002,1641560,0
2008,381,2,124,"H3","7221",8,445897,445897,2799984,0
2008,381,2,124,"H3","722100",8,445897,445897,2799984,0
2008,381,1,124,"H3","7222",8,2987,2987,29707,0
2008,381,2,124,"H3","7222",8,2023796,2023796,11796766,0
2008,381,2,124,"H3","722211",8,491698,491698,3181211,0
2008,381,2,124,"H3","722219",8,352958,352958,2159546,0
2008,381,2,124,"H3","722220",8,870467,870467,4776054,0
2008,381,2,124,"H3","722240",8,308673,308673,1679955,0
2008,381,2,124,"H3","7223",8,111649,111649,813027,0
2008,381,2,124,"H3","722300",8,111649,111649,813027,0
2008,381,1,124,"H3","7228",8,4465886,4465886,12020106,0
2008,381,2,124,"H3","7228",8,3191666,3191666,6851201,0
2008,381,1,124,"H3","722850",8,4465886,4465886,12020106,0
2008,381,2,124,"H3","722850",8,2097440,2097440,4501583,0
2008,381,2,124,"H3","722870",8,19306,19306,49872,0
2008,381,1,124,"H3","7229",8,9189,9189,11121,0
2008,381,2,124,"H3","7229",8,963934,963934,1747339,0
2008,381,2,124,"H3","722920",8,300584,300584,510818,0
2008,381,1,124,"H3","722990",8,9189,9189,11121,0
2008,381,2,124,"H3","722990",8,663350,663350,1236522,0
2008,381,1,124,"H3","73",1,,,10657648,0
2008,381,2,124,"H3","73",1,,,164379228,0
2008,381,2,124,"H3","7301",8,50859,50859,207553,0
2008,381,2,124,"H3","730120",8,47375,47375,139720,0
2008,381,2,124,"H3","7302",8,148773,148773,753609,0
2008,381,2,124,"H3","730210",8,2125,2125,4720,0
2008,381,2,124,"H3","730290",8,146648,146648,748888,0
2008,381,1,124,"H3","7304",8,36458,36458,793028,0
2008,381,2,124,"H3","7304",8,1210081,1210081,5141305,0
2008,381,2,124,"H3","730411",8,9380,9380,62967,0
2008,381,2,124,"H3","730419",8,1017276,1017276,3789964,0
2008,381,2,124,"H3","730431",8,28108,28108,91264,0
2008,381,1,124,"H3","730441",8,36458,36458,793028,0
2008,381,2,124,"H3","730441",8,8333,8333,31114,0
2008,381,2,124,"H3","730451",8,90744,90744,979225,0
2008,381,2,124,"H3","730459",8,15360,15360,22361,0
2008,381,2,124,"H3","730490",8,40880,40880,164411,0
2008,381,1,124,"H3","7305",8,55,55,6010,0
2008,381,2,124,"H3","7305",8,34468712,34468712,50804642,0
2008,381,2,124,"H3","730511",8,34455560,34455560,50681676,0
2008,381,1,124,"H3","730519",8,8,8,1765,0
2008,381,2,124,"H3","730519",8,4500,4500,12333,0
2008,381,1,124,"H3","730520",8,47,47,4245,0
2008,381,2,124,"H3","730531",8,1897,1897,27615,0
2008,381,2,124,"H3","730590",8,6755,6755,83018,0
2008,381,1,124,"H3","7306",8,565,565,19172,0
2008,381,2,124,"H3","7306",8,182508,182508,523720,0
2008,381,2,124,"H3","730611",8,94797,94797,182766,0
2008,381,2,124,"H3","730630",8,49665,49665,89917,0
2008,381,1,124,"H3","730640",8,385,385,15750,0
2008,381,2,124,"H3","730640",8,37806,37806,243930,0
2008,381,1,124,"H3","730690",8,180,180,3421,0
2008,381,2,124,"H3","730690",8,240,240,7106,0
2008,381,1,124,"H3","7307",8,22564,22564,1362304,0
2008,381,2,124,"H3","7307",8,8047481,8047481,37558185,0
2008,381,2,124,"H3","711100",8,801,801,43057,0
2008,381,2,124,"H3","730110",8,3484,3484,67833,0
2008,381,2,124,"H3","722830",8,1074920,1074920,2299745,0
2008,381,2,124,"H3","722490",8,9400,9400,72535,0
2008,381,1,124,"H3","722490",8,120,120,7775,0
2008,381,2,124,"H3","722410",8,670930,670930,1192781,0
2008,381,2,124,"H3","7224",8,680330,680330,1265316,0
2008,381,1,124,"H3","7224",8,120,120,7775,0
2008,381,1,124,"H3","722230",8,2987,2987,29707,0
2008,381,2,124,"H3","721932",8,23620,23620,94379,0
2008,381,2,124,"H3","721931",8,100,100,18859,0
2008,381,2,124,"H3","721691",8,51680,51680,125109,0
2008,381,2,124,"H3","721420",8,441460,441460,306612,0
2008,381,1,124,"H3","721399",8,223164,223164,181604,0
2008,381,1,124,"H3","721320",8,7031,7031,4443,0
2008,381,2,124,"H3","721260",8,60159,60159,103091,0
2008,381,1,124,"H3","721240",8,2358,2358,2399,0
2008,381,2,124,"H3","721090",8,15,15,6028,0
2008,381,2,124,"H3","720990",8,281,281,5610,0
2008,381,1,124,"H3","720990",8,2212098,2212098,1440069,0
2008,381,1,124,"H3","720918",8,20618,20618,22666,0
2008,381,2,124,"H3","720851",8,135,135,2565,0
2008,381,2,124,"H3","720720",8,4610,4610,43064,0
2008,381,1,124,"H3","720719",8,6794,6794,145373,0
2008,381,1,124,"H3","720712",8,2022215,2022215,1781529,0
2008,381,1,124,"H3","720529",8,1776190,1776190,2271891,0
2008,381,1,124,"H3","7205",8,1776190,1776190,2271891,0
2008,381,1,124,"H3","720421",8,9312433,9312433,19103124,0
2008,381,1,124,"H3","711510",8,17,17,4243,0
2008,381,1,124,"H3","711230",8,20,20,10770,0
2008,381,2,124,"H3","721923",8,130,130,14462,0
2008,381,1,124,"H3","720291",8,492790,492790,172409,0
2008,381,1,124,"H3","7202",8,492790,492790,172409,0
2008,381,2,124,"H3","730711",8,38564,38564,228466,0
2008,381,1,124,"H3","730719",8,1854,1854,31558,0
2008,381,2,124,"H3","730719",8,323544,323544,4339662,0
2008,381,2,124,"H3","730721",8,3216302,3216302,8933716,0
2008,381,1,124,"H3","730722",8,341,341,21723,0
2008,381,2,124,"H3","730722",8,754218,754218,3533533,0
2008,381,1,124,"H3","730723",8,2,2,2608,0
2008,381,2,124,"H3","730723",8,29679,29679,713367,0
2008,381,1,124,"H3","730729",8,14660,14660,1248635,0
2008,381,2,124,"H3","730729",8,78723,78723,691125,0
2008,381,1,124,"H3","730791",8,90,90,5635,0
2008,381,2,124,"H3","730791",8,2192806,2192806,8221545,0
2008,381,1,124,"H3","730792",8,1,1,1674,0
2008,381,2,124,"H3","730792",8,11396,11396,183719,0
2008,381,1,124,"H3","730793",8,5402,5402,33796,0
2008,381,2,124,"H3","730793",8,737906,737906,6068250,0
2008,381,1,124,"H3","730799",8,214,214,16674,0
2008,381,2,124,"H3","730799",8,664343,664343,4644802,0
2008,381,1,124,"H3","7308",8,94880,94880,563184,6
2008,381,2,124,"H3","7308",8,857269,857269,3982539,0
2008,381,2,124,"H3","730810",8,69646,69646,305488,0
2008,381,1,124,"H3","730820",8,24319,24319,197759,0
2008,381,1,124,"H3","730830",8,5931,5931,49982,6
2008,381,2,124,"H3","730830",8,29789,29789,144451,0
2008,381,2,124,"H3","730840",8,427074,427074,2391126,0
2008,381,1,124,"H3","730890",8,64630,64630,315442,0
2008,381,2,124,"H3","730890",8,330760,330760,1141474,0
2008,381,2,124,"H3","7309",8,849507,849507,20120169,0
2008,381,2,124,"H3","730900",8,849507,849507,20120169,0
2008,381,1,124,"H3","7310",8,106943,106943,422208,0
2008,381,2,124,"H3","7310",8,37467,37467,322054,0
2008,381,1,124,"H3","731010",8,53326,53326,227632,0
2008,381,2,124,"H3","731010",8,11692,11692,61239,0
2008,381,2,124,"H3","731021",8,5075,5075,25585,0
2008,381,1,124,"H3","731029",8,53617,53617,194576,0
2008,381,2,124,"H3","731029",8,20700,20700,235230,0
2008,381,1,124,"H3","7311",8,400,400,8880,0
2008,381,2,124,"H3","7311",8,158036,158036,620503,0
2008,381,1,124,"H3","731100",8,400,400,8880,0
2008,381,2,124,"H3","731100",8,158036,158036,620503,0
2008,381,1,124,"H3","7312",8,52,52,12591,0
2008,381,2,124,"H3","7312",8,276898,276898,1022877,0
2008,381,1,124,"H3","731210",8,51,51,10307,0
2008,381,2,124,"H3","731210",8,276876,276876,996119,0
2008,381,1,124,"H3","731290",8,1,1,2283,0
2008,381,2,124,"H3","731290",8,22,22,26758,0
2008,381,1,124,"H3","7314",8,20717,20717,259090,0
2008,381,2,124,"H3","7314",8,436467,436467,1353837,0
2008,381,2,124,"H3","731412",8,121,121,7569,0
2008,381,2,124,"H3","731414",8,10800,10800,27871,0
2008,381,1,124,"H3","731419",8,480,480,17327,0
2008,381,2,124,"H3","731441",8,56335,56335,428002,0
2008,381,2,124,"H3","731442",8,369211,369211,890395,0
2008,381,1,124,"H3","731449",8,20237,20237,241763,0
2008,381,1,124,"H3","7315",8,100,100,1531,0
2008,381,2,124,"H3","7315",8,18558,18558,196322,0
2008,381,2,124,"H3","731511",8,8568,8568,99237,0
2008,381,2,124,"H3","731512",8,1150,1150,11766,0
2008,381,2,124,"H3","731520",8,1041,1041,4895,0
2008,381,2,124,"H3","731581",8,270,270,4711,0
2008,381,2,124,"H3","731582",8,2982,2982,19115,0
2008,381,1,124,"H3","731589",8,100,100,1531,0
2008,381,2,124,"H3","731589",8,4530,4530,51660,0
2008,381,2,124,"H3","731590",8,17,17,4938,0
2008,381,1,124,"H3","7316",8,1100,1100,26168,0
2008,381,2,124,"H3","7316",8,1256,1256,36163,0
2008,381,1,124,"H3","731600",8,1100,1100,26168,0
2008,381,2,124,"H3","731600",8,1256,1256,36163,0
2008,381,2,124,"H3","7317",8,250846,250846,901783,0
2008,381,2,124,"H3","731700",8,250846,250846,901783,0
2008,381,1,124,"H3","7318",8,30245,30245,879004,0
2008,381,2,124,"H3","7318",8,341765,341765,2486824,0
2008,381,2,124,"H3","731811",8,436,436,13839,0
2008,381,1,124,"H3","731812",8,580,580,2427,0
2008,381,2,124,"H3","731812",8,5918,5918,57965,0
2008,381,1,124,"H3","731813",8,65,65,1561,0
2008,381,2,124,"H3","731814",8,1065,1065,48912,0
2008,381,1,124,"H3","731815",8,24792,24792,191484,0
2008,381,2,124,"H3","731815",8,201582,201582,1462574,0
2008,381,1,124,"H3","731816",8,19,19,3641,0
2008,381,2,124,"H3","731816",8,9854,9854,132163,0
2008,381,1,124,"H3","731819",8,2944,2944,489419,0
2008,381,2,124,"H3","731819",8,4303,4303,246639,0
2008,381,1,124,"H3","731821",8,9,9,1634,0
2008,381,2,124,"H3","731821",8,6905,6905,54501,0
2008,381,1,124,"H3","731822",8,1740,1740,120408,0
2008,381,2,124,"H3","731822",8,110702,110702,364991,0
2008,381,1,124,"H3","731823",8,3,3,2119,0
2008,381,1,124,"H3","731829",8,93,93,66311,0
2008,381,2,124,"H3","731829",8,1000,1000,105239,0
2008,381,2,124,"H3","7319",8,42,42,6469,0
2008,381,2,124,"H3","731930",8,42,42,6469,0
2008,381,1,124,"H3","7320",8,1208628,1208628,4606932,0
2008,381,2,124,"H3","7320",8,106737,106737,460897,6
2008,381,2,124,"H3","732010",8,88581,88581,328533,0
2008,381,1,124,"H3","732020",8,28,28,1669,0
2008,381,2,124,"H3","732020",8,2207,2207,35560,0
2008,381,1,124,"H3","732090",8,1208600,1208600,4605263,0
2008,381,2,124,"H3","732090",8,15949,15949,96805,6
2008,381,1,124,"H3","7321",1,,162666,810126,0
2008,381,2,124,"H3","7321",1,,231397,3562402,0
2008,381,1,124,"H3","732111",5,6249,114160,575282,0
2008,381,2,124,"H3","732111",5,3091,66896,1052004,0
2008,381,1,124,"H3","732112",5,1,75,2567,0
2008,381,1,124,"H3","732119",5,1277,26815,67388,0
2008,381,2,124,"H3","732119",5,2,275,3484,0
2008,381,1,124,"H3","732181",5,50,4082,33370,0
2008,381,2,124,"H3","732181",5,4376,138296,1941226,0
2008,381,2,124,"H3","732182",5,665,6652,103773,0
2008,381,1,124,"H3","732189",5,1332,15426,106939,0
2008,381,2,124,"H3","732189",5,551,10405,176330,0
2008,381,1,124,"H3","732190",8,2108,2108,24581,0
2008,381,2,124,"H3","732190",8,8873,8873,285586,0
2008,381,2,124,"H3","7322",8,79973,79973,738726,0
2008,381,2,124,"H3","732211",8,53443,53443,398579,0
2008,381,2,124,"H3","732219",8,668,668,16288,0
2008,381,2,124,"H3","732290",8,25862,25862,323858,0
2008,381,1,124,"H3","7323",8,1580,1580,50514,0
2008,381,2,124,"H3","7323",8,312688,312688,3181480,0
2008,381,2,124,"H3","732391",8,7127,7127,59054,0
2008,381,2,124,"H3","732392",8,386,386,10013,0
2008,381,1,124,"H3","732393",8,643,643,12513,0
2008,381,2,124,"H3","732393",8,102028,102028,1984142,0
2008,381,2,124,"H3","732394",8,22558,22558,285069,0
2008,381,1,124,"H3","732399",8,937,937,38001,0
2008,381,2,124,"H3","732399",8,180589,180589,843201,0
2008,381,1,124,"H3","7324",8,1505,1505,11649,6
2008,381,2,124,"H3","7324",8,63200,63200,1333966,0
2008,381,1,124,"H3","732410",8,1100,1100,2393,0
2008,381,2,124,"H3","732410",8,12982,12982,282419,0
2008,381,1,124,"H3","732429",8,405,405,9256,6
2008,381,2,124,"H3","732429",8,7381,7381,202301,0
2008,381,2,124,"H3","732490",8,42837,42837,849246,0
2008,381,1,124,"H3","7325",8,51,51,4624,0
2008,381,2,124,"H3","7325",8,25126,25126,782145,0
2008,381,2,124,"H3","732510",8,7522,7522,165525,0
2008,381,1,124,"H3","732599",8,51,51,4624,0
2008,381,2,124,"H3","732599",8,17604,17604,616619,0
2008,381,1,124,"H3","7326",8,115413,115413,820634,0
2008,381,2,124,"H3","7326",8,3506647,3506647,28281059,0
2008,381,1,124,"H3","732619",8,768,768,147814,0
2008,381,2,124,"H3","732619",8,405711,405711,1733940,0
2008,381,1,124,"H3","732620",8,652,652,112428,0
2008,381,2,124,"H3","732620",8,73260,73260,498627,0
2008,381,1,124,"H3","732690",8,113993,113993,560392,0
2008,381,2,124,"H3","732690",8,3027676,3027676,26048491,0
2008,381,1,124,"H3","74",1,,,146734637,0
2008,381,2,124,"H3","74",1,,,6619431,0
2008,381,1,124,"H3","7403",8,17874344,17874344,145575568,0
2008,381,2,124,"H3","7403",8,80637,80637,1788505,0
2008,381,1,124,"H3","740311",8,17850001,17850001,145536328,0
2008,381,2,124,"H3","740311",8,2000,2000,7341,0
2008,381,1,124,"H3","740322",8,24343,24343,39240,0
2008,381,2,124,"H3","740322",8,422,422,42736,0
2008,381,2,124,"H3","740329",8,78215,78215,1738427,0
2008,381,1,124,"H3","7404",8,184398,184398,889782,0
2008,381,1,124,"H3","740400",8,184398,184398,889782,0
2008,381,2,124,"H3","7405",8,209,209,34369,0
2008,381,2,124,"H3","740500",8,209,209,34369,0
2008,381,2,124,"H3","7406",8,32212,32212,293675,0
2008,381,2,124,"H3","740610",8,32212,32212,293675,0
2008,381,1,124,"H3","7407",8,439,439,6230,0
2008,381,2,124,"H3","7407",8,21496,21496,353247,0
2008,381,1,124,"H3","740710",8,135,135,3210,0
2008,381,2,124,"H3","740710",8,9872,9872,228971,0
2008,381,2,124,"H3","740721",8,11624,11624,124276,0
2008,381,1,124,"H3","740729",8,304,304,3020,0
2008,381,2,124,"H3","7408",8,1322108,1322108,2219258,0
2008,381,2,124,"H3","740819",8,1282999,1282999,2151822,0
2008,381,2,124,"H3","740822",8,39109,39109,67436,0
2008,381,1,124,"H3","7409",8,25319,25319,129455,0
2008,381,2,124,"H3","7409",8,9280,9280,92492,0
2008,381,2,124,"H3","740921",8,3745,3745,38436,0
2008,381,2,124,"H3","740929",8,5461,5461,45285,0
2008,381,2,124,"H3","740939",8,74,74,8771,0
2008,381,1,124,"H3","7410",8,50,50,2125,0
2008,381,2,124,"H3","7410",8,8,8,4742,0
2008,381,1,124,"H3","741012",8,50,50,2125,0
2008,381,2,124,"H3","7411",8,12364,12364,224033,0
2008,381,2,124,"H3","7412",8,506,506,28410,0
2008,381,2,124,"H3","741220",8,506,506,28410,0
2008,381,2,124,"H3","7415",8,123,123,6020,0
2008,381,2,124,"H3","7418",8,6101,6101,100136,0
2008,381,2,124,"H3","741811",8,4858,4858,84118,0
2008,381,2,124,"H3","741819",8,1002,1002,3687,0
2008,381,2,124,"H3","741820",8,241,241,12331,0
2008,381,1,124,"H3","7419",8,1140,1140,83069,0
2008,381,2,124,"H3","7419",8,134890,134890,1474544,0
2008,381,2,124,"H3","741910",8,2993,2993,17019,0
2008,381,1,124,"H3","741999",8,1018,1018,77683,0
2008,381,2,124,"H3","741999",8,14337,14337,378375,0
2008,381,1,124,"H3","75",1,,,30766276,0
2008,381,2,124,"H3","75",1,,,951668,0
2008,381,1,124,"H3","7502",8,1212000,1212000,28096001,0
2008,381,2,124,"H3","7502",8,35625,35625,659830,0
2008,381,1,124,"H3","750210",8,1212000,1212000,28096001,0
2008,381,2,124,"H3","750210",8,35620,35620,656058,0
2008,381,2,124,"H3","750220",8,5,5,3772,0
2008,381,1,124,"H3","7504",8,3627,3627,111677,0
2008,381,1,124,"H3","750400",8,3627,3627,111677,0
2008,381,1,124,"H3","7505",8,987,987,50884,0
2008,381,1,124,"H3","750512",8,987,987,50884,0
2008,381,2,124,"H3","7507",8,1076,1076,89867,0
2008,381,2,124,"H3","750711",8,1076,1076,89867,0
2008,381,1,124,"H3","7508",8,1846,1846,2470440,0
2008,381,2,124,"H3","7508",8,665,665,201971,0
2008,381,1,124,"H3","750890",8,1846,1846,2470440,0
2008,381,2,124,"H3","750890",8,665,665,201971,0
2008,381,1,124,"H3","76",1,,,12407835,0
2008,381,2,124,"H3","76",1,,,14374075,0
2008,381,1,124,"H3","7601",8,1992618,1992618,4935445,0
2008,381,2,124,"H3","7601",8,3,3,7216,0
2008,381,2,124,"H3","760120",8,3,3,7216,0
2008,381,1,124,"H3","7602",8,861868,861868,2050053,0
2008,381,2,124,"H3","7602",8,50900,50900,109449,0
2008,381,1,124,"H3","760200",8,861868,861868,2050053,0
2008,381,2,124,"H3","760200",8,50900,50900,109449,0
2008,381,1,124,"H3","760410",8,1113,1113,160857,0
2008,381,2,124,"H3","760410",8,52226,52226,397336,0
2008,381,1,124,"H3","760421",8,90,90,1633,0
2008,381,2,124,"H3","760421",8,9370,9370,87003,0
2008,381,1,124,"H3","760429",8,989,989,65355,0
2008,381,2,124,"H3","760429",8,27394,27394,364524,0
2008,381,1,124,"H3","7605",8,510076,510076,1916190,0
2008,381,2,124,"H3","7605",8,600,600,3817,0
2008,381,1,124,"H3","7606",8,119480,119480,536672,0
2008,381,2,124,"H3","7606",8,333932,333932,2250854,0
2008,381,1,124,"H3","760611",8,115880,115880,531674,0
2008,381,2,124,"H3","760611",8,79710,79710,447296,0
2008,381,2,124,"H3","760612",8,228195,228195,1555303,0
2008,381,1,124,"H3","760692",8,3600,3600,4998,0
2008,381,2,124,"H3","760692",8,16954,16954,167187,0
2008,381,1,124,"H3","7607",8,2650,2650,25215,0
2008,381,2,124,"H3","7607",8,5847,5847,112497,0
2008,381,2,124,"H3","760719",8,761,761,19239,0
2008,381,1,124,"H3","760720",8,2650,2650,25215,0
2008,381,2,124,"H3","760720",8,5086,5086,93257,0
2008,381,1,124,"H3","7608",8,285,285,4408,0
2008,381,2,124,"H3","7608",8,15535,15535,209771,0
2008,381,1,124,"H3","760810",8,285,285,4408,0
2008,381,2,124,"H3","760810",8,10480,10480,155537,0
2008,381,2,124,"H3","760820",8,5055,5055,54234,0
2008,381,1,124,"H3","7609",8,17,17,1483,0
2008,381,2,124,"H3","7609",8,3760,3760,58574,0
2008,381,1,124,"H3","760900",8,17,17,1483,0
2008,381,2,124,"H3","760900",8,3760,3760,58574,0
2008,381,1,124,"H3","7610",8,23059,23059,124374,6
2008,381,2,124,"H3","7610",8,125106,125106,1198867,0
2008,381,1,124,"H3","761010",8,721,721,12633,6
2008,381,2,124,"H3","761010",8,16082,16082,217736,0
2008,381,1,124,"H3","761090",8,22338,22338,111740,0
2008,381,2,124,"H3","761090",8,109024,109024,981130,0
2008,381,1,124,"H3","7612",8,114886,114886,119719,0
2008,381,1,124,"H3","761290",8,114886,114886,119719,0
2008,381,1,124,"H3","7615",8,244,244,14281,0
2008,381,2,124,"H3","7615",8,656456,656456,5628324,0
2008,381,1,124,"H3","761519",8,193,193,3552,0
2008,381,2,124,"H3","761519",8,654107,654107,5531624,0
2008,381,1,124,"H3","761520",8,51,51,10729,0
2008,381,2,124,"H3","761520",8,2349,2349,96700,0
2008,381,1,124,"H3","7616",8,298494,298494,2147506,0
2008,381,2,124,"H3","7616",8,294712,294712,3943864,0
2008,381,1,124,"H3","7506",8,550,550,37274,0
2008,381,2,124,"H3","741533",8,3,3,1616,0
2008,381,2,124,"H3","760691",8,9073,9073,81068,0
2008,381,2,124,"H3","7604",8,88990,88990,848863,0
2008,381,1,124,"H3","7604",8,2192,2192,227845,0
2008,381,2,124,"H3","7603",8,100,100,1979,0
2008,381,1,124,"H3","7603",8,91983,91983,304646,0
2008,381,1,124,"H3","750620",8,550,550,37274,0
2008,381,2,124,"H3","741991",8,117560,117560,1079149,0
2008,381,1,124,"H3","741991",8,122,122,5386,0
2008,381,2,124,"H3","741521",8,120,120,4403,0
2008,381,2,124,"H3","741110",8,12034,12034,199892,0
2008,381,1,124,"H3","760521",8,510076,510076,1916190,0
2008,381,2,124,"H3","760320",8,100,100,1979,0
2008,381,1,124,"H3","740990",8,25319,25319,129455,0
2008,381,2,124,"H3","760519",8,600,600,3817,0
2008,381,1,124,"H3","760310",8,91983,91983,304646,0
2008,381,1,124,"H3","760110",8,1992618,1992618,4935445,0
2008,381,2,124,"H3","741121",8,330,330,24142,0
2008,381,1,124,"H3","741300",8,248,248,48408,0
2008,381,1,124,"H3","7413",8,248,248,48408,0
2008,381,2,124,"H3","741012",8,8,8,4742,0
2008,381,1,124,"H3","761610",8,719,719,201003,0
2008,381,2,124,"H3","761610",8,92464,92464,1433986,0
2008,381,1,124,"H3","761691",8,24,24,2683,0
2008,381,2,124,"H3","761691",8,112,112,1572,0
2008,381,1,124,"H3","761699",8,297751,297751,1943820,0
2008,381,2,124,"H3","761699",8,202136,202136,2508305,0
2008,381,1,124,"H3","78",1,,,22958,0
2008,381,2,124,"H3","78",1,,,7363,0
2008,381,1,124,"H3","7806",8,4453,4453,22958,0
2008,381,2,124,"H3","7806",8,200,200,7363,0
2008,381,1,124,"H3","780600",8,4453,4453,22958,0
2008,381,2,124,"H3","780600",8,200,200,7363,0
2008,381,1,124,"H3","79",1,,,560322,0
2008,381,2,124,"H3","79",1,,,28231,0
2008,381,1,124,"H3","7903",8,152390,152390,478410,0
2008,381,1,124,"H3","7907",8,2400,2400,81912,0
2008,381,2,124,"H3","7907",8,888,888,28231,0
2008,381,1,124,"H3","790700",8,2400,2400,81912,0
2008,381,2,124,"H3","790700",8,888,888,28231,0
2008,381,1,124,"H3","80",1,,,40648,0
2008,381,2,124,"H3","80",1,,,14167,0
2008,381,1,124,"H3","8007",8,1001,1001,40648,0
2008,381,2,124,"H3","8007",8,116,116,9762,0
2008,381,1,124,"H3","800700",8,1001,1001,40648,0
2008,381,2,124,"H3","800700",8,116,116,9762,0
2008,381,1,124,"H3","81",1,,,4338404,0
2008,381,2,124,"H3","81",1,,,5675470,0
2008,381,1,124,"H3","8104",8,15,15,4462,0
2008,381,1,124,"H3","8108",8,146127,146127,4005256,0
2008,381,2,124,"H3","8108",8,127173,127173,5526294,0
2008,381,1,124,"H3","810890",8,12411,12411,813059,0
2008,381,2,124,"H3","810890",8,101387,101387,5390003,0
2008,381,1,124,"H3","8109",8,7000,7000,243579,0
2008,381,1,124,"H3","82",1,,,3201757,0
2008,381,2,124,"H3","82",1,,,14947606,0
2008,381,1,124,"H3","8201",8,19,19,1809,0
2008,381,2,124,"H3","8201",8,8449,8449,94400,0
2008,381,2,124,"H3","820150",8,1102,1102,35028,0
2008,381,2,124,"H3","820160",8,2516,2516,28319,0
2008,381,1,124,"H3","820190",8,19,19,1809,0
2008,381,2,124,"H3","820190",8,1605,1605,15180,0
2008,381,1,124,"H3","820231",8,70,70,5873,0
2008,381,2,124,"H3","820231",8,235524,235524,5200252,0
2008,381,2,124,"H3","820239",8,417,417,20399,0
2008,381,1,124,"H3","820299",8,393,393,11724,0
2008,381,2,124,"H3","820299",8,274244,274244,347970,0
2008,381,1,124,"H3","8203",8,282,282,39145,0
2008,381,2,124,"H3","8203",8,1038,1038,104021,0
2008,381,2,124,"H3","820310",8,242,242,18385,0
2008,381,1,124,"H3","820320",8,280,280,37374,0
2008,381,2,124,"H3","820320",8,581,581,63821,0
2008,381,2,124,"H3","820330",8,165,165,19628,0
2008,381,1,124,"H3","820340",8,2,2,1771,0
2008,381,2,124,"H3","820340",8,50,50,2186,0
2008,381,1,124,"H3","8204",8,75,75,2048,0
2008,381,2,124,"H3","8204",8,491,491,18630,0
2008,381,2,124,"H3","820411",8,461,461,5300,0
2008,381,2,124,"H3","820412",8,22,22,4214,0
2008,381,1,124,"H3","8205",8,27438,27438,118784,0
2008,381,2,124,"H3","8205",8,73880,73880,1587834,0
2008,381,1,124,"H3","820510",8,330,330,7083,0
2008,381,2,124,"H3","820510",8,212,212,16253,0
2008,381,1,124,"H3","820520",8,8,8,2185,0
2008,381,2,124,"H3","820520",8,410,410,19968,0
2008,381,1,124,"H3","820530",8,234,234,20784,0
2008,381,2,124,"H3","820530",8,59,59,12947,0
2008,381,1,124,"H3","820551",8,400,400,13745,0
2008,381,2,124,"H3","820551",8,21356,21356,403521,0
2008,381,1,124,"H3","820559",8,134,134,14993,0
2008,381,2,124,"H3","820559",8,50078,50078,916438,0
2008,381,1,124,"H3","820570",8,82,82,8118,0
2008,381,2,124,"H3","820570",8,160,160,9951,0
2008,381,1,124,"H3","820590",8,1990,1990,40584,0
2008,381,2,124,"H3","820590",8,1605,1605,208755,0
2008,381,1,124,"H3","8206",8,12,12,5326,0
2008,381,2,124,"H3","8206",8,22028,22028,309715,0
2008,381,1,124,"H3","820600",8,12,12,5326,0
2008,381,2,124,"H3","820600",8,22028,22028,309715,0
2008,381,1,124,"H3","8207",8,13099,13099,1323618,0
2008,381,2,124,"H3","8207",8,77414,77414,5583477,0
2008,381,2,124,"H3","820713",8,67,67,18122,0
2008,381,1,124,"H3","820719",8,6139,6139,323789,0
2008,381,2,124,"H3","820719",8,4783,4783,668074,0
2008,381,2,124,"H3","820720",8,1684,1684,46454,0
2008,381,1,124,"H3","820730",8,5354,5354,506140,0
2008,381,2,124,"H3","820730",8,25518,25518,294685,0
2008,381,2,124,"H3","820740",8,1017,1017,143457,0
2008,381,1,124,"H3","820750",8,1,1,2552,0
2008,381,2,124,"H3","820750",8,9806,9806,1832372,0
2008,381,1,124,"H3","820760",8,30,30,5251,0
2008,381,2,124,"H3","820760",8,103,103,7157,0
2008,381,1,124,"H3","820770",8,919,919,215316,0
2008,381,2,124,"H3","820770",8,1569,1569,187513,0
2008,381,1,124,"H3","820780",8,4,4,1982,0
2008,381,2,124,"H3","820780",8,1393,1393,123150,0
2008,381,1,124,"H3","820790",8,652,652,268589,0
2008,381,2,124,"H3","820790",8,31474,31474,2262493,0
2008,381,1,124,"H3","8208",8,1589,1589,379558,0
2008,381,1,124,"H3","811300",8,1875,1875,72880,0
2008,381,1,124,"H3","8113",8,1875,1875,72880,0
2008,381,2,124,"H3","8112",8,26000,26000,16150,0
2008,381,1,124,"H3","810490",8,15,15,4462,0
2008,381,1,124,"H3","820240",8,54191,54191,1237406,0
2008,381,1,124,"H3","820540",8,24260,24260,11293,0
2008,381,2,124,"H3","8202",8,510185,510185,5568621,0
2008,381,1,124,"H3","8202",8,54655,54655,1260967,0
2008,381,2,124,"H3","8107",8,1700,1700,133025,0
2008,381,2,124,"H3","820420",8,8,8,9116,0
2008,381,1,124,"H3","820420",8,75,75,2048,0
2008,381,1,124,"H3","820291",8,1,1,5964,0
2008,381,2,124,"H3","820130",8,2630,2630,6667,0
2008,381,2,124,"H3","811221",8,26000,26000,16150,0
2008,381,1,124,"H3","810930",8,7000,7000,243579,0
2008,381,2,124,"H3","810830",8,25786,25786,136292,0
2008,381,1,124,"H3","810820",8,133716,133716,3192197,0
2008,381,2,124,"H3","810790",8,1700,1700,133025,0
2008,381,1,124,"H3","810590",8,38,38,12227,0
2008,381,2,124,"H3","800120",8,1,1,4405,0
2008,381,2,124,"H3","8001",8,1,1,4405,0
2008,381,1,124,"H3","790390",8,101496,101496,339657,0
2008,381,1,124,"H3","790310",8,50894,50894,138753,0
2008,381,2,124,"H3","820140",8,596,596,9206,0
2008,381,1,124,"H3","8105",8,38,38,12227,0
2008,381,2,124,"H3","8208",8,10676,10676,593306,0
2008,381,1,124,"H3","820810",8,287,287,48806,0
2008,381,2,124,"H3","820810",8,355,355,17125,0
2008,381,1,124,"H3","820820",8,103,103,18106,0
2008,381,2,124,"H3","820820",8,2814,2814,298132,0
2008,381,1,124,"H3","820830",8,1199,1199,312646,0
2008,381,2,124,"H3","820830",8,527,527,47087,0
2008,381,2,124,"H3","820890",8,6980,6980,230962,0
2008,381,1,124,"H3","8209",8,71,71,6242,0
2008,381,2,124,"H3","8209",8,49,49,11710,0
2008,381,1,124,"H3","820900",8,71,71,6242,0
2008,381,2,124,"H3","820900",8,49,49,11710,0
2008,381,1,124,"H3","8210",8,1115,1115,16303,0
2008,381,2,124,"H3","8210",8,6815,6815,106715,0
2008,381,1,124,"H3","821000",8,1115,1115,16303,0
2008,381,2,124,"H3","821000",8,6815,6815,106715,0
2008,381,2,124,"H3","8211",1,,7950,407585,0
2008,381,2,124,"H3","821110",5,5101,214,12352,2
2008,381,2,124,"H3","821191",1,,6806,321728,0
2008,381,2,124,"H3","821192",1,,186,13115,0
2008,381,2,124,"H3","821193",1,,73,17931,0
2008,381,2,124,"H3","821194",8,671,671,42459,0
2008,381,2,124,"H3","8212",1,,112,6528,0
2008,381,2,124,"H3","821210",5,3085,112,6528,0
2008,381,2,124,"H3","8213",8,5708,5708,258780,0
2008,381,2,124,"H3","821300",8,5708,5708,258780,0
2008,381,1,124,"H3","8214",8,10,10,4806,0
2008,381,2,124,"H3","8214",8,284,284,48781,0
2008,381,1,124,"H3","821420",8,10,10,4806,0
2008,381,2,124,"H3","821420",8,284,284,48781,0
2008,381,1,124,"H3","8215",8,1601,1601,43152,0
2008,381,2,124,"H3","8215",8,15310,15310,247504,0
2008,381,2,124,"H3","821510",8,606,606,28404,0
2008,381,1,124,"H3","821520",8,1551,1551,38763,0
2008,381,2,124,"H3","821520",8,1218,1218,40025,0
2008,381,1,124,"H3","821599",8,50,50,4389,0
2008,381,2,124,"H3","821599",8,13486,13486,179075,0
2008,381,1,124,"H3","83",1,,,1113603,0
2008,381,2,124,"H3","83",1,,,25024116,0
2008,381,1,124,"H3","8301",8,1245,1245,65765,0
2008,381,2,124,"H3","8301",8,33223,33223,1064646,0
2008,381,1,124,"H3","830110",8,18,18,1785,0
2008,381,2,124,"H3","830110",8,11258,11258,377486,0
2008,381,2,124,"H3","830120",8,16,16,3560,0
2008,381,2,124,"H3","830130",8,133,133,5917,0
2008,381,1,124,"H3","830140",8,908,908,25929,0
2008,381,2,124,"H3","830140",8,13075,13075,372385,0
2008,381,2,124,"H3","830150",8,997,997,48630,0
2008,381,1,124,"H3","830160",8,319,319,38051,0
2008,381,2,124,"H3","830160",8,7736,7736,250697,0
2008,381,2,124,"H3","830170",8,8,8,5971,0
2008,381,1,124,"H3","8302",8,63161,63161,561494,0
2008,381,2,124,"H3","8302",8,1940242,1940242,17197824,0
2008,381,1,124,"H3","830210",8,6352,6352,121148,0
2008,381,2,124,"H3","830210",8,607532,607532,5007381,0
2008,381,2,124,"H3","830220",8,35883,35883,349231,0
2008,381,2,124,"H3","830230",8,895,895,47551,0
2008,381,1,124,"H3","830241",8,2097,2097,30122,0
2008,381,2,124,"H3","830241",8,43687,43687,726420,0
2008,381,1,124,"H3","830242",8,49405,49405,311903,0
2008,381,2,124,"H3","830242",8,1075471,1075471,8607695,0
2008,381,1,124,"H3","830249",8,5242,5242,96774,0
2008,381,2,124,"H3","830249",8,92618,92618,1042034,0
2008,381,1,124,"H3","830250",8,65,65,1546,0
2008,381,2,124,"H3","830250",8,447,447,9856,0
2008,381,2,124,"H3","830260",8,83709,83709,1407654,0
2008,381,2,124,"H3","8303",8,180,180,5321,0
2008,381,2,124,"H3","830300",8,180,180,5321,0
2008,381,2,124,"H3","8304",8,86,86,4040,0
2008,381,2,124,"H3","830400",8,86,86,4040,0
2008,381,2,124,"H3","8305",8,12216,12216,299917,0
2008,381,2,124,"H3","830520",8,12216,12216,299917,0
2008,381,2,124,"H3","8306",8,107241,107241,1821777,0
2008,381,2,124,"H3","830621",8,20764,20764,89603,0
2008,381,2,124,"H3","830629",8,83651,83651,1655436,0
2008,381,2,124,"H3","830630",8,2826,2826,76739,0
2008,381,1,124,"H3","8307",8,3,3,3988,0
2008,381,2,124,"H3","8307",8,493,493,8728,0
2008,381,1,124,"H3","830790",8,3,3,3988,0
2008,381,2,124,"H3","830790",8,493,493,8728,0
2008,381,1,124,"H3","8308",8,1897,1897,58751,0
2008,381,2,124,"H3","8308",8,44854,44854,1801845,0
2008,381,2,124,"H3","830810",8,5364,5364,175433,0
2008,381,1,124,"H3","830820",8,201,201,8240,0
2008,381,2,124,"H3","830820",8,540,540,11600,0
2008,381,1,124,"H3","830890",8,1696,1696,50511,0
2008,381,2,124,"H3","830890",8,38950,38950,1614812,0
2008,381,1,124,"H3","8309",8,99739,99739,360049,0
2008,381,2,124,"H3","8309",8,458390,458390,2009527,0
2008,381,2,124,"H3","830910",8,317465,317465,698950,0
2008,381,1,124,"H3","830990",8,99739,99739,360049,0
2008,381,2,124,"H3","830990",8,140925,140925,1310576,0
2008,381,1,124,"H3","8310",8,11,11,1752,0
2008,381,2,124,"H3","8310",8,499,499,13986,0
2008,381,1,124,"H3","831000",8,11,11,1752,0
2008,381,2,124,"H3","831000",8,499,499,13986,0
2008,381,1,124,"H3","8311",8,4760,4760,61805,0
2008,381,2,124,"H3","8311",8,370335,370335,796504,0
2008,381,1,124,"H3","831110",8,290,290,7484,0
2008,381,2,124,"H3","831110",8,194,194,4441,0
2008,381,1,124,"H3","831120",8,3080,3080,36702,0
2008,381,2,124,"H3","831120",8,39536,39536,134248,0
2008,381,2,124,"H3","831130",8,665,665,148029,0
2008,381,1,124,"H3","831190",8,1390,1390,17620,0
2008,381,2,124,"H3","831190",8,329940,329940,509785,0
2008,381,1,124,"H3","84",1,,,321377754,0
2008,381,2,124,"H3","84",1,,,930254051,0
2008,381,1,124,"H3","8402",8,7300,7300,234846,0
2008,381,2,124,"H3","8402",8,2823,2823,93550,0
2008,381,2,124,"H3","840219",8,2675,2675,72788,0
2008,381,1,124,"H3","840290",8,7300,7300,234846,0
2008,381,2,124,"H3","840290",8,148,148,20762,0
2008,381,1,124,"H3","8403",1,,479,4678,0
2008,381,2,124,"H3","8403",1,,561725,9394066,0
2008,381,1,124,"H3","840310",1,,25,1948,0
2008,381,2,124,"H3","840310",1,,498727,7738477,0
2008,381,1,124,"H3","840390",8,454,454,2730,0
2008,381,2,124,"H3","840390",8,62998,62998,1655588,0
2008,381,1,124,"H3","8404",8,843,843,99730,0
2008,381,2,124,"H3","8404",8,483,483,15089,0
2008,381,1,124,"H3","840410",8,748,748,89011,0
2008,381,2,124,"H3","840420",8,483,483,15089,0
2008,381,1,124,"H3","840490",8,95,95,10719,0
2008,381,1,124,"H3","8405",8,20,20,3330,0
2008,381,2,124,"H3","8405",8,27626,27626,365423,0
2008,381,1,124,"H3","840510",8,20,20,3330,0
2008,381,2,124,"H3","840510",8,27550,27550,357083,0
2008,381,2,124,"H3","840590",8,76,76,8339,0
2008,381,1,124,"H3","8406",1,,1622,1402792,0
2008,381,2,124,"H3","8406",1,,10349,1271027,0
2008,381,1,124,"H3","840681",1,,1394,1256673,0
2008,381,1,124,"H3","840690",8,228,228,146119,0
2008,381,2,124,"H3","840690",8,10349,10349,1271027,0
2008,381,1,124,"H3","8407",5,38,3395,73707,0
2008,381,2,124,"H3","8407",5,637,9508,470830,0
2008,381,2,124,"H3","840710",5,38,343,48633,0
2008,381,1,124,"H3","840721",5,1,49,2779,0
2008,381,2,124,"H3","840729",5,1,20,2264,0
2008,381,2,124,"H3","840731",5,3,6003,118301,0
2008,381,2,124,"H3","840732",5,50,9,1509,0
2008,381,1,124,"H3","840733",5,3,155,7296,0
2008,381,2,124,"H3","840733",5,8,15,42673,0
2008,381,1,124,"H3","840734",5,33,2991,59893,0
2008,381,2,124,"H3","840734",5,1,180,143693,0
2008,381,1,124,"H3","840790",5,1,200,3738,0
2008,381,2,124,"H3","840790",5,536,2938,113756,0
2008,381,1,124,"H3","8408",5,282,78613,964502,0
2008,381,2,124,"H3","8408",5,336,54947,943650,0
2008,381,1,124,"H3","840810",5,1,15000,145256,0
2008,381,2,124,"H3","840810",5,25,1165,15396,0
2008,381,1,124,"H3","840820",5,13,4479,103063,0
2008,381,2,124,"H3","840820",5,6,14904,555125,0
2008,381,1,124,"H3","840890",5,268,59134,716183,0
2008,381,2,124,"H3","840890",5,305,38878,373129,0
2008,381,1,124,"H3","8409",8,184661,184661,1705326,0
2008,381,2,124,"H3","8409",8,32682,32682,1979396,0
2008,381,2,124,"H3","840910",8,3137,3137,263214,0
2008,381,1,124,"H3","840991",8,65157,65157,253113,0
2008,381,2,124,"H3","840991",8,9480,9480,323109,0
2008,381,2,124,"H3","8410",1,,7861,115016,0
2008,381,2,124,"H3","841090",8,120,120,2572,0
2008,381,1,124,"H3","8411",1,,151094,187359241,0
2008,381,2,124,"H3","8411",1,,2655347,136172747,0
2008,381,1,124,"H3","841121",5,296,40800,83053988,0
2008,381,2,124,"H3","841121",5,4,866,1437241,0
2008,381,1,124,"H3","841182",5,3,1814,267208,0
2008,381,1,124,"H3","841191",8,42759,42759,44704550,0
2008,381,2,124,"H3","841191",8,73919,73919,62499458,0
2008,381,1,124,"H3","841199",8,16046,16046,1327906,0
2008,381,2,124,"H3","841199",8,2579194,2579194,71084405,0
2008,381,1,124,"H3","8412",1,,45740,1910463,0
2008,381,2,124,"H3","8412",1,,392150,6110486,0
2008,381,2,124,"H3","841210",5,3,50,5755,0
2008,381,1,124,"H3","841221",1,,25786,885637,0
2008,381,2,124,"H3","841221",1,,18784,336238,0
2008,381,1,124,"H3","841231",1,,9765,548415,0
2008,381,2,124,"H3","841231",1,,19547,418253,0
2008,381,1,124,"H3","841239",1,,234,36901,0
2008,381,2,124,"H3","841239",1,,114294,1193211,0
2008,381,2,124,"H3","841280",1,,1800,40710,0
2008,381,1,124,"H3","841290",8,5612,5612,62273,0
2008,381,2,124,"H3","841290",8,13900,13900,543261,0
2008,381,2,124,"H3","841311",5,117,1909,56074,0
2008,381,1,124,"H3","841319",5,842,1076,86395,0
2008,381,2,124,"H3","841319",5,1355,27649,539636,0
2008,381,2,124,"H3","841320",5,21,961,36284,0
2008,381,1,124,"H3","841330",5,920,1958,74222,0
2008,381,2,124,"H3","841330",5,8204,15889,412470,0
2008,381,2,124,"H3","841340",5,120,16113,265842,0
2008,381,1,124,"H3","841350",5,2245,1464,68409,2
2008,381,2,124,"H3","841350",5,30410,211621,5262534,0
2008,381,1,124,"H3","841360",5,4318,15839,677539,2
2008,381,2,124,"H3","841360",5,8541,22587,957558,2
2008,381,1,124,"H3","841370",5,2504,8580,174250,0
2008,381,2,124,"H3","841370",5,6084,263681,11837163,0
2008,381,2,124,"H3","841382",5,100,34,4209,0
2008,381,1,124,"H3","841391",8,28628,28628,611664,0
2008,381,2,124,"H3","841391",8,181291,181291,5534675,0
2008,381,2,124,"H3","841392",8,7900,7900,139987,0
2008,381,1,124,"H3","8414",1,,52546,1504184,0
2008,381,2,124,"H3","8414",1,,938081,50142288,0
2008,381,1,124,"H3","841410",5,1260,5404,276511,0
2008,381,2,124,"H3","841410",5,4468,208536,5624786,0
2008,381,2,124,"H3","841420",5,12228,2320,23901,0
2008,381,1,124,"H3","841430",5,2,251,15812,0
2008,381,2,124,"H3","841430",5,268,31354,454622,0
2008,381,2,124,"H3","841440",5,89,23526,327247,0
2008,381,1,124,"H3","841451",5,144,500,7127,0
2008,381,2,124,"H3","841451",5,12004,52152,765520,0
2008,381,1,124,"H3","841460",5,7,205,6259,0
2008,381,2,124,"H3","841460",5,8670,123235,2295101,0
2008,381,1,124,"H3","841480",5,230,5362,326431,0
2008,381,2,124,"H3","841480",5,769,47558,2664795,0
2008,381,1,124,"H3","841490",8,39011,39011,836716,0
2008,381,2,124,"H3","841490",8,133689,133689,32467050,0
2008,381,1,124,"H3","8415",1,,5890,182715,0
2008,381,2,124,"H3","8415",1,,97542,2143214,0
2008,381,2,124,"H3","841510",5,157,3131,39258,2
2008,381,2,124,"H3","841520",1,,363,5286,0
2008,381,1,124,"H3","841581",1,,944,11037,0
2008,381,2,124,"H3","841581",5,603,17529,516586,2
2008,381,1,124,"H3","841582",1,,350,22267,0
2008,381,2,124,"H3","841582",1,,18147,474828,0
2008,381,1,124,"H3","841583",1,,1056,20522,0
2008,381,2,124,"H3","841583",1,,18161,462546,0
2008,381,1,124,"H3","841590",8,3540,3540,128889,0
2008,381,2,124,"H3","841590",8,40211,40211,644711,0
2008,381,1,124,"H3","8416",8,9456,9456,338396,6
2008,381,2,124,"H3","8416",8,605521,605521,11436234,0
2008,381,1,124,"H3","841610",8,15,15,1574,6
2008,381,2,124,"H3","841610",8,190698,190698,3352995,0
2008,381,1,124,"H3","841620",8,896,896,11404,0
2008,381,2,124,"H3","841620",8,75258,75258,1962838,0
2008,381,1,124,"H3","841690",8,8545,8545,325418,0
2008,381,2,124,"H3","841690",8,339565,339565,6120400,0
2008,381,1,124,"H3","8417",1,,8799,1710693,0
2008,381,2,124,"H3","8417",1,,660107,8880991,0
2008,381,1,124,"H3","841710",1,,80,38221,0
2008,381,2,124,"H3","841710",5,6,14425,168937,2
2008,381,1,124,"H3","841720",1,,1930,38590,0
2008,381,2,124,"H3","841720",5,262,202096,1419407,2
2008,381,2,124,"H3","841111",5,1,130,1644,0
2008,381,2,124,"H3","841459",5,190291,315711,5519266,0
2008,381,1,124,"H3","841459",5,1570,1813,35327,0
2008,381,2,124,"H3","841381",5,121596,399449,7965008,0
2008,381,1,124,"H3","841381",5,4181,28416,514107,0
2008,381,2,124,"H3","8413",1,,1149084,33011441,0
2008,381,1,124,"H3","8413",1,,85961,2206587,0
2008,381,2,124,"H3","841011",5,4,7741,112444,2
2008,381,2,124,"H3","840999",8,20065,20065,1393073,0
2008,381,1,124,"H3","840999",8,119504,119504,1452213,0
2008,381,2,124,"H3","841229",1,,223775,3573057,0
2008,381,1,124,"H3","841229",1,,4343,377237,0
2008,381,2,124,"H3","841122",5,3,1238,1149999,0
2008,381,1,124,"H3","841122",5,169,49675,58005589,0
2008,381,1,124,"H3","841780",1,,1920,1260556,0
2008,381,2,124,"H3","841780",1,,82044,1923631,0
2008,381,1,124,"H3","841790",8,4869,4869,373325,0
2008,381,2,124,"H3","841790",8,361542,361542,5369016,0
2008,381,1,124,"H3","8418",1,,15184,320283,0
2008,381,2,124,"H3","8418",1,,521666,9565091,0
2008,381,2,124,"H3","841810",5,625,68810,2142010,0
2008,381,1,124,"H3","841821",5,1,40,2282,0
2008,381,2,124,"H3","841821",5,13,1578,28169,0
2008,381,1,124,"H3","841829",5,1203,549,25331,0
2008,381,2,124,"H3","841829",5,210,6884,153260,0
2008,381,2,124,"H3","841830",5,8,4630,115932,0
2008,381,2,124,"H3","841840",5,98,4260,93834,0
2008,381,2,124,"H3","841850",5,2936,296963,4858031,0
2008,381,1,124,"H3","841861",1,,150,4484,0
2008,381,2,124,"H3","841861",1,,30990,557537,0
2008,381,1,124,"H3","841869",8,185,185,4368,0
2008,381,2,124,"H3","841869",8,28878,28878,747037,0
2008,381,1,124,"H3","841899",8,14260,14260,283818,0
2008,381,2,124,"H3","841899",8,78673,78673,869280,0
2008,381,1,124,"H3","8419",1,,28930,1397772,0
2008,381,2,124,"H3","8419",1,,1372835,42920755,0
2008,381,2,124,"H3","841911",1,,700,8425,0
2008,381,1,124,"H3","841919",5,64,855,31009,2
2008,381,2,124,"H3","841919",5,1445,4246,453619,2
2008,381,1,124,"H3","841920",1,,950,97485,0
2008,381,2,124,"H3","841920",5,75,12686,316918,2
2008,381,2,124,"H3","841931",5,3,6625,136433,2
2008,381,1,124,"H3","841932",1,,3176,48771,0
2008,381,2,124,"H3","841932",5,28,49470,812490,2
2008,381,1,124,"H3","841939",1,,14,6585,0
2008,381,2,124,"H3","841939",1,,80182,1927607,0
2008,381,1,124,"H3","841950",1,,13525,438020,0
2008,381,2,124,"H3","841950",1,,516650,12040234,0
2008,381,1,124,"H3","841981",1,,1907,70562,0
2008,381,2,124,"H3","841981",1,,401832,14431162,0
2008,381,1,124,"H3","841989",1,,1461,492486,0
2008,381,2,124,"H3","841989",1,,139042,8431113,0
2008,381,1,124,"H3","841990",8,7042,7042,212853,0
2008,381,2,124,"H3","841990",8,161402,161402,4362756,0
2008,381,1,124,"H3","8420",1,,5051,97275,0
2008,381,2,124,"H3","8420",1,,160624,1092445,0
2008,381,2,124,"H3","842010",1,,94260,754882,0
2008,381,1,124,"H3","842091",8,4994,4994,91462,0
2008,381,2,124,"H3","842091",8,65185,65185,299868,0
2008,381,1,124,"H3","842099",8,57,57,5813,0
2008,381,2,124,"H3","842099",8,1179,1179,37696,0
2008,381,2,124,"H3","842111",1,,982,35940,0
2008,381,1,124,"H3","842119",1,,920,34734,0
2008,381,2,124,"H3","842119",5,47,10684,644158,2
2008,381,1,124,"H3","842121",1,,21313,301935,0
2008,381,2,124,"H3","842121",1,,161296,2130915,0
2008,381,2,124,"H3","842122",1,,8830,280703,0
2008,381,1,124,"H3","842123",5,4382,179,26673,2
2008,381,2,124,"H3","842123",5,6785,192,16279,2
2008,381,2,124,"H3","842131",1,,1607,84783,0
2008,381,1,124,"H3","842139",1,,186901,5266659,0
2008,381,2,124,"H3","842139",1,,45095,1315526,0
2008,381,2,124,"H3","842191",8,6723,6723,339700,0
2008,381,1,124,"H3","842199",8,257713,257713,2324374,0
2008,381,2,124,"H3","842199",8,59269,59269,1556644,0
2008,381,1,124,"H3","8422",1,,21719,1150985,0
2008,381,2,124,"H3","8422",1,,952363,40008195,0
2008,381,2,124,"H3","842211",5,578,27323,355734,0
2008,381,2,124,"H3","842219",5,1764,118545,2962811,0
2008,381,2,124,"H3","842220",5,3,7755,85238,2
2008,381,2,124,"H3","842230",5,331,147790,7970051,2
2008,381,1,124,"H3","842290",8,13048,13048,700563,0
2008,381,1,124,"H3","8423",1,,3454,136807,0
2008,381,2,124,"H3","8423",1,,35764,1324730,0
2008,381,1,124,"H3","842330",5,1,480,3756,0
2008,381,2,124,"H3","842330",5,26,10609,573269,0
2008,381,1,124,"H3","842381",5,83,1335,77216,0
2008,381,2,124,"H3","842381",5,601,417,35664,0
2008,381,1,124,"H3","842390",8,1639,1639,55835,0
2008,381,2,124,"H3","842390",8,19738,19738,583621,0
2008,381,1,124,"H3","8424",1,,73510,1991631,0
2008,381,2,124,"H3","8424",1,,689686,9065965,0
2008,381,1,124,"H3","842420",1,,1921,96288,0
2008,381,2,124,"H3","842420",1,,9711,330544,0
2008,381,1,124,"H3","842430",5,2038,2918,127255,2
2008,381,2,124,"H3","842430",5,14502,345068,2763842,2
2008,381,1,124,"H3","842481",5,2242,3900,23757,2
2008,381,2,124,"H3","842481",5,32359,138425,1126028,2
2008,381,1,124,"H3","842489",1,,43337,1245173,0
2008,381,2,124,"H3","842489",1,,82383,1693858,0
2008,381,1,124,"H3","8425",5,339,33926,702625,0
2008,381,2,124,"H3","8425",5,1018,91200,1109760,0
2008,381,2,124,"H3","842511",5,3,3900,29511,0
2008,381,1,124,"H3","842519",5,9,24920,369033,0
2008,381,2,124,"H3","842519",5,232,12085,190965,0
2008,381,1,124,"H3","842531",5,14,3600,39365,0
2008,381,2,124,"H3","842531",5,213,12354,163724,0
2008,381,1,124,"H3","842539",5,313,5405,291127,0
2008,381,2,124,"H3","842539",5,220,1744,84410,0
2008,381,2,124,"H3","842541",5,122,44866,414762,0
2008,381,2,124,"H3","842542",5,221,16205,222970,0
2008,381,1,124,"H3","842549",5,3,1,3100,0
2008,381,2,124,"H3","842549",5,7,46,3418,0
2008,381,2,124,"H3","8426",1,,3295298,27871725,0
2008,381,2,124,"H3","842611",1,,1760,25767,0
2008,381,2,124,"H3","842612",1,,272645,2500248,0
2008,381,2,124,"H3","842620",5,85,1345949,6780038,2
2008,381,2,124,"H3","842630",1,,70930,307282,0
2008,381,2,124,"H3","842649",1,,99196,1007416,0
2008,381,2,124,"H3","842691",5,1277,1348267,15621991,2
2008,381,2,124,"H3","842699",5,59,120619,1175720,2
2008,381,2,124,"H3","8427",5,533,1103017,9347158,0
2008,381,2,124,"H3","842710",5,28,42308,416136,0
2008,381,2,124,"H3","842720",5,351,970812,8035329,0
2008,381,2,124,"H3","842790",5,154,89897,895693,0
2008,381,1,124,"H3","8428",1,,101930,1209771,0
2008,381,2,124,"H3","8428",1,,263921,5258992,0
2008,381,1,124,"H3","842810",5,1,1600,31643,2
2008,381,2,124,"H3","842810",5,11,8322,208924,2
2008,381,2,124,"H3","842820",5,117,61228,1745828,2
2008,381,1,124,"H3","842833",5,1,482,14298,2
2008,381,2,124,"H3","842833",5,36,29216,494603,2
2008,381,1,124,"H3","842839",1,,14009,138831,0
2008,381,2,124,"H3","842839",5,143,66533,1735165,2
2008,381,1,124,"H3","842890",1,,85839,1024999,0
2008,381,2,124,"H3","842890",5,28,98600,1071531,2
2008,381,1,124,"H3","8429",5,241,392739,3114997,0
2008,381,2,124,"H3","8429",5,254,714299,5975066,0
2008,381,1,124,"H3","842911",5,1,37000,34913,0
2008,381,2,124,"H3","842919",5,4,4600,74354,0
2008,381,2,124,"H3","842951",5,38,223909,1802293,0
2008,381,2,124,"H3","842952",5,1,4317,32497,0
2008,381,1,124,"H3","842959",5,80,137553,1956026,0
2008,381,2,124,"H3","842959",5,85,479445,4028617,0
2008,381,1,124,"H3","8430",1,,17580,631060,0
2008,381,2,124,"H3","8430",1,,169450,3111178,0
2008,381,2,124,"H3","843010",5,2,7600,155638,0
2008,381,1,124,"H3","843039",1,,600,30019,0
2008,381,2,124,"H3","843041",1,,84250,1764181,0
2008,381,1,124,"H3","843049",1,,16980,601041,0
2008,381,2,124,"H3","843049",1,,6560,274261,0
2008,381,2,124,"H3","843050",5,27,67600,861721,2
2008,381,2,124,"H3","843069",1,,3440,55376,0
2008,381,1,124,"H3","843110",8,519,519,139491,0
2008,381,2,124,"H3","843110",8,24048,24048,876329,0
2008,381,1,124,"H3","843120",8,4744,4744,152787,0
2008,381,2,124,"H3","843120",8,69746,69746,2431900,0
2008,381,1,124,"H3","843131",8,851493,851493,1363149,0
2008,381,2,124,"H3","843131",8,650557,650557,4871083,0
2008,381,1,124,"H3","843141",8,2723,2723,60545,0
2008,381,2,124,"H3","843141",8,101617,101617,1211850,0
2008,381,2,124,"H3","843142",8,850,850,4143,0
2008,381,1,124,"H3","843143",8,179880,179880,3424594,0
2008,381,2,124,"H3","843143",8,52944,52944,982960,0
2008,381,1,124,"H3","843149",8,343993,343993,1628693,0
2008,381,2,124,"H3","843149",8,2275130,2275130,13683093,0
2008,381,1,124,"H3","8432",1,,10286,99743,0
2008,381,2,124,"H3","8432",1,,1180821,9892144,0
2008,381,1,124,"H3","843229",5,7,5083,21726,0
2008,381,2,124,"H3","843229",5,6467,257086,1554721,0
2008,381,1,124,"H3","843230",5,1,155,3089,0
2008,381,2,124,"H3","843230",5,117,30817,516043,0
2008,381,2,124,"H3","843240",5,1391,47115,282369,0
2008,381,1,124,"H3","843280",1,,1571,22544,0
2008,381,2,124,"H3","843280",5,455,240447,1740954,2
2008,381,1,124,"H3","843290",8,3477,3477,52383,0
2008,381,2,124,"H3","843290",8,605356,605356,5798056,0
2008,381,1,124,"H3","8433",1,,92702,1354498,0
2008,381,2,124,"H3","8433",1,,935461,7551910,0
2008,381,1,124,"H3","843311",5,163,38402,468975,0
2008,381,2,124,"H3","843311",5,621,180486,1113198,0
2008,381,1,124,"H3","843319",5,37,1399,20765,0
2008,381,2,124,"H3","843319",5,97,26879,140466,0
2008,381,1,124,"H3","843320",5,20,35029,619980,0
2008,381,2,124,"H3","843320",5,160,33935,284352,0
2008,381,2,124,"H3","843352",5,554,21584,332095,0
2008,381,2,124,"H3","843353",5,22,4589,64050,0
2008,381,2,124,"H3","843359",5,192,84918,426148,0
2008,381,2,124,"H3","843360",5,12,3700,344546,2
2008,381,1,124,"H3","843390",8,17872,17872,244779,0
2008,381,2,124,"H3","843390",8,367011,367011,3833095,0
2008,381,1,124,"H3","8434",1,,820,35826,0
2008,381,2,124,"H3","8434",1,,30186,600738,0
2008,381,2,124,"H3","843420",1,,2645,317448,0
2008,381,1,124,"H3","843490",8,820,820,35826,0
2008,381,2,124,"H3","843490",8,2933,2933,146957,0
2008,381,1,124,"H3","8435",1,,3608,195263,0
2008,381,2,124,"H3","8435",1,,111531,2422136,0
2008,381,1,124,"H3","843510",1,,3434,171226,0
2008,381,2,124,"H3","843510",1,,76151,1783181,0
2008,381,1,124,"H3","843590",8,174,174,24038,0
2008,381,2,124,"H3","843590",8,35380,35380,638955,0
2008,381,1,124,"H3","8436",1,,3735,142169,0
2008,381,2,124,"H3","8436",1,,1240452,14647660,0
2008,381,2,124,"H3","843610",5,34,56420,505628,2
2008,381,2,124,"H3","843629",1,,480050,2254828,0
2008,381,1,124,"H3","843680",5,8109,436,71107,2
2008,381,2,124,"H3","843680",5,22979,649492,11086650,2
2008,381,1,124,"H3","843691",8,2531,2531,44049,0
2008,381,2,124,"H3","843691",8,379,379,6338,0
2008,381,1,124,"H3","843699",8,768,768,27014,0
2008,381,2,124,"H3","843699",8,45443,45443,744101,0
2008,381,1,124,"H3","843780",5,1,139,18492,2
2008,381,2,124,"H3","843780",5,16,7616,244526,2
2008,381,2,124,"H3","843790",8,2374,2374,26153,0
2008,381,1,124,"H3","8438",1,,64949,702487,0
2008,381,2,124,"H3","8438",1,,690146,26684883,0
2008,381,1,124,"H3","843820",1,,1740,82066,0
2008,381,2,124,"H3","843820",1,,25541,1467463,0
2008,381,1,124,"H3","843840",1,,275,10512,0
2008,381,2,124,"H3","843840",5,5,3493,84388,2
2008,381,2,124,"H3","843850",5,210,89025,2228926,2
2008,381,2,124,"H3","843860",5,22,12144,600319,2
2008,381,2,124,"H3","843880",1,,147901,6598947,0
2008,381,1,124,"H3","843890",8,58018,58018,579455,0
2008,381,2,124,"H3","843890",8,92227,92227,4408555,0
2008,381,1,124,"H3","8439",1,,34471,1083932,0
2008,381,2,124,"H3","8439",1,,88643,5008227,0
2008,381,2,124,"H3","843910",1,,593,23079,0
2008,381,1,124,"H3","843920",1,,2580,404541,0
2008,381,2,124,"H3","843920",1,,54845,1338262,0
2008,381,2,124,"H3","843930",5,69,23650,3178699,2
2008,381,1,124,"H3","843991",8,626,626,187099,0
2008,381,2,124,"H3","843991",8,1462,1462,121764,0
2008,381,1,124,"H3","843999",8,31265,31265,492291,0
2008,381,2,124,"H3","843999",8,8093,8093,346423,0
2008,381,1,124,"H3","8440",1,,2,1526,0
2008,381,2,124,"H3","8440",1,,2849,346567,0
2008,381,2,124,"H3","844010",5,5,800,78130,2
2008,381,1,124,"H3","844090",8,2,2,1526,0
2008,381,2,124,"H3","844090",8,2049,2049,268436,0
2008,381,2,124,"H3","844110",1,,53649,2257470,0
2008,381,2,124,"H3","844120",5,0,48,2207,2
2008,381,2,124,"H3","844130",5,3,2985,134488,2
2008,381,1,124,"H3","844180",1,,900,42581,0
2008,381,2,124,"H3","844180",5,80,128423,2561303,2
2008,381,1,124,"H3","844190",8,216,216,52575,0
2008,381,2,124,"H3","844190",8,103808,103808,2767056,0
2008,381,1,124,"H3","8442",1,,80,9504,0
2008,381,2,124,"H3","8442",1,,5845,297096,0
2008,381,2,124,"H3","844230",5,8,1808,130077,2
2008,381,2,124,"H3","844240",8,3521,3521,134413,0
2008,381,1,124,"H3","844250",8,80,80,9504,0
2008,381,2,124,"H3","844250",8,516,516,32606,0
2008,381,1,124,"H3","8443",1,,96344,4714319,0
2008,381,2,124,"H3","8443",1,,360831,13468306,0
2008,381,2,124,"H3","844316",5,125,313408,10464898,0
2008,381,1,124,"H3","844319",5,2,1125,234928,0
2008,381,2,124,"H3","844319",5,104,1878,152831,0
2008,381,2,124,"H3","844331",5,10,4686,249595,0
2008,381,1,124,"H3","844332",5,40,14261,1472222,0
2008,381,2,124,"H3","844332",5,724,6090,398224,0
2008,381,1,124,"H3","844339",5,8,9610,772481,0
2008,381,2,124,"H3","844339",5,1,10,1879,0
2008,381,1,124,"H3","844391",8,1830,1830,283004,0
2008,381,2,124,"H3","844391",8,28489,28489,1294906,0
2008,381,1,124,"H3","844399",8,9435,9435,1078326,0
2008,381,2,124,"H3","844399",8,5864,5864,861206,0
2008,381,2,124,"H3","8444",5,86,76510,1832480,0
2008,381,2,124,"H3","844400",5,86,76510,1832480,0
2008,381,2,124,"H3","8445",5,109,88595,1814284,0
2008,381,2,124,"H3","844519",5,88,57400,745122,0
2008,381,2,124,"H3","844530",5,15,10905,339483,0
2008,381,2,124,"H3","844540",5,2,16160,593595,0
2008,381,2,124,"H3","844590",5,4,4130,136083,0
2008,381,2,124,"H3","8446",5,11,46,8238,0
2008,381,1,124,"H3","8447",5,3,28125,112620,0
2008,381,2,124,"H3","8447",5,14,11740,804229,0
2008,381,2,124,"H3","844711",5,5,1250,180883,0
2008,381,2,124,"H3","844712",5,8,6990,485717,0
2008,381,1,124,"H3","8448",8,1990,1990,42735,0
2008,381,2,124,"H3","8448",8,24384,24384,898219,0
2008,381,2,124,"H3","844819",8,43,43,15202,0
2008,381,2,124,"H3","844820",8,3024,3024,120444,0
2008,381,2,124,"H3","844831",8,88,88,2088,0
2008,381,2,124,"H3","844832",8,8711,8711,248890,0
2008,381,2,124,"H3","844833",8,2697,2697,76834,0
2008,381,2,124,"H3","844839",8,904,904,60033,0
2008,381,1,124,"H3","844849",8,1986,1986,40145,0
2008,381,2,124,"H3","844849",8,6912,6912,226614,0
2008,381,1,124,"H3","844859",8,4,4,2590,0
2008,381,2,124,"H3","844859",8,2005,2005,148114,0
2008,381,2,124,"H3","8449",8,70,70,6713,0
2008,381,2,124,"H3","844900",8,70,70,6713,0
2008,381,1,124,"H3","8450",1,,6909,50718,0
2008,381,2,124,"H3","8450",1,,305811,1409251,0
2008,381,1,124,"H3","845011",5,94,6909,50718,0
2008,381,2,124,"H3","845011",5,3720,302660,1351736,0
2008,381,2,124,"H3","845020",5,1,475,8629,0
2008,381,2,124,"H3","845090",8,2676,2676,48887,0
2008,381,1,124,"H3","8451",1,,8071,139861,0
2008,381,2,124,"H3","8451",1,,395573,4437109,0
2008,381,2,124,"H3","845110",1,,27797,621196,0
2008,381,1,124,"H3","845121",5,195,6960,55142,2
2008,381,2,124,"H3","845121",5,6590,271646,1441988,2
2008,381,1,124,"H3","845130",5,6,891,78771,0
2008,381,2,124,"H3","845130",5,948,35704,743694,0
2008,381,2,124,"H3","845140",5,3,1900,85182,2
2008,381,2,124,"H3","845150",1,,2331,86537,0
2008,381,2,124,"H3","845180",1,,45734,1096110,0
2008,381,1,124,"H3","845190",8,220,220,5948,0
2008,381,2,124,"H3","845190",8,10461,10461,362401,0
2008,381,2,124,"H3","844311",5,289,406,44767,0
2008,381,1,124,"H3","844311",5,1,10,2606,0
2008,381,2,124,"H3","843410",1,,24608,136333,0
2008,381,2,124,"H3","843139",8,106117,106117,1855345,0
2008,381,1,124,"H3","843139",8,19821,19821,833418,0
2008,381,2,124,"H3","842290",8,67363,67363,6788794,0
2008,381,2,124,"H3","842240",1,,583587,21845565,0
2008,381,1,124,"H3","842240",1,,8671,450421,0
2008,381,2,124,"H3","842129",1,,114405,2986834,0
2008,381,1,124,"H3","842129",1,,1938,122692,0
2008,381,2,124,"H3","842940",5,126,2028,37304,0
2008,381,2,124,"H3","844790",5,1,3500,137629,0
2008,381,1,124,"H3","844790",5,3,28125,112620,0
2008,381,1,124,"H3","844314",5,1,2700,13711,0
2008,381,1,124,"H3","844313",5,46,57373,857041,0
2008,381,2,124,"H3","8441",1,,288913,7722522,0
2008,381,1,124,"H3","8441",1,,1116,95156,0
2008,381,1,124,"H3","842930",5,1,18855,139243,0
2008,381,2,124,"H3","842619",1,,35932,453263,0
2008,381,2,124,"H3","844629",5,11,46,8238,0
2008,381,2,124,"H3","843810",5,1336,319815,11296284,2
2008,381,1,124,"H3","843810",1,,4916,30454,0
2008,381,2,124,"H3","8437",1,,9990,270680,0
2008,381,1,124,"H3","8437",1,,139,18492,0
2008,381,2,124,"H3","843621",1,,8668,50116,0
2008,381,2,124,"H3","8431",8,3281009,3281009,25916702,0
2008,381,1,124,"H3","8431",8,1403173,1403173,7602677,0
2008,381,2,124,"H3","842840",5,0,22,2941,2
2008,381,2,124,"H3","843330",5,1007,212359,1013959,0
2008,381,1,124,"H3","842920",5,159,199331,984814,0
2008,381,2,124,"H3","842389",5,27,5000,132175,0
2008,381,2,124,"H3","842490",8,111929,111929,3120319,0
2008,381,1,124,"H3","842490",8,20226,20226,386136,0
2008,381,2,124,"H3","842410",1,,2170,31374,0
2008,381,1,124,"H3","842410",1,,1208,113022,0
2008,381,2,124,"H3","8421",1,,409083,9391483,0
2008,381,1,124,"H3","8421",1,,468964,8077068,0
2008,381,1,124,"H3","8452",1,,1682,30482,0
2008,381,2,124,"H3","8452",1,,1740,143629,0
2008,381,1,124,"H3","845229",5,24,1680,23717,0
2008,381,2,124,"H3","845229",5,84,1583,95736,0
2008,381,1,124,"H3","845290",8,2,2,6764,0
2008,381,2,124,"H3","845290",8,157,157,47893,0
2008,381,1,124,"H3","8453",1,,21,7063,0
2008,381,2,124,"H3","8453",1,,72779,1533952,0
2008,381,2,124,"H3","845310",5,26,25592,408914,2
2008,381,1,124,"H3","845320",5,1,21,7063,2
2008,381,2,124,"H3","845320",5,56,32794,303205,2
2008,381,2,124,"H3","845380",1,,2367,151178,0
2008,381,2,124,"H3","845390",8,12026,12026,670655,0
2008,381,1,124,"H3","8454",1,,45140,2117564,0
2008,381,2,124,"H3","8454",1,,8416,341049,0
2008,381,2,124,"H3","845420",1,,657,29427,0
2008,381,1,124,"H3","845430",1,,14369,1036371,0
2008,381,2,124,"H3","845430",1,,6010,167970,0
2008,381,1,124,"H3","845490",8,30771,30771,1081193,0
2008,381,2,124,"H3","845490",8,1749,1749,143652,0
2008,381,1,124,"H3","8455",1,,146173,1406621,0
2008,381,2,124,"H3","8455",1,,634036,8003739,0
2008,381,2,124,"H3","845510",5,71,124062,3238125,2
2008,381,1,124,"H3","845521",1,,28576,38560,0
2008,381,2,124,"H3","845521",1,,192,26943,0
2008,381,2,124,"H3","845522",5,0,600,5873,2
2008,381,1,124,"H3","845530",1,,188,42816,0
2008,381,2,124,"H3","845530",5,144,478300,2927445,2
2008,381,1,124,"H3","845590",8,117409,117409,1325245,0
2008,381,2,124,"H3","845590",8,30882,30882,1805354,0
2008,381,1,124,"H3","8456",5,11,12,11699,0
2008,381,2,124,"H3","8456",5,36,44214,1093165,0
2008,381,1,124,"H3","845610",5,11,12,11699,0
2008,381,2,124,"H3","845610",5,36,44214,1093165,0
2008,381,1,124,"H3","8457",5,4,15657,82250,0
2008,381,2,124,"H3","8457",5,48,69515,1496726,0
2008,381,1,124,"H3","845710",5,4,15657,82250,0
2008,381,2,124,"H3","845710",5,44,68115,1281673,0
2008,381,2,124,"H3","845720",5,4,1400,215052,0
2008,381,1,124,"H3","8458",5,42,40207,465373,0
2008,381,2,124,"H3","8458",5,14,78424,1073046,0
2008,381,1,124,"H3","845811",5,42,40207,465373,0
2008,381,2,124,"H3","845811",5,5,37154,391387,0
2008,381,2,124,"H3","845891",5,9,41270,681659,0
2008,381,1,124,"H3","8459",5,19,137479,825836,0
2008,381,2,124,"H3","8459",5,56,185539,5002678,0
2008,381,2,124,"H3","845910",5,1,4110,143212,0
2008,381,1,124,"H3","845931",5,3,116479,666920,0
2008,381,2,124,"H3","845931",5,4,60300,1750740,0
2008,381,2,124,"H3","845939",5,13,6297,558298,0
2008,381,2,124,"H3","845951",5,1,85,6381,0
2008,381,2,124,"H3","845961",5,14,114210,2484278,0
2008,381,1,124,"H3","845969",5,16,21000,158915,0
2008,381,2,124,"H3","845969",5,23,537,59771,0
2008,381,1,124,"H3","8460",5,10,18964,92639,0
2008,381,2,124,"H3","8460",5,611,113010,3436038,0
2008,381,2,124,"H3","846011",5,1,2300,105564,0
2008,381,2,124,"H3","846019",5,2,4465,177247,0
2008,381,2,124,"H3","846021",5,3,93990,2766490,0
2008,381,1,124,"H3","846029",5,5,18000,69161,0
2008,381,2,124,"H3","846029",5,1,730,22048,0
2008,381,1,124,"H3","846039",5,2,916,20330,0
2008,381,2,124,"H3","846039",5,588,1165,25992,0
2008,381,2,124,"H3","846040",5,2,2680,55660,0
2008,381,1,124,"H3","846090",5,3,48,3148,0
2008,381,2,124,"H3","846090",5,14,7680,283037,0
2008,381,1,124,"H3","8461",5,39,112429,1434271,0
2008,381,2,124,"H3","8461",5,307,70038,1627086,0
2008,381,2,124,"H3","846140",5,180,27207,1011552,0
2008,381,1,124,"H3","846150",5,39,112429,1434271,0
2008,381,2,124,"H3","846150",5,123,42571,600126,0
2008,381,2,124,"H3","846190",5,4,260,15409,0
2008,381,1,124,"H3","8462",5,27,95013,1523620,0
2008,381,2,124,"H3","8462",5,664,860374,12930274,0
2008,381,1,124,"H3","846210",5,8,25374,479645,0
2008,381,2,124,"H3","846210",5,7,1299,100359,0
2008,381,2,124,"H3","846221",5,181,321563,4456185,0
2008,381,1,124,"H3","846229",5,3,26391,704990,0
2008,381,2,124,"H3","846229",5,74,314421,4741495,0
2008,381,2,124,"H3","846231",5,7,18038,592589,0
2008,381,2,124,"H3","846239",5,15,31197,169987,0
2008,381,2,124,"H3","846241",5,10,15385,472063,0
2008,381,2,124,"H3","846249",5,37,43225,997761,0
2008,381,1,124,"H3","846291",5,16,43248,338985,0
2008,381,2,124,"H3","846291",5,330,95526,1211167,0
2008,381,2,124,"H3","846299",5,3,19720,188667,0
2008,381,2,124,"H3","8463",5,258,25543,844326,0
2008,381,2,124,"H3","846310",5,193,4679,260608,0
2008,381,2,124,"H3","846330",5,6,8222,288524,0
2008,381,2,124,"H3","846390",5,59,12642,295194,0
2008,381,1,124,"H3","8464",1,,7258,55277,0
2008,381,2,124,"H3","8464",1,,934115,18929103,0
2008,381,2,124,"H3","846410",5,286,266186,5376069,0
2008,381,2,124,"H3","846420",1,,276797,6089255,0
2008,381,1,124,"H3","846490",1,,7258,55277,0
2008,381,2,124,"H3","846490",1,,391132,7463778,0
2008,381,1,124,"H3","8465",5,9,5750,222769,0
2008,381,2,124,"H3","8465",5,2217,1212512,25037299,0
2008,381,2,124,"H3","846510",5,580,400538,7035912,0
2008,381,2,124,"H3","846591",5,172,66964,1455959,0
2008,381,1,124,"H3","846592",5,4,3880,110877,0
2008,381,2,124,"H3","846592",5,56,26719,602532,0
2008,381,2,124,"H3","846593",5,40,109934,2215899,0
2008,381,2,124,"H3","846594",5,26,54461,899434,0
2008,381,1,124,"H3","846595",5,1,830,10767,0
2008,381,2,124,"H3","846595",5,106,302107,6691397,0
2008,381,2,124,"H3","846596",5,3,2553,47536,0
2008,381,1,124,"H3","846599",5,4,1040,101125,0
2008,381,2,124,"H3","846599",5,1234,249236,6088630,0
2008,381,1,124,"H3","8466",8,46940,46940,1921932,0
2008,381,2,124,"H3","8466",8,339405,339405,13350088,0
2008,381,1,124,"H3","846610",8,8,8,2828,0
2008,381,2,124,"H3","846610",8,101437,101437,2916787,0
2008,381,1,124,"H3","846620",8,70,70,23070,0
2008,381,2,124,"H3","846620",8,33079,33079,373298,0
2008,381,1,124,"H3","846630",8,648,648,34885,0
2008,381,2,124,"H3","846630",8,1845,1845,168990,0
2008,381,1,124,"H3","846691",8,1248,1248,120440,0
2008,381,2,124,"H3","846691",8,40833,40833,2072849,0
2008,381,1,124,"H3","846692",8,12934,12934,141871,0
2008,381,2,124,"H3","846692",8,40509,40509,1734046,0
2008,381,1,124,"H3","846693",8,5419,5419,307998,0
2008,381,2,124,"H3","846693",8,56369,56369,4047780,0
2008,381,1,124,"H3","846694",8,26613,26613,1290840,0
2008,381,2,124,"H3","846694",8,65333,65333,2036336,0
2008,381,1,124,"H3","8467",1,,123537,2665855,0
2008,381,2,124,"H3","8467",1,,18126,1254128,0
2008,381,1,124,"H3","846711",1,,471,151079,0
2008,381,2,124,"H3","846711",1,,320,60102,0
2008,381,1,124,"H3","846719",1,,150,15329,0
2008,381,2,124,"H3","846719",1,,4256,453882,0
2008,381,2,124,"H3","846721",5,4,50,1702,0
2008,381,2,124,"H3","846722",5,22,615,9636,0
2008,381,1,124,"H3","846729",5,450,1464,44714,0
2008,381,2,124,"H3","846729",5,222,1949,70879,0
2008,381,1,124,"H3","846789",5,13,8,2882,2
2008,381,2,124,"H3","846789",1,,120,16523,0
2008,381,1,124,"H3","846791",8,62135,62135,1125931,0
2008,381,2,124,"H3","846791",8,2765,2765,69997,0
2008,381,1,124,"H3","846792",8,51870,51870,1155331,0
2008,381,2,124,"H3","846792",8,1908,1908,224350,0
2008,381,1,124,"H3","846799",8,7439,7439,170588,0
2008,381,2,124,"H3","846799",8,6143,6143,347057,0
2008,381,1,124,"H3","8468",1,,288,12858,0
2008,381,2,124,"H3","8468",1,,611,20050,0
2008,381,2,124,"H3","846810",1,,605,18317,0
2008,381,1,124,"H3","846820",1,,88,6187,0
2008,381,1,124,"H3","846890",8,200,200,6670,0
2008,381,2,124,"H3","846890",8,6,6,1732,0
2008,381,1,124,"H3","8470",5,2,350,31706,0
2008,381,1,124,"H3","847050",5,2,350,31706,0
2008,381,1,124,"H3","8471",5,9266,22245,16238374,0
2008,381,2,124,"H3","8471",5,5275,28432,2968926,0
2008,381,1,124,"H3","847130",5,87,849,299621,0
2008,381,2,124,"H3","847130",5,102,835,108091,0
2008,381,1,124,"H3","847141",5,1230,1825,665376,0
2008,381,2,124,"H3","847141",5,76,1004,215672,0
2008,381,1,124,"H3","847149",5,215,1813,940472,0
2008,381,2,124,"H3","847149",5,1539,3729,1071186,0
2008,381,1,124,"H3","847150",5,204,1499,1272837,0
2008,381,2,124,"H3","847150",5,23,243,42729,0
2008,381,1,124,"H3","847160",5,195,407,210486,0
2008,381,2,124,"H3","847160",5,266,430,120316,0
2008,381,1,124,"H3","847170",5,202,446,186762,0
2008,381,2,124,"H3","847170",5,936,3991,779091,0
2008,381,1,124,"H3","847180",5,7042,13376,11934682,0
2008,381,2,124,"H3","847180",5,956,114,103445,0
2008,381,1,124,"H3","847190",5,91,2030,728138,0
2008,381,2,124,"H3","847190",5,1377,18086,528396,0
2008,381,2,124,"H3","8472",5,28,1616,191809,2
2008,381,2,124,"H3","847230",5,20,736,161113,0
2008,381,2,124,"H3","847290",5,8,880,30696,2
2008,381,1,124,"H3","8473",8,4305,4305,4500679,0
2008,381,2,124,"H3","8473",8,9146,9146,2534667,0
2008,381,1,124,"H3","847310",8,18,18,6647,0
2008,381,2,124,"H3","847310",8,114,114,192257,0
2008,381,2,124,"H3","847321",8,82,82,28467,0
2008,381,1,124,"H3","847329",8,205,205,85973,0
2008,381,2,124,"H3","847329",8,2164,2164,808126,0
2008,381,1,124,"H3","847330",8,4035,4035,4399770,0
2008,381,2,124,"H3","847330",8,5006,5006,1366512,0
2008,381,1,124,"H3","847340",8,40,40,3374,0
2008,381,2,124,"H3","847340",8,117,117,28024,0
2008,381,1,124,"H3","847350",8,7,7,4914,0
2008,381,2,124,"H3","847350",8,1663,1663,111281,0
2008,381,1,124,"H3","8474",1,,1093,96113,0
2008,381,2,124,"H3","8474",1,,962143,18787431,0
2008,381,2,124,"H3","847410",5,375,420000,12847693,2
2008,381,1,124,"H3","847420",1,,45,11222,0
2008,381,2,124,"H3","847420",5,14,22772,581535,2
2008,381,1,124,"H3","847431",1,,1,50715,0
2008,381,2,124,"H3","847431",1,,92602,970733,0
2008,381,2,124,"H3","847439",5,1,324,18521,2
2008,381,2,124,"H3","847480",5,11,33618,271098,2
2008,381,1,124,"H3","847490",8,1047,1047,34176,0
2008,381,2,124,"H3","847490",8,392827,392827,4097851,0
2008,381,1,124,"H3","8475",1,,6089,61177,0
2008,381,2,124,"H3","8475",1,,3022,140732,0
2008,381,2,124,"H3","847521",1,,2,7501,0
2008,381,1,124,"H3","847529",1,,5739,25641,0
2008,381,2,124,"H3","847529",1,,994,20029,0
2008,381,1,124,"H3","847590",8,350,350,35536,0
2008,381,2,124,"H3","847590",8,2026,2026,113201,0
2008,381,1,124,"H3","8476",1,,14156,296624,0
2008,381,2,124,"H3","8476",1,,46029,2059171,0
2008,381,2,124,"H3","847621",5,1133,23850,1085919,0
2008,381,2,124,"H3","847629",5,42,1790,94353,0
2008,381,1,124,"H3","847689",5,1670,8300,148420,0
2008,381,2,124,"H3","847689",5,22,6138,443707,0
2008,381,1,124,"H3","847690",8,5856,5856,148204,0
2008,381,2,124,"H3","847690",8,14251,14251,435192,0
2008,381,1,124,"H3","8477",1,,222784,13300618,0
2008,381,2,124,"H3","8477",1,,960883,27223668,0
2008,381,2,124,"H3","847710",1,,3695,176640,0
2008,381,1,124,"H3","847720",1,,2988,160020,0
2008,381,2,124,"H3","847720",5,141,114345,6840627,2
2008,381,2,124,"H3","847730",5,28,30120,1376189,2
2008,381,1,124,"H3","847740",1,,4350,308409,0
2008,381,2,124,"H3","847740",5,0,84,3707,2
2008,381,2,124,"H3","847751",1,,17030,212164,0
2008,381,1,124,"H3","847759",1,,50580,662194,0
2008,381,2,124,"H3","847759",5,48,58717,1960079,2
2008,381,1,124,"H3","847780",1,,73400,4296099,0
2008,381,2,124,"H3","847780",5,288,553892,7306811,2
2008,381,1,124,"H3","847790",8,91466,91466,7873896,0
2008,381,2,124,"H3","847790",8,183000,183000,9347452,0
2008,381,1,124,"H3","8478",1,,168,5038,0
2008,381,2,124,"H3","8478",1,,3802,44711,0
2008,381,1,124,"H3","847810",1,,168,5038,0
2008,381,2,124,"H3","847810",1,,3800,41948,0
2008,381,2,124,"H3","847890",8,2,2,2763,0
2008,381,1,124,"H3","8479",1,,487094,5001956,0
2008,381,2,124,"H3","8479",1,,2415416,58741101,0
2008,381,1,124,"H3","847910",1,,6150,132825,0
2008,381,2,124,"H3","847910",5,28,30018,874678,2
2008,381,2,124,"H3","847920",5,34,11034,751635,2
2008,381,2,124,"H3","847930",1,,37198,659491,0
2008,381,1,124,"H3","847940",5,1,2263,66630,0
2008,381,2,124,"H3","847940",5,1,11300,261979,0
2008,381,1,124,"H3","847950",5,6,2949,229103,2
2008,381,2,124,"H3","847950",5,1,476,27197,2
2008,381,1,124,"H3","847960",1,,25,3746,0
2008,381,2,124,"H3","847960",1,,4200,58148,0
2008,381,2,124,"H3","847981",5,22,15351,373527,2
2008,381,1,124,"H3","847982",1,,1376,283925,0
2008,381,2,124,"H3","847982",1,,17096,976346,0
2008,381,1,124,"H3","847989",1,,55422,2677371,0
2008,381,2,124,"H3","847989",1,,1303300,27418431,0
2008,381,1,124,"H3","847990",8,418909,418909,1608357,0
2008,381,2,124,"H3","847990",8,985443,985443,27339668,0
2008,381,1,124,"H3","8480",8,20273,20273,1678052,0
2008,381,2,124,"H3","8480",8,119557,119557,4247791,0
2008,381,2,124,"H3","848010",8,22,22,9480,0
2008,381,2,124,"H3","848020",8,14510,14510,241696,0
2008,381,1,124,"H3","848030",8,505,505,268011,0
2008,381,2,124,"H3","848030",8,6624,6624,101498,0
2008,381,1,124,"H3","848041",8,3966,3966,67410,0
2008,381,2,124,"H3","848041",8,1800,1800,51565,0
2008,381,1,124,"H3","848049",8,99,99,17675,0
2008,381,2,124,"H3","848049",8,4455,4455,438287,0
2008,381,2,124,"H3","848060",8,25858,25858,615741,0
2008,381,1,124,"H3","848071",8,7890,7890,692548,0
2008,381,2,124,"H3","848071",8,7789,7789,933174,0
2008,381,1,124,"H3","848079",8,7813,7813,632408,0
2008,381,2,124,"H3","848079",8,58499,58499,1856349,0
2008,381,1,124,"H3","8481",8,71947,71947,2513880,0
2008,381,2,124,"H3","8481",8,4772841,4772841,100989076,0
2008,381,1,124,"H3","848110",8,1,1,4086,0
2008,381,2,124,"H3","848110",8,164591,164591,4029400,0
2008,381,1,124,"H3","848120",8,1748,1748,62727,0
2008,381,2,124,"H3","848120",8,244416,244416,7032362,0
2008,381,1,124,"H3","848130",8,8435,8435,168224,0
2008,381,2,124,"H3","848130",8,37271,37271,1651922,0
2008,381,1,124,"H3","848140",8,9949,9949,657373,0
2008,381,2,124,"H3","848140",8,449191,449191,5836776,0
2008,381,1,124,"H3","848180",8,27054,27054,910761,0
2008,381,2,124,"H3","848180",8,3450250,3450250,70828224,0
2008,381,1,124,"H3","848190",8,24760,24760,710708,0
2008,381,2,124,"H3","848190",8,427122,427122,11610392,0
2008,381,1,124,"H3","8482",1,,631515,12320110,0
2008,381,2,124,"H3","8482",1,,609172,10900376,0
2008,381,1,124,"H3","848210",1,,567034,11255506,0
2008,381,2,124,"H3","848210",1,,490195,8372601,0
2008,381,1,124,"H3","848220",1,,300,18694,0
2008,381,2,124,"H3","848220",1,,3696,26417,0
2008,381,2,124,"H3","848230",5,82,308,13948,2
2008,381,2,124,"H3","848240",1,,26,6986,0
2008,381,1,124,"H3","848250",1,,125,53028,0
2008,381,2,124,"H3","848250",1,,17008,756828,0
2008,381,1,124,"H3","848280",1,,64056,992883,0
2008,381,2,124,"H3","848280",1,,72984,675336,0
2008,381,2,124,"H3","848291",8,752,752,29081,0
2008,381,2,124,"H3","848299",8,24203,24203,1019179,0
2008,381,1,124,"H3","8483",1,,832832,16374776,0
2008,381,2,124,"H3","8483",1,,3113638,44269044,0
2008,381,1,124,"H3","848310",1,,21385,341109,0
2008,381,2,124,"H3","848310",1,,565613,5055681,0
2008,381,1,124,"H3","848320",1,,4544,4863,0
2008,381,2,124,"H3","848320",1,,27295,373162,0
2008,381,1,124,"H3","848330",1,,24,4715,0
2008,381,2,124,"H3","848330",1,,633,18112,0
2008,381,1,124,"H3","848340",1,,14458,1808307,0
2008,381,2,124,"H3","848340",1,,2020509,32180294,0
2008,381,1,124,"H3","848350",5,1092537,763373,13949810,2
2008,381,2,124,"H3","848350",5,96705,103162,1067727,2
2008,381,1,124,"H3","848360",1,,6417,197996,0
2008,381,2,124,"H3","848360",1,,128532,1914648,0
2008,381,1,124,"H3","848390",8,22631,22631,67976,0
2008,381,2,124,"H3","848390",8,267894,267894,3659421,0
2008,381,1,124,"H3","8484",8,7306,7306,914126,0
2008,381,2,124,"H3","8484",8,8329,8329,538937,0
2008,381,1,124,"H3","848410",8,335,335,28796,0
2008,381,2,124,"H3","848410",8,3463,3463,170943,0
2008,381,1,124,"H3","848420",8,6963,6963,878455,0
2008,381,2,124,"H3","848420",8,206,206,14893,0
2008,381,1,124,"H3","848490",8,8,8,6875,0
2008,381,2,124,"H3","848490",8,4660,4660,353100,0
2008,381,1,124,"H3","8486",1,,4,1694,0
2008,381,2,124,"H3","8486",1,,1706,105031,0
2008,381,1,124,"H3","848610",1,,4,1694,0
2008,381,2,124,"H3","848610",5,0,7,2665,2
2008,381,2,124,"H3","848690",8,1699,1699,102366,0
2008,381,1,124,"H3","8487",8,2224,2224,233736,0
2008,381,2,124,"H3","8487",8,180315,180315,5767121,0
2008,381,2,124,"H3","848710",8,134,134,32753,0
2008,381,1,124,"H3","848790",8,2224,2224,233736,0
2008,381,2,124,"H3","848790",8,180181,180181,5734368,0
2008,381,1,124,"H3","85",1,,,80203660,0
2008,381,2,124,"H3","85",1,,,103830872,0
2008,381,1,124,"H3","8501",5,3096,62009,1703736,0
2008,381,2,124,"H3","8501",5,92965,1031023,11434616,0
2008,381,1,124,"H3","850110",5,197,2701,32549,0
2008,381,2,124,"H3","850110",5,33215,213727,2529233,0
2008,381,1,124,"H3","850120",5,1540,3324,65734,0
2008,381,2,124,"H3","850120",5,205,9185,224873,0
2008,381,1,124,"H3","850131",5,74,401,8521,0
2008,381,2,124,"H3","850131",5,31290,44193,691461,0
2008,381,1,124,"H3","850132",5,28,3823,436016,0
2008,381,2,124,"H3","850132",5,317,3217,64773,0
2008,381,1,124,"H3","850133",5,3,1010,12789,0
2008,381,2,124,"H3","850133",5,16,13163,268361,0
2008,381,2,124,"H3","850134",5,7,38200,506429,0
2008,381,1,124,"H3","850140",5,10,150,16490,0
2008,381,2,124,"H3","850140",5,684,10465,177597,0
2008,381,1,124,"H3","850151",5,5,14,4616,0
2008,381,2,124,"H3","850151",5,3172,95211,771452,0
2008,381,1,124,"H3","850152",5,813,1825,77460,0
2008,381,2,124,"H3","850152",5,16307,461566,4901722,0
2008,381,1,124,"H3","850153",5,426,48761,1049560,0
2008,381,2,124,"H3","850153",5,116,24838,499439,0
2008,381,2,124,"H3","850161",5,66,1034,61999,0
2008,381,2,124,"H3","850164",5,7570,116224,737276,0
2008,381,1,124,"H3","8502",5,1069,124722,2396776,0
2008,381,2,124,"H3","8502",5,83,909608,13633839,0
2008,381,1,124,"H3","850211",5,310,58530,986249,0
2008,381,2,124,"H3","850211",5,69,23608,151497,0
2008,381,1,124,"H3","850212",5,717,56561,943272,0
2008,381,2,124,"H3","850213",5,14,886000,13482342,0
2008,381,1,124,"H3","850220",5,2,300,37496,0
2008,381,1,124,"H3","850231",5,8,5574,148816,0
2008,381,1,124,"H3","850239",5,26,3751,261312,0
2008,381,1,124,"H3","850240",5,6,6,19631,0
2008,381,1,124,"H3","8503",8,679,679,61711,0
2008,381,2,124,"H3","8503",8,307146,307146,1818494,0
2008,381,1,124,"H3","850300",8,679,679,61711,0
2008,381,2,124,"H3","850300",8,307146,307146,1818494,0
2008,381,1,124,"H3","8504",1,,63202,2280942,0
2008,381,2,124,"H3","8504",1,,945214,11953133,0
2008,381,1,124,"H3","850410",5,720,62,9503,0
2008,381,2,124,"H3","850410",5,533,729,60806,0
2008,381,1,124,"H3","850421",5,4,2,2064,0
2008,381,2,124,"H3","850423",5,78,134910,2293789,0
2008,381,1,124,"H3","850431",5,7772,19953,409049,0
2008,381,2,124,"H3","850431",5,782,6954,281641,0
2008,381,1,124,"H3","850432",5,219,47,85621,0
2008,381,2,124,"H3","850432",5,8,315,16040,0
2008,381,1,124,"H3","850433",5,20,126,4845,0
2008,381,2,124,"H3","850433",5,6,9035,299288,0
2008,381,2,124,"H3","850434",5,31,52700,1067436,0
2008,381,1,124,"H3","850440",5,63147,37911,1679920,2
2008,381,2,124,"H3","850440",5,11468,157225,3448602,2
2008,381,1,124,"H3","850450",1,,245,43352,0
2008,381,2,124,"H3","850450",1,,3735,143507,0
2008,381,1,124,"H3","850490",8,4856,4856,46588,0
2008,381,2,124,"H3","850490",8,579611,579611,4342025,0
2008,381,1,124,"H3","8505",8,1864,1864,44378,0
2008,381,2,124,"H3","8505",8,3946,3946,159244,0
2008,381,2,124,"H3","850511",8,34,34,3844,0
2008,381,2,124,"H3","850519",8,1370,1370,53509,0
2008,381,1,124,"H3","850520",8,204,204,37844,0
2008,381,2,124,"H3","850520",8,305,305,38882,0
2008,381,1,124,"H3","850590",8,1660,1660,6534,0
2008,381,2,124,"H3","850590",8,2237,2237,63009,0
2008,381,1,124,"H3","8506",1,,191,21055,0
2008,381,2,124,"H3","8506",1,,1642,43071,0
2008,381,1,124,"H3","850610",5,2048,100,3271,0
2008,381,2,124,"H3","850610",5,11,90,14281,0
2008,381,1,124,"H3","850650",5,35,65,14817,0
2008,381,1,124,"H3","850680",5,50,26,2967,0
2008,381,2,124,"H3","850680",5,60,1500,23681,0
2008,381,2,124,"H3","850690",8,52,52,5109,0
2008,381,1,124,"H3","8507",1,,8771,95576,0
2008,381,2,124,"H3","8507",1,,62118,642474,0
2008,381,2,124,"H3","850710",5,522,21031,210411,0
2008,381,1,124,"H3","850720",5,2726,1300,36113,0
2008,381,2,124,"H3","850720",5,957,31219,224386,0
2008,381,2,124,"H3","850730",5,4,74,9988,0
2008,381,1,124,"H3","850780",5,4133,7339,51542,0
2008,381,2,124,"H3","850780",5,32,9774,195792,0
2008,381,1,124,"H3","850790",8,132,132,7921,0
2008,381,2,124,"H3","850790",8,20,20,1897,0
2008,381,1,124,"H3","8508",1,,20110,422773,0
2008,381,2,124,"H3","8508",1,,87793,2211575,0
2008,381,1,124,"H3","850811",5,105,5300,50496,0
2008,381,2,124,"H3","850811",5,1156,24405,553263,0
2008,381,1,124,"H3","850819",5,139,5050,53815,0
2008,381,2,124,"H3","850819",5,3286,23044,660660,0
2008,381,1,124,"H3","850860",5,190,5680,201449,0
2008,381,2,124,"H3","850860",5,1866,10608,281955,0
2008,381,1,124,"H3","850870",8,4080,4080,117013,0
2008,381,2,124,"H3","850870",8,29736,29736,715697,0
2008,381,1,124,"H3","8509",1,,1855,49730,0
2008,381,2,124,"H3","8509",1,,65103,1205927,0
2008,381,2,124,"H3","850940",5,1024,9807,302826,0
2008,381,1,124,"H3","850980",1,,373,7161,0
2008,381,2,124,"H3","850980",1,,28668,602481,0
2008,381,1,124,"H3","850990",8,1482,1482,42569,0
2008,381,2,124,"H3","850990",8,26628,26628,300621,0
2008,381,1,124,"H3","8510",1,,7755,190253,0
2008,381,2,124,"H3","8510",1,,1111,31599,0
2008,381,2,124,"H3","851010",5,3038,111,6067,0
2008,381,2,124,"H3","851090",8,1000,1000,25532,0
2008,381,2,124,"H3","851120",5,2304,377,16736,2
2008,381,2,124,"H3","851130",5,9369,1267,105521,2
2008,381,1,124,"H3","851140",5,3758,10136,233267,2
2008,381,2,124,"H3","851140",5,735,61,29893,2
2008,381,1,124,"H3","851150",5,2497,10929,191824,2
2008,381,1,124,"H3","851180",1,,1391,25214,0
2008,381,2,124,"H3","851180",5,1939,233,12008,2
2008,381,1,124,"H3","851190",8,2859,2859,140938,0
2008,381,2,124,"H3","851190",8,65366,65366,271882,0
2008,381,1,124,"H3","8512",1,,1729,59537,4
2008,381,2,124,"H3","8512",1,,44982,837966,0
2008,381,1,124,"H3","851210",1,,30,2769,0
2008,381,1,124,"H3","851220",5,467,33,6311,2
2008,381,2,124,"H3","851220",1,,172,11912,0
2008,381,1,124,"H3","851230",5,4223,1300,41999,2
2008,381,2,124,"H3","851230",5,9222,5405,185252,2
2008,381,2,124,"H3","851240",1,,146,20664,0
2008,381,1,124,"H3","851290",8,366,366,8457,6
2008,381,2,124,"H3","851290",8,39259,39259,620139,0
2008,381,1,124,"H3","8513",1,,225,40879,0
2008,381,2,124,"H3","8513",1,,330,10445,0
2008,381,1,124,"H3","851310",1,,225,40879,0
2008,381,2,124,"H3","851310",1,,330,10445,0
2008,381,2,124,"H3","851410",5,25,15516,350692,2
2008,381,1,124,"H3","851430",1,,1500,3230,0
2008,381,2,124,"H3","851430",1,,4488,276842,0
2008,381,1,124,"H3","851490",8,1690,1690,1355886,0
2008,381,2,124,"H3","851490",8,22455,22455,1575521,0
2008,381,1,124,"H3","8515",1,,33885,559685,0
2008,381,2,124,"H3","8515",1,,213740,2513175,0
2008,381,1,124,"H3","851519",1,,1128,40196,0
2008,381,2,124,"H3","851519",1,,575,6585,0
2008,381,1,124,"H3","851521",1,,2000,55795,0
2008,381,2,124,"H3","851521",1,,5045,95332,0
2008,381,1,124,"H3","851529",1,,26,2757,0
2008,381,2,124,"H3","851529",1,,3657,118199,0
2008,381,1,124,"H3","851539",1,,12678,140052,0
2008,381,2,124,"H3","851539",1,,77746,1412893,0
2008,381,1,124,"H3","851580",5,10,134,24459,0
2008,381,1,124,"H3","851590",8,17919,17919,296425,0
2008,381,2,124,"H3","851590",8,126717,126717,880166,0
2008,381,1,124,"H3","8516",1,,32502,351154,0
2008,381,2,124,"H3","8516",1,,341759,8893316,0
2008,381,1,124,"H3","851610",5,12,256,22944,0
2008,381,2,124,"H3","851610",5,10992,5924,187999,0
2008,381,1,124,"H3","851629",5,3087,17959,170908,0
2008,381,2,124,"H3","851629",5,17685,60570,789003,0
2008,381,2,124,"H3","851631",5,27356,30201,1024134,0
2008,381,1,124,"H3","851632",5,1518,590,15881,2
2008,381,2,124,"H3","851632",5,124024,23194,1001179,2
2008,381,2,124,"H3","851640",5,2958,13547,286395,0
2008,381,2,124,"H3","851650",5,132,2442,55328,0
2008,381,1,124,"H3","851660",5,187,11862,86646,0
2008,381,2,124,"H3","851660",5,2171,53384,723857,0
2008,381,1,124,"H3","851671",5,49,166,5130,0
2008,381,2,124,"H3","851671",5,28265,86104,3201402,0
2008,381,1,124,"H3","851672",5,2,49,6089,0
2008,381,2,124,"H3","851672",5,148,2702,55917,0
2008,381,1,124,"H3","851679",5,302,296,8324,0
2008,381,2,124,"H3","851679",5,27431,22296,432371,0
2008,381,1,124,"H3","851680",1,,15,3866,0
2008,381,2,124,"H3","851680",1,,23869,614929,0
2008,381,1,124,"H3","851690",8,140,140,8570,0
2008,381,2,124,"H3","851690",8,17526,17526,520801,0
2008,381,1,124,"H3","8517",1,,22077,14556208,0
2008,381,2,124,"H3","8517",1,,8275,1562068,0
2008,381,1,124,"H3","851718",5,40,4,3455,2
2008,381,2,124,"H3","851718",5,502,2078,72155,2
2008,381,1,124,"H3","851761",5,356,806,199236,0
2008,381,2,124,"H3","851761",5,444,67,13271,0
2008,381,1,124,"H3","851762",1,,14504,8863371,0
2008,381,2,124,"H3","851762",5,1065,537,180112,2
2008,381,1,124,"H3","851769",5,8440,1230,681803,2
2008,381,2,124,"H3","851769",5,1969,3291,129377,2
2008,381,1,124,"H3","851770",8,5479,5479,4718821,0
2008,381,2,124,"H3","851770",8,1910,1910,1152436,0
2008,381,1,124,"H3","8518",1,,18732,1781288,0
2008,381,2,124,"H3","8518",1,,177586,4008801,0
2008,381,1,124,"H3","851810",1,,24,4565,0
2008,381,2,124,"H3","851810",1,,1,1559,0
2008,381,1,124,"H3","851821",5,5,40,2912,0
2008,381,2,124,"H3","851821",5,5762,21653,415490,0
2008,381,1,124,"H3","851822",5,433,11988,573118,0
2008,381,2,124,"H3","851822",5,1008,18492,402408,0
2008,381,1,124,"H3","851829",5,196,1404,181562,0
2008,381,2,124,"H3","851829",5,23805,115089,2395761,0
2008,381,1,124,"H3","851830",1,,282,34543,0
2008,381,2,124,"H3","851830",5,2694,811,75326,2
2008,381,1,124,"H3","851840",5,564,2186,822664,2
2008,381,2,124,"H3","851840",5,285,814,73296,0
2008,381,1,124,"H3","851850",5,384,206,73786,0
2008,381,2,124,"H3","851850",5,2649,14882,531976,0
2008,381,1,124,"H3","851890",8,2602,2602,88138,0
2008,381,2,124,"H3","851890",8,5844,5844,112984,0
2008,381,1,124,"H3","8519",5,654,2652,218515,0
2008,381,2,124,"H3","8519",5,316,7909,154189,0
2008,381,1,124,"H3","851930",5,3,48,5008,0
2008,381,2,124,"H3","851930",5,4,80,4640,0
2008,381,1,124,"H3","851981",5,645,1623,198595,0
2008,381,2,124,"H3","851981",5,272,1144,27905,0
2008,381,1,124,"H3","851989",5,1,1,1915,0
2008,381,2,124,"H3","851989",5,28,6644,119283,0
2008,381,1,124,"H3","852110",5,1,24,2009,0
2008,381,2,124,"H3","852110",5,50,969,112250,0
2008,381,1,124,"H3","852190",5,1,32,15012,0
2008,381,2,124,"H3","852190",5,330,164,10343,0
2008,381,1,124,"H3","8522",8,2212,2212,87608,0
2008,381,2,124,"H3","8522",8,354,354,42080,0
2008,381,1,124,"H3","852290",8,2212,2212,87608,0
2008,381,2,124,"H3","852290",8,354,354,42080,0
2008,381,1,124,"H3","8523",1,,2276,2837870,0
2008,381,2,124,"H3","8523",1,,3087,1533952,4
2008,381,2,124,"H3","852321",5,10,25,22596,0
2008,381,1,124,"H3","852329",5,4014,189,241352,2
2008,381,2,124,"H3","852329",5,2539,506,44365,6
2008,381,1,124,"H3","852340",5,16633,1993,2376158,2
2008,381,2,124,"H3","852340",5,11409,1817,1256366,6
2008,381,1,124,"H3","852351",5,341,5,18119,0
2008,381,2,124,"H3","852351",5,3010,17,107452,0
2008,381,1,124,"H3","852352",5,408,35,69009,0
2008,381,2,124,"H3","852352",5,5,20,29344,0
2008,381,1,124,"H3","852359",5,10,6,8889,0
2008,381,1,124,"H3","852380",1,,48,124344,0
2008,381,2,124,"H3","852380",1,,703,73830,0
2008,381,1,124,"H3","8525",5,3876,6137,4444314,0
2008,381,2,124,"H3","8525",5,1788,2252,877051,0
2008,381,1,124,"H3","852550",5,1584,1308,362322,0
2008,381,2,124,"H3","852550",5,184,447,61011,0
2008,381,1,124,"H3","852560",5,812,3011,1143584,0
2008,381,1,124,"H3","852580",5,1480,1818,2938408,0
2008,381,2,124,"H3","852580",5,1442,1618,714133,0
2008,381,1,124,"H3","852610",1,,660,549499,0
2008,381,2,124,"H3","852610",1,,857,102974,0
2008,381,1,124,"H3","852691",5,5041,762,1033148,2
2008,381,2,124,"H3","852691",5,43,61,73031,2
2008,381,1,124,"H3","852692",1,,54,22732,0
2008,381,2,124,"H3","852692",1,,1036,144841,0
2008,381,1,124,"H3","8527",5,291,155,40343,0
2008,381,2,124,"H3","8527",5,471,6178,150506,0
2008,381,1,124,"H3","852721",5,30,37,5340,0
2008,381,1,124,"H3","852729",5,4,11,1545,0
2008,381,1,124,"H3","852791",5,194,17,6679,0
2008,381,2,124,"H3","852791",5,1,5699,135496,0
2008,381,1,124,"H3","852799",5,61,80,24202,0
2008,381,2,124,"H3","852799",5,13,9,1942,0
2008,381,1,124,"H3","8528",5,3755,3769,3445655,0
2008,381,2,124,"H3","8528",5,1808,2773,752581,0
2008,381,1,124,"H3","852849",5,5,100,6240,0
2008,381,2,124,"H3","852849",5,7,20,9338,0
2008,381,1,124,"H3","852851",5,52,214,55375,0
2008,381,2,124,"H3","852851",5,1591,1549,510111,0
2008,381,1,124,"H3","852859",5,2046,748,98734,0
2008,381,1,124,"H3","852869",5,23,364,72829,0
2008,381,2,124,"H3","852869",5,3,179,62504,0
2008,381,1,124,"H3","852871",5,1624,2327,3210282,0
2008,381,2,124,"H3","852871",5,12,194,50759,0
2008,381,2,124,"H3","852872",5,6,71,6754,0
2008,381,1,124,"H3","8529",8,7915,7915,9911645,0
2008,381,2,124,"H3","8529",8,27404,27404,4415618,0
2008,381,1,124,"H3","852910",8,2719,2719,4434831,0
2008,381,2,124,"H3","852910",8,23023,23023,1102066,0
2008,381,1,124,"H3","852990",8,5196,5196,5476814,0
2008,381,2,124,"H3","852990",8,4381,4381,3313552,0
2008,381,1,124,"H3","8530",1,,317,83007,0
2008,381,2,124,"H3","8530",1,,380,36545,0
2008,381,1,124,"H3","853080",1,,303,51587,0
2008,381,2,124,"H3","853080",1,,157,27300,0
2008,381,1,124,"H3","8531",1,,86726,7275221,0
2008,381,2,124,"H3","8531",1,,20734,1415325,0
2008,381,1,124,"H3","853110",5,328,90,63491,0
2008,381,2,124,"H3","853110",5,25261,12001,683978,0
2008,381,1,124,"H3","853120",1,,1218,508183,0
2008,381,2,124,"H3","853120",1,,5996,329885,0
2008,381,1,124,"H3","853180",1,,508,269552,0
2008,381,2,124,"H3","853180",1,,562,58712,0
2008,381,1,124,"H3","853190",8,84910,84910,6433996,0
2008,381,2,124,"H3","853190",8,2175,2175,342751,0
2008,381,1,124,"H3","8532",8,4661,4661,108080,0
2008,381,2,124,"H3","8532",8,58236,58236,932160,0
2008,381,1,124,"H3","853210",8,4642,4642,72262,0
2008,381,2,124,"H3","853210",8,56703,56703,888670,0
2008,381,2,124,"H3","853221",8,20,20,2157,0
2008,381,2,124,"H3","853225",8,1513,1513,41333,0
2008,381,1,124,"H3","853229",8,17,17,18477,0
2008,381,1,124,"H3","8533",8,1395,1395,330098,0
2008,381,2,124,"H3","8533",8,1097,1097,74165,0
2008,381,1,124,"H3","853329",8,106,106,15104,0
2008,381,2,124,"H3","853329",8,299,299,18598,0
2008,381,1,124,"H3","853339",8,497,497,129981,0
2008,381,2,124,"H3","853339",8,4,4,1512,0
2008,381,1,124,"H3","853340",8,276,276,40165,0
2008,381,2,124,"H3","853340",8,19,19,2417,0
2008,381,1,124,"H3","8534",8,2145,2145,2160983,0
2008,381,2,124,"H3","8534",8,66,66,379018,0
2008,381,1,124,"H3","853400",8,2145,2145,2160983,0
2008,381,2,124,"H3","853400",8,66,66,379018,0
2008,381,1,124,"H3","8535",8,3321,3321,207300,0
2008,381,2,124,"H3","8535",8,36139,36139,1355769,0
2008,381,1,124,"H3","853510",8,225,225,8131,0
2008,381,2,124,"H3","853521",8,22022,22022,684431,0
2008,381,1,124,"H3","853530",8,118,118,8974,0
2008,381,2,124,"H3","853530",8,2814,2814,66567,0
2008,381,1,124,"H3","853590",8,2933,2933,186537,0
2008,381,2,124,"H3","853590",8,9303,9303,572092,0
2008,381,1,124,"H3","8536",8,19744,19744,2905725,0
2008,381,2,124,"H3","8536",8,273237,273237,12003514,0
2008,381,1,124,"H3","853610",8,37,37,8363,0
2008,381,2,124,"H3","853610",8,38895,38895,700269,0
2008,381,1,124,"H3","853620",8,1310,1310,108885,0
2008,381,2,124,"H3","853620",8,99120,99120,4675618,0
2008,381,1,124,"H3","853630",8,310,310,417923,0
2008,381,2,124,"H3","853630",8,3639,3639,585747,0
2008,381,1,124,"H3","853641",8,2085,2085,77478,0
2008,381,2,124,"H3","853641",8,11664,11664,366498,0
2008,381,1,124,"H3","853649",8,198,198,99649,0
2008,381,2,124,"H3","853649",8,5630,5630,495337,0
2008,381,1,124,"H3","853650",8,10891,10891,1380023,0
2008,381,2,124,"H3","853650",8,23985,23985,1679775,0
2008,381,2,124,"H3","853661",8,4921,4921,202589,0
2008,381,1,124,"H3","853669",8,285,285,169597,0
2008,381,2,124,"H3","853669",8,30552,30552,866671,0
2008,381,2,124,"H3","853670",8,93,93,26790,0
2008,381,1,124,"H3","853690",8,4628,4628,643806,0
2008,381,2,124,"H3","853690",8,54738,54738,2404220,0
2008,381,1,124,"H3","8537",8,28492,28492,1875753,0
2008,381,2,124,"H3","8537",8,96714,96714,2237504,0
2008,381,1,124,"H3","853710",8,20656,20656,1447315,0
2008,381,2,124,"H3","853710",8,11801,11801,768602,0
2008,381,1,124,"H3","853720",8,7836,7836,428438,0
2008,381,2,124,"H3","853720",8,84913,84913,1468902,0
2008,381,1,124,"H3","8538",8,1178,1178,554015,0
2008,381,2,124,"H3","8538",8,94871,94871,3359737,0
2008,381,1,124,"H3","853890",8,805,805,478937,0
2008,381,2,124,"H3","853890",8,88577,88577,3167175,0
2008,381,1,124,"H3","8539",1,,2134,156546,4
2008,381,2,124,"H3","8539",1,,35941,555184,0
2008,381,1,124,"H3","853910",5,20,52,4439,0
2008,381,2,124,"H3","853910",5,4,1250,52664,0
2008,381,2,124,"H3","853921",5,1325,8822,71874,0
2008,381,2,124,"H3","853922",5,44398,1458,30594,0
2008,381,2,124,"H3","853929",5,82,300,30709,0
2008,381,1,124,"H3","853931",5,147,9,5597,0
2008,381,2,124,"H3","853931",5,522,55,9200,0
2008,381,2,124,"H3","853932",5,32,119,10022,0
2008,381,1,124,"H3","853939",5,1,3,1769,0
2008,381,1,124,"H3","853949",5,1634,1931,134784,0
2008,381,2,124,"H3","853949",5,888,20711,286836,0
2008,381,1,124,"H3","853990",8,135,135,8422,0
2008,381,2,124,"H3","853990",8,3226,3226,63284,0
2008,381,1,124,"H3","8540",1,,1242,844805,0
2008,381,2,124,"H3","8540",1,,1126,211523,0
2008,381,1,124,"H3","854089",5,4,18,118387,0
2008,381,2,124,"H3","854089",5,3,15,120233,0
2008,381,2,124,"H3","854099",8,1041,1041,24086,0
2008,381,1,124,"H3","8541",1,,95382,5074798,0
2008,381,2,124,"H3","8541",1,,302,87894,0
2008,381,1,124,"H3","854110",1,,78,72892,0
2008,381,2,124,"H3","854110",1,,153,42074,0
2008,381,1,124,"H3","854121",1,,4,3337,0
2008,381,1,124,"H3","854129",1,,97,23648,0
2008,381,2,124,"H3","854129",1,,2,3942,0
2008,381,1,124,"H3","854130",1,,244,28183,0
2008,381,1,124,"H3","854150",1,,13,24905,0
2008,381,1,124,"H3","854190",8,3,3,48554,0
2008,381,1,124,"H3","8542",1,,2052,5358575,0
2008,381,2,124,"H3","8542",1,,366,560710,0
2008,381,1,124,"H3","854231",1,,694,1106291,0
2008,381,2,124,"H3","854231",1,,27,50688,0
2008,381,1,124,"H3","854232",5,231201,572,750105,2
2008,381,2,124,"H3","854232",5,362562,167,389217,2
2008,381,1,124,"H3","854233",5,100935,11,79599,2
2008,381,2,124,"H3","854233",1,,24,4061,0
2008,381,1,124,"H3","854239",1,,759,3406905,0
2008,381,2,124,"H3","854239",1,,140,100092,0
2008,381,1,124,"H3","854290",8,16,16,15674,0
2008,381,2,124,"H3","854290",8,8,8,16652,0
2008,381,1,124,"H3","8543",1,,31940,1598337,0
2008,381,2,124,"H3","8543",1,,59006,5367555,0
2008,381,1,124,"H3","854310",1,,1,2749,0
2008,381,1,124,"H3","854320",1,,1296,298655,0
2008,381,2,124,"H3","854320",1,,1,11597,0
2008,381,1,124,"H3","854330",1,,24594,189629,0
2008,381,1,124,"H3","854370",1,,5122,821657,0
2008,381,2,124,"H3","854370",1,,8785,494553,0
2008,381,1,124,"H3","854390",8,927,927,285647,0
2008,381,2,124,"H3","854390",8,50220,50220,4861405,0
2008,381,1,124,"H3","8544",8,38875,38875,1414283,0
2008,381,2,124,"H3","8544",8,53920,53920,760029,0
2008,381,1,124,"H3","854411",8,65,65,1953,0
2008,381,2,124,"H3","854411",8,416,416,30461,0
2008,381,1,124,"H3","854419",8,790,790,32740,0
2008,381,2,124,"H3","854419",8,264,264,20069,0
2008,381,1,124,"H3","854420",8,1740,1740,158789,0
2008,381,2,124,"H3","854420",8,7722,7722,282966,0
2008,381,1,124,"H3","854430",8,2644,2644,129138,0
2008,381,2,124,"H3","854011",5,3,50,15029,0
2008,381,2,124,"H3","853810",8,6294,6294,192562,0
2008,381,1,124,"H3","853810",8,373,373,75079,0
2008,381,2,124,"H3","852859",5,189,760,113115,0
2008,381,2,124,"H3","851712",5,1,392,14717,0
2008,381,1,124,"H3","851712",5,1625,54,89522,0
2008,381,2,124,"H3","8514",1,,42459,2203055,0
2008,381,1,124,"H3","8514",1,,3190,1359116,0
2008,381,2,124,"H3","8511",1,,67304,436041,0
2008,381,1,124,"H3","8511",1,,25315,591243,0
2008,381,1,124,"H3","854160",1,,1,4446,0
2008,381,2,124,"H3","854140",1,,147,41878,0
2008,381,1,124,"H3","854140",1,,94942,4868833,0
2008,381,1,124,"H3","852713",5,2,10,2577,0
2008,381,2,124,"H3","852712",5,457,470,13067,0
2008,381,2,124,"H3","8526",1,,1954,320847,0
2008,381,1,124,"H3","8526",1,,1476,1605379,0
2008,381,2,124,"H3","851920",5,12,41,2362,0
2008,381,1,124,"H3","851920",5,5,980,12997,0
2008,381,1,124,"H3","851621",5,16,1169,22795,0
2008,381,2,124,"H3","854072",5,1,20,52176,0
2008,381,1,124,"H3","854072",5,21,1224,726417,0
2008,381,2,124,"H3","853540",8,2000,2000,32679,0
2008,381,1,124,"H3","853540",8,45,45,3658,0
2008,381,1,124,"H3","853390",8,19,19,4487,0
2008,381,1,124,"H3","853331",8,493,493,134920,0
2008,381,2,124,"H3","853321",8,773,773,46176,0
2008,381,2,124,"H3","853310",8,2,2,5462,0
2008,381,1,124,"H3","853310",8,4,4,5440,0
2008,381,1,124,"H3","853224",8,2,2,17341,0
2008,381,1,124,"H3","852873",5,5,16,2194,0
2008,381,2,124,"H3","852560",5,162,187,101907,0
2008,381,1,124,"H3","851020",5,8281,7755,190253,0
2008,381,1,124,"H3","853941",5,2,4,1534,4
2008,381,2,124,"H3","853010",1,,223,9245,0
2008,381,1,124,"H3","853010",1,,14,31420,0
2008,381,2,124,"H3","8521",5,380,1133,122594,0
2008,381,1,124,"H3","8521",5,2,56,17021,0
2008,381,1,124,"H3","854442",8,2475,2475,144235,0
2008,381,2,124,"H3","854442",8,1052,1052,69238,0
2008,381,1,124,"H3","854449",8,31100,31100,911715,0
2008,381,2,124,"H3","854449",8,32280,32280,160256,0
2008,381,1,124,"H3","854460",8,35,35,9807,0
2008,381,2,124,"H3","854460",8,12155,12155,182420,0
2008,381,1,124,"H3","854470",8,26,26,25905,0
2008,381,2,124,"H3","854470",8,31,31,14620,0
2008,381,1,124,"H3","8545",8,124678,124678,574428,0
2008,381,2,124,"H3","8545",8,1247,1247,80400,0
2008,381,1,124,"H3","854511",8,124653,124653,551215,0
2008,381,1,124,"H3","854519",8,11,11,4766,0
2008,381,2,124,"H3","854519",8,1247,1247,80400,0
2008,381,1,124,"H3","854520",8,14,14,18446,0
2008,381,1,124,"H3","8546",8,17934,17934,497878,0
2008,381,2,124,"H3","8546",8,666329,666329,2358454,0
2008,381,1,124,"H3","854610",8,13823,13823,395334,0
2008,381,2,124,"H3","854610",8,642845,642845,2076566,0
2008,381,1,124,"H3","854620",8,100,100,9319,0
2008,381,2,124,"H3","854620",8,15503,15503,83868,0
2008,381,1,124,"H3","854690",8,4011,4011,93225,0
2008,381,2,124,"H3","854690",8,7981,7981,198020,0
2008,381,1,124,"H3","8547",8,208,208,6695,0
2008,381,2,124,"H3","8547",8,2430,2430,22803,0
2008,381,1,124,"H3","854710",8,68,68,3882,0
2008,381,1,124,"H3","854790",8,140,140,2813,0
2008,381,2,124,"H3","854790",8,2430,2430,22803,0
2008,381,1,124,"H3","8548",8,13,13,2744,0
2008,381,2,124,"H3","8548",8,900,900,64325,0
2008,381,1,124,"H3","854890",8,13,13,2744,0
2008,381,2,124,"H3","854890",8,900,900,64325,0
2008,381,1,124,"H3","86",1,,,122795,0
2008,381,2,124,"H3","86",1,,,133780,0
2008,381,1,124,"H3","8607",8,1344,1344,56035,0
2008,381,2,124,"H3","8607",8,13335,13335,117630,0
2008,381,2,124,"H3","860719",8,29,29,11263,0
2008,381,2,124,"H3","860730",8,9,9,10464,0
2008,381,2,124,"H3","860791",8,11602,11602,41895,0
2008,381,1,124,"H3","860799",8,1344,1344,56035,0
2008,381,2,124,"H3","860799",8,1695,1695,54008,0
2008,381,2,124,"H3","8608",8,450,450,8809,0
2008,381,2,124,"H3","860800",8,450,450,8809,0
2008,381,1,124,"H3","8609",5,8,11101,66761,0
2008,381,2,124,"H3","8609",5,5,10840,7341,0
2008,381,1,124,"H3","860900",5,8,11101,66761,0
2008,381,2,124,"H3","860900",5,5,10840,7341,0
2008,381,1,124,"H3","87",1,,,14795330,0
2008,381,2,124,"H3","87",1,,,151834760,0
2008,381,1,124,"H3","8701",5,58,278663,6550808,0
2008,381,2,124,"H3","8701",5,870,3559802,30707635,0
2008,381,1,124,"H3","870130",5,50,231848,6164017,0
2008,381,2,124,"H3","870130",5,21,30621,833978,0
2008,381,1,124,"H3","870190",5,8,46815,386791,0
2008,381,2,124,"H3","870190",5,849,3529181,29873657,0
2008,381,2,124,"H3","8702",5,2,8920,941119,0
2008,381,2,124,"H3","870290",5,2,8920,941119,0
2008,381,1,124,"H3","8703",5,307,169045,3120041,0
2008,381,2,124,"H3","8703",5,247,206664,23553401,0
2008,381,1,124,"H3","870310",5,7,4060,63820,0
2008,381,1,124,"H3","870321",5,248,77308,2164937,0
2008,381,2,124,"H3","870321",5,136,22195,324180,0
2008,381,1,124,"H3","870322",5,1,1100,1896,0
2008,381,2,124,"H3","870322",5,4,4590,31809,0
2008,381,1,124,"H3","870323",5,19,17096,181756,0
2008,381,2,124,"H3","870323",5,13,19591,187858,0
2008,381,1,124,"H3","870324",5,32,69481,707632,0
2008,381,2,124,"H3","870324",5,82,128211,20385894,0
2008,381,2,124,"H3","870331",5,1,1570,36705,0
2008,381,2,124,"H3","870390",5,11,30507,2586955,0
2008,381,1,124,"H3","8705",5,1,15000,76936,0
2008,381,2,124,"H3","8705",5,102,1129386,11940058,0
2008,381,1,124,"H3","870590",5,1,15000,76936,0
2008,381,2,124,"H3","870590",5,102,1129386,11940058,0
2008,381,2,124,"H3","8706",5,2,48,2933,0
2008,381,2,124,"H3","870600",5,2,48,2933,0
2008,381,1,124,"H3","8707",5,2,133,6155,0
2008,381,2,124,"H3","8707",5,2,1100,9264,0
2008,381,1,124,"H3","870710",5,2,133,6155,0
2008,381,2,124,"H3","870790",5,2,1100,9264,0
2008,381,1,124,"H3","8708",8,435512,435512,2812172,0
2008,381,2,124,"H3","8708",8,6310023,6310023,49397358,0
2008,381,1,124,"H3","870810",8,286,286,4655,0
2008,381,2,124,"H3","870810",8,16240,16240,84629,0
2008,381,1,124,"H3","870821",8,53,53,1530,0
2008,381,2,124,"H3","870821",8,869,869,38699,0
2008,381,1,124,"H3","870829",8,4269,4269,102409,0
2008,381,2,124,"H3","870829",8,3963,3963,156703,0
2008,381,1,124,"H3","870830",8,275383,275383,831800,0
2008,381,2,124,"H3","870830",8,266925,266925,2041814,0
2008,381,1,124,"H3","870840",8,96,96,5922,0
2008,381,2,124,"H3","870840",8,22736,22736,196833,0
2008,381,1,124,"H3","870850",8,10707,10707,111435,0
2008,381,2,124,"H3","870850",8,81885,81885,1056279,0
2008,381,1,124,"H3","870870",8,11654,11654,218652,0
2008,381,2,124,"H3","870870",8,61499,61499,355681,0
2008,381,1,124,"H3","870880",8,697,697,97633,0
2008,381,2,124,"H3","870880",8,23795,23795,429203,0
2008,381,2,124,"H3","870891",8,14251,14251,223857,0
2008,381,1,124,"H3","870892",8,348,348,7411,0
2008,381,2,124,"H3","870892",8,88285,88285,1422223,0
2008,381,1,124,"H3","870893",8,4704,4704,126959,0
2008,381,2,124,"H3","870893",8,2440,2440,50119,0
2008,381,1,124,"H3","870894",8,3625,3625,35630,0
2008,381,2,124,"H3","870894",8,22863,22863,426315,0
2008,381,1,124,"H3","870899",8,123690,123690,1268137,0
2008,381,2,124,"H3","870899",8,5704272,5704272,42915003,0
2008,381,1,124,"H3","8709",1,,26,1501,0
2008,381,2,124,"H3","8709",1,,799,36670,0
2008,381,2,124,"H3","870919",5,16,364,19606,0
2008,381,1,124,"H3","870990",8,26,26,1501,0
2008,381,2,124,"H3","870990",8,435,435,17063,0
2008,381,1,124,"H3","8711",5,122,30325,1011743,0
2008,381,2,124,"H3","8711",5,2874,458095,15647098,0
2008,381,2,124,"H3","871110",5,634,66160,1667689,0
2008,381,1,124,"H3","871120",5,40,3680,244335,0
2008,381,2,124,"H3","871120",5,1152,166825,4996387,0
2008,381,1,124,"H3","871130",5,1,250,2323,0
2008,381,2,124,"H3","871130",5,32,3093,200439,0
2008,381,1,124,"H3","871140",5,24,1795,18481,0
2008,381,2,124,"H3","871140",5,234,46402,1724007,0
2008,381,1,124,"H3","871150",5,57,24600,746603,0
2008,381,2,124,"H3","871150",5,726,160811,6584045,0
2008,381,2,124,"H3","871190",5,96,14804,474531,0
2008,381,1,124,"H3","8712",5,90,2133,197106,0
2008,381,2,124,"H3","8712",5,281,4262,477387,0
2008,381,1,124,"H3","871200",5,90,2133,197106,0
2008,381,2,124,"H3","871200",5,281,4262,477387,0
2008,381,2,124,"H3","8713",5,84,1110,38003,0
2008,381,2,124,"H3","871310",5,35,474,14499,0
2008,381,2,124,"H3","871390",5,49,636,23504,0
2008,381,1,124,"H3","8714",1,,24464,982252,0
2008,381,2,124,"H3","8714",1,,416849,12522402,0
2008,381,2,124,"H3","871411",8,347,347,33507,0
2008,381,1,124,"H3","871419",8,16874,16874,359089,0
2008,381,2,124,"H3","871419",8,311873,311873,6665644,0
2008,381,1,124,"H3","871420",8,5554,5554,450076,0
2008,381,2,124,"H3","871420",8,431,431,14353,0
2008,381,1,124,"H3","871491",8,531,531,51087,0
2008,381,2,124,"H3","871491",8,19826,19826,666431,0
2008,381,2,124,"H3","871492",8,817,817,23140,0
2008,381,2,124,"H3","871493",8,8386,8386,254165,0
2008,381,1,124,"H3","871494",8,15,15,2622,0
2008,381,2,124,"H3","871494",8,1783,1783,70908,0
2008,381,2,124,"H3","871495",5,618759,7725,661256,2
2008,381,1,124,"H3","871496",8,695,695,68317,0
2008,381,2,124,"H3","871496",8,1155,1155,121843,0
2008,381,1,124,"H3","871499",8,795,795,51062,0
2008,381,2,124,"H3","871499",8,64506,64506,4011153,0
2008,381,2,124,"H3","8715",8,285292,285292,3595654,0
2008,381,2,124,"H3","871500",8,285292,285292,3595654,0
2008,381,1,124,"H3","8716",1,,3931,36616,0
2008,381,2,124,"H3","8716",1,,361984,2965777,0
2008,381,1,124,"H3","871610",5,1,3000,15485,0
2008,381,2,124,"H3","871639",5,4,80200,1577509,0
2008,381,1,124,"H3","871680",1,,931,21132,0
2008,381,2,124,"H3","871680",5,622,14714,107688,2
2008,381,2,124,"H3","871690",8,267070,267070,1280580,0
2008,381,1,124,"H3","88",1,,,75103199,0
2008,381,2,124,"H3","88",1,,,40600612,0
2008,381,1,124,"H3","8801",5,1,40,1909,0
2008,381,1,124,"H3","880100",5,1,40,1909,0
2008,381,1,124,"H3","8802",5,1,13000,27559307,0
2008,381,2,124,"H3","8802",5,7,130,23268,0
2008,381,2,124,"H3","880220",5,7,130,23268,0
2008,381,1,124,"H3","880230",5,1,13000,27559307,0
2008,381,1,124,"H3","8803",8,37055,37055,30357991,0
2008,381,2,124,"H3","8803",8,45849,45849,37126660,0
2008,381,1,124,"H3","880310",8,522,522,299546,0
2008,381,2,124,"H3","880310",8,1014,1014,771690,0
2008,381,1,124,"H3","880320",8,14747,14747,8499412,0
2008,381,2,124,"H3","880320",8,10513,10513,3386679,0
2008,381,1,124,"H3","880330",8,20541,20541,19667256,0
2008,381,2,124,"H3","880330",8,32183,32183,31578961,0
2008,381,1,124,"H3","880390",8,1245,1245,1891776,0
2008,381,2,124,"H3","880390",8,2139,2139,1389331,0
2008,381,2,124,"H3","8804",8,195,195,22502,0
2008,381,2,124,"H3","880400",8,195,195,22502,0
2008,381,1,124,"H3","8805",8,37744,37744,17183993,0
2008,381,2,124,"H3","8805",8,698,698,3428182,0
2008,381,1,124,"H3","880521",8,5470,5470,5401433,0
2008,381,2,124,"H3","880521",8,39,39,33983,0
2008,381,1,124,"H3","880529",8,32274,32274,11782560,0
2008,381,2,124,"H3","880529",8,659,659,3394199,0
2008,381,1,124,"H3","89",1,,,4831204,0
2008,381,2,124,"H3","89",1,,,2657254,0
2008,381,1,124,"H3","8903",5,446,195274,4831204,0
2008,381,2,124,"H3","8903",5,6,31260,2610771,0
2008,381,1,124,"H3","890310",5,1,360,10200,0
2008,381,2,124,"H3","890310",5,4,530,10728,0
2008,381,1,124,"H3","890391",5,2,660,24139,0
2008,381,1,124,"H3","890392",5,427,192604,4770752,0
2008,381,2,124,"H3","890392",5,1,30720,2597987,0
2008,381,1,124,"H3","890399",5,16,1650,26114,0
2008,381,2,124,"H3","890399",5,1,10,2055,0
2008,381,2,124,"H3","8905",5,1,244,21856,0
2008,381,2,124,"H3","890510",5,1,244,21856,0
2008,381,2,124,"H3","8907",1,,75,4087,0
2008,381,2,124,"H3","890790",1,,75,4087,0
2008,381,2,124,"H3","8908",1,,86,20540,0
2008,381,2,124,"H3","890800",1,,86,20540,0
2008,381,1,124,"H3","90",1,,,79199522,0
2008,381,2,124,"H3","90",1,,,90035877,0
2008,381,1,124,"H3","9001",1,,375,471159,4
2008,381,2,124,"H3","9001",1,,955,156214,0
2008,381,1,124,"H3","900110",8,269,269,153950,0
2008,381,2,124,"H3","900110",8,3,3,30536,0
2008,381,1,124,"H3","900120",8,13,13,2147,6
2008,381,1,124,"H3","900150",5,3688,28,15643,0
2008,381,2,124,"H3","900150",5,31821,855,71744,0
2008,381,1,124,"H3","900190",8,65,65,299420,0
2008,381,2,124,"H3","900190",8,97,97,53934,0
2008,381,1,124,"H3","9002",8,107,107,73615,0
2008,381,2,124,"H3","9002",8,128,128,73987,0
2008,381,1,124,"H3","900211",8,9,9,6691,0
2008,381,1,124,"H3","900219",8,1,1,7493,0
2008,381,1,124,"H3","900220",8,11,11,7369,0
2008,381,2,124,"H3","900220",8,2,2,14763,0
2008,381,1,124,"H3","900290",8,86,86,52061,0
2008,381,2,124,"H3","900290",8,126,126,59224,0
2008,381,1,124,"H3","9003",1,,1334,318108,0
2008,381,2,124,"H3","9003",1,,48380,13580876,0
2008,381,1,124,"H3","900311",5,6062,469,59598,0
2008,381,2,124,"H3","900311",5,55768,8485,2726424,0
2008,381,1,124,"H3","900319",5,6411,316,135549,0
2008,381,2,124,"H3","900319",5,320331,29203,9549250,0
2008,381,1,124,"H3","900390",8,549,549,122961,0
2008,381,2,124,"H3","900390",8,10692,10692,1305201,0
2008,381,1,124,"H3","9004",1,,597,153050,0
2008,381,2,124,"H3","9004",1,,61386,12676112,0
2008,381,1,124,"H3","900410",5,3951,447,129709,0
2008,381,2,124,"H3","900410",5,333166,41907,10385444,0
2008,381,1,124,"H3","900490",1,,150,23340,0
2008,381,2,124,"H3","900490",5,2115358,19479,2290667,2
2008,381,1,124,"H3","9005",1,,37,14398,0
2008,381,2,124,"H3","9005",1,,462,13986,0
2008,381,1,124,"H3","900510",5,9,10,7728,0
2008,381,2,124,"H3","900510",5,563,450,9552,0
2008,381,2,124,"H3","900580",1,,12,4434,0
2008,381,1,124,"H3","900590",8,27,27,6670,0
2008,381,1,124,"H3","9006",1,,207,233680,0
2008,381,2,124,"H3","9006",1,,133224,3722309,0
2008,381,1,124,"H3","900630",5,26,130,204279,0
2008,381,2,124,"H3","900652",5,4,1,4214,0
2008,381,2,124,"H3","900653",5,5,23,41901,0
2008,381,2,124,"H3","900659",5,37,9,10445,0
2008,381,1,124,"H3","900691",8,35,35,17294,0
2008,381,2,124,"H3","900691",8,132654,132654,3639216,0
2008,381,1,124,"H3","900699",8,42,42,12108,0
2008,381,2,124,"H3","900699",8,537,537,26533,0
2008,381,1,124,"H3","9007",1,,8,2929,0
2008,381,2,124,"H3","9007",1,,1274,464809,0
2008,381,2,124,"H3","900719",5,1,200,167011,0
2008,381,1,124,"H3","900720",5,1,8,2929,0
2008,381,2,124,"H3","900720",5,99,300,71390,0
2008,381,2,124,"H3","900791",8,635,635,130224,0
2008,381,2,124,"H3","900792",8,139,139,96184,0
2008,381,1,124,"H3","9008",1,,133,3409,4
2008,381,2,124,"H3","9008",1,,6,11719,0
2008,381,1,124,"H3","900830",5,1,133,3409,4
2008,381,2,124,"H3","900890",8,6,6,11719,0
2008,381,1,124,"H3","9010",1,,535,47595,0
2008,381,2,124,"H3","9010",1,,14648,502094,0
2008,381,2,124,"H3","901010",5,5,1532,93760,2
2008,381,1,124,"H3","901050",1,,315,45965,0
2008,381,2,124,"H3","901050",1,,12769,377963,0
2008,381,1,124,"H3","901060",1,,220,1630,0
2008,381,2,124,"H3","901060",5,55,342,16131,2
2008,381,2,124,"H3","901090",8,5,5,14240,0
2008,381,1,124,"H3","9011",1,,168,93611,0
2008,381,1,124,"H3","901180",5,42,20,9873,0
2008,381,1,124,"H3","901190",8,148,148,83739,0
2008,381,1,124,"H3","9013",1,,2537,1114124,4
2008,381,2,124,"H3","9013",1,,8125,377311,0
2008,381,1,124,"H3","901310",1,,27,5038,4
2008,381,2,124,"H3","901310",1,,625,201398,0
2008,381,1,124,"H3","901320",1,,568,185897,0
2008,381,2,124,"H3","901320",1,,21,14174,0
2008,381,1,124,"H3","901380",1,,1631,710913,0
2008,381,2,124,"H3","901380",1,,1451,113530,0
2008,381,1,124,"H3","901390",8,311,311,212276,0
2008,381,2,124,"H3","901390",8,6028,6028,48208,0
2008,381,1,124,"H3","9014",1,,1951,783254,0
2008,381,2,124,"H3","9014",1,,79,912741,0
2008,381,1,124,"H3","901410",1,,1216,56857,0
2008,381,1,124,"H3","901420",1,,29,87217,0
2008,381,2,124,"H3","901420",5,132,38,817931,2
2008,381,1,124,"H3","901480",1,,669,329736,0
2008,381,2,124,"H3","901480",1,,31,15592,0
2008,381,1,124,"H3","901490",8,37,37,309444,0
2008,381,2,124,"H3","901490",8,10,10,79218,0
2008,381,1,124,"H3","9015",1,,11632,6691850,0
2008,381,2,124,"H3","9015",1,,871,2225343,0
2008,381,1,124,"H3","901510",1,,28,14520,0
2008,381,1,124,"H3","901530",1,,722,49996,0
2008,381,1,124,"H3","901540",8,21,21,46012,0
2008,381,2,124,"H3","901540",8,21,21,44186,0
2008,381,1,124,"H3","901580",1,,7221,5970735,0
2008,381,2,124,"H3","901580",1,,837,2164666,0
2008,381,1,124,"H3","901590",8,3640,3640,610588,0
2008,381,2,124,"H3","901590",8,13,13,16491,0
2008,381,1,124,"H3","9016",8,58,58,8284,0
2008,381,1,124,"H3","901600",8,58,58,8284,0
2008,381,1,124,"H3","9017",1,,284,69618,0
2008,381,2,124,"H3","9017",1,,7502,261716,0
2008,381,1,124,"H3","901710",5,2,130,17151,0
2008,381,2,124,"H3","901710",5,82,2417,22580,0
2008,381,2,124,"H3","901720",5,44262,3369,66637,2
2008,381,1,124,"H3","901730",5,220,86,29222,0
2008,381,2,124,"H3","901780",1,,1246,165125,0
2008,381,1,124,"H3","901790",8,68,68,23245,0
2008,381,2,124,"H3","901790",8,470,470,7375,0
2008,381,1,124,"H3","9018",1,,54431,8478900,4
2008,381,2,124,"H3","9018",1,,981193,33498000,0
2008,381,1,124,"H3","901811",1,,15,2878,0
2008,381,2,124,"H3","901811",5,35,257,71158,2
2008,381,1,124,"H3","901812",5,52,716,939178,2
2008,381,2,124,"H3","901812",5,10,13627,225556,2
2008,381,2,124,"H3","901813",1,,9491,451059,0
2008,381,2,124,"H3","901814",1,,2315,332234,0
2008,381,1,124,"H3","901819",1,,487,336348,0
2008,381,2,124,"H3","901819",1,,3991,613442,0
2008,381,1,124,"H3","901820",8,12,12,19277,0
2008,381,2,124,"H3","901820",8,5,5,5579,0
2008,381,2,124,"H3","901831",1,,7467,279198,0
2008,381,2,124,"H3","901832",8,9498,9498,656343,0
2008,381,1,124,"H3","901839",1,,30411,2357947,0
2008,381,2,124,"H3","901839",5,2020021,87536,444660,2
2008,381,2,124,"H3","901841",8,685,685,42654,0
2008,381,1,124,"H3","901849",1,,756,442619,0
2008,381,2,124,"H3","901849",1,,22765,607072,0
2008,381,1,124,"H3","901850",8,7167,7167,2165495,0
2008,381,2,124,"H3","901850",8,7667,7667,823851,0
2008,381,1,124,"H3","901890",1,,14867,2215159,4
2008,381,2,124,"H3","901890",1,,815889,28945194,0
2008,381,1,124,"H3","9019",8,68572,68572,1728710,0
2008,381,2,124,"H3","9019",8,29094,29094,1890941,0
2008,381,1,124,"H3","901910",8,62459,62459,1019205,0
2008,381,2,124,"H3","901910",8,6616,6616,1215471,0
2008,381,1,124,"H3","901920",8,6113,6113,709505,0
2008,381,2,124,"H3","901920",8,22478,22478,675471,0
2008,381,1,124,"H3","9020",8,92,92,83191,0
2008,381,1,124,"H3","902000",8,92,92,83191,0
2008,381,1,124,"H3","9021",1,,13349,16382627,0
2008,381,2,124,"H3","9021",1,,11492,2569286,0
2008,381,1,124,"H3","902110",8,1241,1241,193623,0
2008,381,2,124,"H3","902110",8,11019,11019,929627,0
2008,381,1,124,"H3","902129",8,109,109,52891,0
2008,381,2,124,"H3","902129",8,3,3,9858,0
2008,381,1,124,"H3","902131",8,1,1,1602,0
2008,381,2,124,"H3","902131",8,75,75,10948,0
2008,381,1,124,"H3","902139",8,10869,10869,14685359,0
2008,381,2,124,"H3","902139",8,363,363,1551181,0
2008,381,2,124,"H3","902140",5,34,5,2863,0
2008,381,1,124,"H3","902150",5,1770,141,187453,0
2008,381,1,124,"H3","902190",8,988,988,1261699,0
2008,381,2,124,"H3","902190",8,27,27,64808,0
2008,381,1,124,"H3","9022",1,,104342,17304090,0
2008,381,2,124,"H3","9022",1,,30090,3159769,0
2008,381,1,124,"H3","902212",5,1,800,164844,0
2008,381,2,124,"H3","902212",5,1,600,41991,0
2008,381,1,124,"H3","902213",5,340,610,64229,0
2008,381,2,124,"H3","902213",5,219,2565,213762,0
2008,381,1,124,"H3","902214",5,698,72549,7695698,0
2008,381,2,124,"H3","902214",5,104,15050,989620,0
2008,381,1,124,"H3","902219",5,71,6394,2141738,0
2008,381,1,124,"H3","902229",5,1,12,3882,0
2008,381,2,124,"H3","902229",5,57,472,62368,0
2008,381,1,124,"H3","902290",8,23945,23945,7219805,0
2008,381,2,124,"H3","902290",8,11253,11253,1834609,0
2008,381,1,124,"H3","9023",8,823,823,74158,0
2008,381,2,124,"H3","9023",8,3078,3078,249843,0
2008,381,1,124,"H3","902300",8,823,823,74158,0
2008,381,2,124,"H3","902300",8,3078,3078,249843,0
2008,381,1,124,"H3","902410",1,,21,3058,0
2008,381,2,124,"H3","902410",1,,2027,71712,0
2008,381,1,124,"H3","902480",1,,24,13436,0
2008,381,2,124,"H3","902480",1,,9699,385195,0
2008,381,1,124,"H3","902490",8,67,67,66677,0
2008,381,2,124,"H3","902490",8,2840,2840,54202,0
2008,381,1,124,"H3","9025",1,,1062,274316,0
2008,381,2,124,"H3","9025",1,,700,126835,0
2008,381,2,124,"H3","902511",5,2440,170,17134,0
2008,381,1,124,"H3","902519",5,12586,568,161008,0
2008,381,2,124,"H3","902519",5,5574,350,25707,0
2008,381,1,124,"H3","902580",1,,34,97985,0
2008,381,2,124,"H3","902580",1,,180,83994,0
2008,381,1,124,"H3","902590",8,460,460,15323,0
2008,381,1,124,"H3","9026",1,,4836,521333,0
2008,381,2,124,"H3","9026",1,,35610,2615152,0
2008,381,1,124,"H3","902620",5,2048,212,144119,0
2008,381,2,124,"H3","902620",5,51597,22375,1435648,0
2008,381,1,124,"H3","902680",1,,2951,171923,0
2008,381,2,124,"H3","902680",5,280,1911,206607,2
2008,381,1,124,"H3","902690",8,1462,1462,139261,0
2008,381,2,124,"H3","902690",8,8390,8390,748493,0
2008,381,1,124,"H3","9027",1,,11573,7071753,0
2008,381,2,124,"H3","9027",1,,6845,1612430,0
2008,381,1,124,"H3","902720",1,,134,35122,0
2008,381,1,124,"H3","902730",1,,2376,1301306,0
2008,381,2,124,"H3","902730",1,,34,13160,0
2008,381,1,124,"H3","902750",1,,1515,972362,0
2008,381,2,124,"H3","902750",5,10,52,43117,2
2008,381,1,124,"H3","902780",1,,2985,1073463,0
2008,381,2,124,"H3","902780",1,,5030,1398980,0
2008,381,1,124,"H3","902790",8,2142,2142,2479939,0
2008,381,2,124,"H3","902790",8,1722,1722,150312,0
2008,381,1,124,"H3","9028",1,,25,69379,0
2008,381,2,124,"H3","9028",1,,341,17542,0
2008,381,2,124,"H3","902820",5,169,255,7611,0
2008,381,1,124,"H3","902830",5,14,22,67677,0
2008,381,2,124,"H3","902830",5,9,65,1985,0
2008,381,1,124,"H3","902890",8,3,3,1702,0
2008,381,2,124,"H3","902890",8,5,5,2130,0
2008,381,1,124,"H3","9029",1,,512,45641,0
2008,381,2,124,"H3","9029",1,,5967,324059,0
2008,381,2,124,"H3","902910",1,,5900,140948,0
2008,381,1,124,"H3","902920",1,,162,10384,0
2008,381,1,124,"H3","902990",8,350,350,35257,0
2008,381,2,124,"H3","902990",8,67,67,183112,0
2008,381,1,124,"H3","9030",1,,9526,4876049,0
2008,381,2,124,"H3","9030",1,,4057,1459733,0
2008,381,1,124,"H3","903020",1,,28,2113,0
2008,381,1,124,"H3","903033",1,,867,505708,0
2008,381,2,124,"H3","903033",1,,195,59089,0
2008,381,1,124,"H3","903039",1,,459,129748,0
2008,381,2,124,"H3","903039",1,,413,101199,0
2008,381,1,124,"H3","903040",1,,1754,406600,0
2008,381,2,124,"H3","903040",1,,83,32230,0
2008,381,1,124,"H3","903084",1,,323,283780,0
2008,381,2,124,"H3","903084",1,,1500,118875,0
2008,381,1,124,"H3","903089",1,,1848,437964,0
2008,381,2,124,"H3","903089",1,,1708,628540,0
2008,381,1,124,"H3","903090",8,4074,4074,3020947,0
2008,381,2,124,"H3","903090",8,119,119,357760,0
2008,381,1,124,"H3","903110",1,,24,15922,0
2008,381,2,124,"H3","903110",1,,11591,244368,0
2008,381,1,124,"H3","903120",1,,376,59400,0
2008,381,2,124,"H3","903120",5,14,2880,263976,2
2008,381,1,124,"H3","903149",1,,1457,2272230,0
2008,381,2,124,"H3","903149",1,,2489,434759,0
2008,381,1,124,"H3","903180",1,,6572,5105462,0
2008,381,2,124,"H3","903180",1,,19716,3197508,0
2008,381,1,124,"H3","903190",8,4333,4333,2067320,0
2008,381,2,124,"H3","903190",8,8960,8960,308020,0
2008,381,1,124,"H3","9032",1,,33991,2427967,0
2008,381,2,124,"H3","9032",1,,20693,1539942,0
2008,381,1,124,"H3","903210",5,56415,4022,178902,0
2008,381,2,124,"H3","903210",5,32337,4744,408281,0
2008,381,1,124,"H3","903220",5,25,3,12397,0
2008,381,2,124,"H3","903220",5,2576,341,47725,0
2008,381,1,124,"H3","903281",1,,1608,59701,0
2008,381,2,124,"H3","903281",5,2,700,1848,2
2008,381,1,124,"H3","903289",1,,7638,1792352,0
2008,381,2,124,"H3","903289",1,,11974,627628,0
2008,381,1,124,"H3","903290",8,20720,20720,384615,0
2008,381,2,124,"H3","903290",8,2934,2934,454459,0
2008,381,1,124,"H3","9033",8,192,192,100283,0
2008,381,1,124,"H3","903300",8,192,192,100283,0
2008,381,1,124,"H3","91",1,,,25757,0
2008,381,2,124,"H3","91",1,,,2502280,0
2008,381,2,124,"H3","9101",5,501,35,1256617,0
2008,381,2,124,"H3","910111",5,354,11,232705,0
2008,381,1,124,"H3","9102",5,153,35,19950,4
2008,381,2,124,"H3","9102",5,3169,828,866248,0
2008,381,1,124,"H3","910211",5,2,17,6579,4
2008,381,2,124,"H3","910211",5,874,83,93313,0
2008,381,2,124,"H3","910219",5,175,71,127252,0
2008,381,2,124,"H3","910221",5,32,1,206321,0
2008,381,1,124,"H3","910229",5,18,2,4546,0
2008,381,2,124,"H3","910229",5,122,46,61300,0
2008,381,1,124,"H3","910299",5,133,16,8824,0
2008,381,2,124,"H3","910299",5,1943,612,330399,0
2008,381,2,124,"H3","9105",5,325,558,39020,0
2008,381,2,124,"H3","910521",5,4,110,8369,0
2008,381,2,124,"H3","910529",5,52,105,10640,0
2008,381,2,124,"H3","910591",5,85,11,10354,0
2008,381,2,124,"H3","910599",5,184,332,9658,0
2008,381,1,124,"H3","9106",5,68,34,5807,0
2008,381,2,124,"H3","9106",5,2373,1054,243998,0
2008,381,2,124,"H3","910610",5,5,5,6704,0
2008,381,1,124,"H3","910690",5,68,34,5807,0
2008,381,2,124,"H3","910690",5,2368,1049,237294,0
2008,381,2,124,"H3","9108",5,11,4,7740,0
2008,381,2,124,"H3","910812",5,11,4,7740,0
2008,381,2,124,"H3","9112",1,,90,26991,0
2008,381,2,124,"H3","911290",8,15,15,25303,0
2008,381,2,124,"H3","9113",8,45,45,35765,0
2008,381,2,124,"H3","9114",8,202,202,4303,0
2008,381,1,124,"H3","9201",1,,790,134182,0
2008,381,2,124,"H3","9201",1,,7545,836010,0
2008,381,1,124,"H3","920190",1,,40,4293,0
2008,381,2,124,"H3","920190",5,226,2840,318086,2
2008,381,1,124,"H3","9202",5,724,3091,277108,0
2008,381,2,124,"H3","9202",5,160,1364,137032,0
2008,381,1,124,"H3","920210",5,1,3,1796,0
2008,381,2,124,"H3","920210",5,81,133,76260,0
2008,381,1,124,"H3","920290",5,723,3088,275312,0
2008,381,2,124,"H3","920290",5,79,1231,60772,0
2008,381,1,124,"H3","9205",1,,6,5745,0
2008,381,2,124,"H3","9205",1,,967,130118,0
2008,381,1,124,"H3","920590",1,,6,5745,0
2008,381,2,124,"H3","920590",5,128,890,119951,2
2008,381,1,124,"H3","9206",1,,23946,936328,0
2008,381,2,124,"H3","9206",1,,232,14758,0
2008,381,1,124,"H3","920600",5,16770,23946,936328,2
2008,381,2,124,"H3","920600",1,,232,14758,0
2008,381,1,124,"H3","9207",5,205,372,63259,2
2008,381,2,124,"H3","9207",5,1506,8493,461219,2
2008,381,1,124,"H3","920710",5,32,173,13411,2
2008,381,2,124,"H3","920710",5,815,6038,255722,2
2008,381,1,124,"H3","920790",5,173,199,49847,2
2008,381,2,124,"H3","920790",5,692,2455,205497,2
2008,381,1,124,"H3","9208",1,,1680,94804,0
2008,381,2,124,"H3","9208",1,,33,2768,0
2008,381,2,124,"H3","920810",1,,33,2768,0
2008,381,1,124,"H3","9209",8,3934,3934,350317,0
2008,381,2,124,"H3","9209",8,10466,10466,464158,0
2008,381,1,124,"H3","920991",8,17,17,2197,0
2008,381,2,124,"H3","920991",8,2757,2757,38780,0
2008,381,1,124,"H3","920992",8,705,705,81502,0
2008,381,2,124,"H3","920992",8,277,277,110986,0
2008,381,1,124,"H3","920994",8,2853,2853,242221,0
2008,381,2,124,"H3","920994",8,1714,1714,97825,0
2008,381,1,124,"H3","920999",8,359,359,24397,0
2008,381,2,124,"H3","920999",8,5718,5718,216567,0
2008,381,1,124,"H3","93",1,,,192462,0
2008,381,2,124,"H3","93",1,,,6707916,0
2008,381,1,124,"H3","9302",5,88,183,61846,0
2008,381,2,124,"H3","9302",5,1525,1588,663533,0
2008,381,1,124,"H3","930200",5,88,183,61846,0
2008,381,2,124,"H3","930200",5,1525,1588,663533,0
2008,381,1,124,"H3","9303",5,794,2455,119687,0
2008,381,2,124,"H3","9303",5,8078,26775,5259429,0
2008,381,2,124,"H3","930310",5,237,431,70041,0
2008,381,1,124,"H3","930320",5,9,36,11169,0
2008,381,2,124,"H3","930320",5,6665,22886,4546164,0
2008,381,1,124,"H3","930330",5,785,2419,108518,0
2008,381,2,124,"H3","930330",5,943,3318,626490,0
2008,381,2,124,"H3","930390",5,233,140,16735,0
2008,381,2,124,"H3","9304",1,,4,4011,0
2008,381,2,124,"H3","930400",5,175,4,4011,2
2008,381,1,124,"H3","9305",8,15,15,9218,0
2008,381,2,124,"H3","9305",8,11082,11082,725836,0
2008,381,1,124,"H3","930510",8,12,12,5622,0
2008,381,2,124,"H3","930510",8,75,75,19300,0
2008,381,2,124,"H3","930521",8,109,109,60168,0
2008,381,1,124,"H3","930529",8,3,3,3596,0
2008,381,1,124,"H3","920890",1,,1680,94804,0
2008,381,2,124,"H3","910291",5,23,15,47662,0
2008,381,2,124,"H3","910199",5,93,22,4281,0
2008,381,2,124,"H3","903141",1,,66,35992,0
2008,381,1,124,"H3","903141",1,,55,78934,0
2008,381,2,124,"H3","902710",5,85,7,6862,0
2008,381,1,124,"H3","902710",5,7664,2421,1209562,0
2008,381,2,124,"H3","902610",5,6072,2934,224403,0
2008,381,1,124,"H3","902610",5,460,211,66029,0
2008,381,2,124,"H3","902230",5,40,150,17420,0
2008,381,1,124,"H3","902230",5,3,32,13893,0
2008,381,2,124,"H3","920510",5,6,77,10167,0
2008,381,2,124,"H3","920120",5,6,2845,330875,0
2008,381,1,124,"H3","920120",5,3,750,129889,0
2008,381,2,124,"H3","920110",5,5,1860,187049,0
2008,381,2,124,"H3","911310",8,5,5,1512,0
2008,381,2,124,"H3","911190",8,50,50,2643,0
2008,381,2,124,"H3","910990",5,95,10,18953,0
2008,381,2,124,"H3","9109",5,95,10,18953,0
2008,381,2,124,"H3","903300",8,8754,8754,997397,0
2008,381,2,124,"H3","9033",8,8754,8754,997397,0
2008,381,2,124,"H3","903082",1,,28,29901,0
2008,381,1,124,"H3","903082",1,,26,38618,0
2008,381,2,124,"H3","903031",1,,11,132138,0
2008,381,1,124,"H3","903031",1,,23,16966,0
2008,381,2,124,"H3","92",1,,,2046063,0
2008,381,1,124,"H3","92",1,,,1861742,0
2008,381,2,124,"H3","911390",8,40,40,34253,0
2008,381,2,124,"H3","911220",5,1000,75,1688,0
2008,381,2,124,"H3","9111",1,,50,2643,0
2008,381,2,124,"H3","910121",5,54,2,1019631,0
2008,381,2,124,"H3","9031",1,,45702,4484623,0
2008,381,1,124,"H3","9031",1,,12817,9599269,0
2008,381,1,124,"H3","903010",1,,123,28379,0
2008,381,2,124,"H3","902810",5,5,16,5816,0
2008,381,2,124,"H3","9024",1,,14566,511108,0
2008,381,1,124,"H3","9024",1,,112,83172,0
2008,381,2,124,"H3","911410",8,202,202,4303,0
2008,381,1,124,"H3","903032",1,,1,5227,0
2008,381,2,124,"H3","930529",8,10879,10879,644401,0
2008,381,2,124,"H3","930599",8,19,19,1967,0
2008,381,2,124,"H3","9306",8,6929,6929,55106,0
2008,381,2,124,"H3","930629",8,6929,6929,55106,0
2008,381,1,124,"H3","9307",8,65,65,1711,6
2008,381,1,124,"H3","930700",8,65,65,1711,6
2008,381,1,124,"H3","94",1,,,2427818,0
2008,381,2,124,"H3","94",1,,,120628018,0
2008,381,1,124,"H3","9401",1,,138114,709284,0
2008,381,2,124,"H3","9401",1,,3829887,43283094,0
2008,381,2,124,"H3","940110",5,420,3592,64902,2
2008,381,1,124,"H3","940120",5,16,75,2176,2
2008,381,2,124,"H3","940120",5,8633,97214,1002785,2
2008,381,1,124,"H3","940130",1,,280,9178,0
2008,381,2,124,"H3","940130",1,,152421,1003932,0
2008,381,2,124,"H3","940140",1,,11991,103036,0
2008,381,2,124,"H3","940151",1,,150,3858,0
2008,381,1,124,"H3","940159",5,123,250,8344,2
2008,381,2,124,"H3","940159",1,,361,13041,0
2008,381,1,124,"H3","940161",5,56,1600,8832,2
2008,381,2,124,"H3","940161",5,134702,1596804,21458064,2
2008,381,1,124,"H3","940169",5,56,300,2863,2
2008,381,2,124,"H3","940169",5,127095,382380,4100573,2
2008,381,2,124,"H3","940171",1,,175967,3852781,0
2008,381,2,124,"H3","940179",1,,132359,1373518,0
2008,381,1,124,"H3","940180",1,,202,10260,0
2008,381,2,124,"H3","940180",1,,215434,2587019,0
2008,381,1,124,"H3","940190",8,135407,135407,667629,0
2008,381,2,124,"H3","940190",8,1061214,1061214,7719586,0
2008,381,1,124,"H3","9402",8,2254,2254,49535,0
2008,381,2,124,"H3","9402",8,50731,50731,655080,0
2008,381,1,124,"H3","940210",8,398,398,5248,0
2008,381,2,124,"H3","940210",8,38925,38925,429375,0
2008,381,1,124,"H3","940290",8,1856,1856,44287,0
2008,381,2,124,"H3","940290",8,11806,11806,225706,0
2008,381,1,124,"H3","9403",1,,78188,763661,0
2008,381,2,124,"H3","9403",1,,10580765,60197545,0
2008,381,1,124,"H3","940310",8,1500,1500,2937,0
2008,381,2,124,"H3","940310",8,705397,705397,6098934,0
2008,381,1,124,"H3","940320",8,19576,19576,174306,0
2008,381,2,124,"H3","940320",8,98742,98742,1192796,0
2008,381,1,124,"H3","940330",1,,150,8582,0
2008,381,2,124,"H3","940330",5,40921,133302,1675895,2
2008,381,2,124,"H3","940340",5,221000,1051300,10167592,2
2008,381,1,124,"H3","940350",5,178,14212,25760,2
2008,381,2,124,"H3","940350",5,103534,2927726,7370848,2
2008,381,1,124,"H3","940360",5,972,29652,124497,2
2008,381,2,124,"H3","940360",5,318149,1411765,19542184,2
2008,381,1,124,"H3","940370",8,7116,7116,224515,0
2008,381,2,124,"H3","940370",8,195147,195147,777079,0
2008,381,2,124,"H3","940381",8,23596,23596,334966,0
2008,381,1,124,"H3","940389",8,3932,3932,175153,0
2008,381,2,124,"H3","940389",8,716100,716100,4154632,0
2008,381,1,124,"H3","940390",8,2050,2050,27911,0
2008,381,2,124,"H3","940390",8,3317690,3317690,8882620,0
2008,381,1,124,"H3","9404",1,,10902,184989,0
2008,381,2,124,"H3","9404",1,,75600,651560,0
2008,381,2,124,"H3","940410",8,27380,27380,158293,0
2008,381,2,124,"H3","940421",5,1129,3203,53876,2
2008,381,1,124,"H3","940429",5,65,175,6091,2
2008,381,2,124,"H3","940429",1,,8434,84119,0
2008,381,1,124,"H3","940490",8,10727,10727,178899,0
2008,381,2,124,"H3","940490",8,36583,36583,355272,0
2008,381,1,124,"H3","940510",8,110,110,8267,0
2008,381,2,124,"H3","940510",8,220558,220558,7765487,0
2008,381,1,124,"H3","940520",8,970,970,39496,0
2008,381,2,124,"H3","940520",8,57121,57121,1748442,0
2008,381,1,124,"H3","940540",8,222,222,32308,0
2008,381,2,124,"H3","940540",8,69249,69249,3419116,0
2008,381,1,124,"H3","940550",8,518,518,84890,0
2008,381,2,124,"H3","940550",8,247,247,17980,0
2008,381,1,124,"H3","940560",8,104,104,7666,0
2008,381,2,124,"H3","940560",8,367,367,10351,0
2008,381,2,124,"H3","940591",8,21647,21647,487795,0
2008,381,2,124,"H3","940592",8,5965,5965,106023,0
2008,381,1,124,"H3","940599",8,1854,1854,31891,0
2008,381,2,124,"H3","940599",8,85049,85049,2139554,0
2008,381,1,124,"H3","9406",1,,159309,515832,0
2008,381,2,124,"H3","9406",1,,5716,145992,0
2008,381,1,124,"H3","940600",1,,159309,515832,0
2008,381,2,124,"H3","940600",1,,5716,145992,0
2008,381,1,124,"H3","95",1,,,4473665,0
2008,381,2,124,"H3","95",1,,,13085864,0
2008,381,1,124,"H3","9503",8,77764,77764,853628,0
2008,381,2,124,"H3","9503",8,328785,328785,3718521,0
2008,381,1,124,"H3","950300",8,77764,77764,853628,0
2008,381,2,124,"H3","950300",8,328785,328785,3718521,0
2008,381,1,124,"H3","9504",1,,25209,1426793,0
2008,381,2,124,"H3","9504",1,,70326,638576,0
2008,381,1,124,"H3","950420",8,185,185,3188,0
2008,381,2,124,"H3","950420",8,16472,16472,114806,0
2008,381,1,124,"H3","950430",5,2795,10379,969431,2
2008,381,2,124,"H3","950430",5,700,38449,277875,2
2008,381,2,124,"H3","950440",10,41090,3535,66587,2
2008,381,1,124,"H3","950490",1,,14306,360238,0
2008,381,2,124,"H3","950490",1,,10997,168823,0
2008,381,1,124,"H3","9505",8,1065,1065,36995,0
2008,381,2,124,"H3","9505",8,6032,6032,200072,0
2008,381,1,124,"H3","950510",8,380,380,4110,0
2008,381,2,124,"H3","950510",8,2606,2606,55585,0
2008,381,1,124,"H3","950590",8,685,685,32885,0
2008,381,2,124,"H3","950590",8,3426,3426,144487,0
2008,381,1,124,"H3","9506",1,,60229,950939,0
2008,381,2,124,"H3","9506",1,,323079,7328835,0
2008,381,1,124,"H3","950611",6,97,127,11111,0
2008,381,2,124,"H3","950611",6,6527,24399,993667,2
2008,381,1,124,"H3","950612",8,104,104,8247,0
2008,381,2,124,"H3","950612",8,10016,10016,221725,0
2008,381,2,124,"H3","950619",8,43000,43000,1131370,0
2008,381,1,124,"H3","950629",1,,780,10670,0
2008,381,2,124,"H3","950629",1,,12550,215974,0
2008,381,2,124,"H3","950662",5,10873,956,21694,2
2008,381,1,124,"H3","950670",6,1724,1458,71992,2
2008,381,2,124,"H3","950670",6,1731,5140,94454,2
2008,381,1,124,"H3","950691",8,11931,11931,199643,0
2008,381,2,124,"H3","950691",8,35034,35034,571001,0
2008,381,1,124,"H3","950699",1,,45483,641705,0
2008,381,2,124,"H3","950699",5,640329,186594,4010277,2
2008,381,1,124,"H3","9507",1,,665,30567,0
2008,381,2,124,"H3","9507",1,,1022,8008,0
2008,381,2,124,"H3","950720",8,200,200,3095,0
2008,381,1,124,"H3","950790",1,,665,30567,0
2008,381,2,124,"H3","950790",1,,822,4913,0
2008,381,1,124,"H3","9508",8,59756,59756,1174743,0
2008,381,2,124,"H3","9508",8,88441,88441,1191852,0
2008,381,1,124,"H3","950890",8,59756,59756,1174743,0
2008,381,2,124,"H3","950890",8,88441,88441,1191852,0
2008,381,1,124,"H3","96",1,,,362309,0
2008,381,2,124,"H3","96",1,,,9306451,0
2008,381,1,124,"H3","9601",8,15,15,3340,0
2008,381,2,124,"H3","9601",8,3,3,1498,0
2008,381,2,124,"H3","960190",8,3,3,1498,0
2008,381,1,124,"H3","9602",8,56,56,3481,0
2008,381,2,124,"H3","9602",8,35,35,4732,0
2008,381,1,124,"H3","960200",8,56,56,3481,0
2008,381,2,124,"H3","960200",8,35,35,4732,0
2008,381,2,124,"H3","960310",5,178172,32520,147668,0
2008,381,1,124,"H3","960321",5,8077,1617,106625,0
2008,381,2,124,"H3","960321",5,104444,2939,95727,0
2008,381,1,124,"H3","960329",5,5515,22,4138,2
2008,381,2,124,"H3","960329",5,36739,7739,136078,2
2008,381,1,124,"H3","960330",5,1974,199,37527,0
2008,381,2,124,"H3","960330",5,3112,155,7125,0
2008,381,2,124,"H3","960340",5,14686,5734,89967,0
2008,381,2,124,"H3","960350",1,,3900,78919,0
2008,381,1,124,"H3","960390",1,,152,29124,0
2008,381,2,124,"H3","960390",1,,792389,3895573,0
2008,381,1,124,"H3","9606",8,92,92,30638,0
2008,381,2,124,"H3","9606",8,18788,18788,1338270,0
2008,381,2,124,"H3","960610",8,40,40,14101,0
2008,381,1,124,"H3","960621",8,74,74,23735,0
2008,381,2,124,"H3","960621",8,12653,12653,737732,0
2008,381,1,124,"H3","960622",8,13,13,3702,0
2008,381,2,124,"H3","960622",8,2418,2418,119760,0
2008,381,1,124,"H3","960629",8,5,5,3201,0
2008,381,2,124,"H3","960629",8,2979,2979,457921,0
2008,381,1,124,"H3","9607",8,240,240,36838,0
2008,381,2,124,"H3","9607",8,161,161,22111,0
2008,381,1,124,"H3","960719",8,240,240,36838,0
2008,381,2,124,"H3","960719",8,72,72,14839,0
2008,381,1,124,"H3","960810",5,125,27,17871,0
2008,381,2,124,"H3","960810",5,1114269,12643,344902,0
2008,381,1,124,"H3","960820",5,1000,20,2496,0
2008,381,2,124,"H3","960820",5,1262102,125988,1096246,0
2008,381,2,124,"H3","960839",5,1456,297,50114,0
2008,381,2,124,"H3","960850",5,42677,184,28197,2
2008,381,2,124,"H3","960899",8,59,59,32566,0
2008,381,1,124,"H3","9609",8,7732,7732,77146,0
2008,381,2,124,"H3","9609",8,1654,1654,19988,0
2008,381,2,124,"H3","960910",8,118,118,6636,0
2008,381,1,124,"H3","960990",8,7732,7732,77146,0
2008,381,2,124,"H3","960990",8,1536,1536,13352,0
2008,381,2,124,"H3","9611",8,1,1,3710,0
2008,381,2,124,"H3","961100",8,1,1,3710,0
2008,381,1,124,"H3","9612",1,,142,13085,0
2008,381,2,124,"H3","9612",1,,2249,82902,0
2008,381,1,124,"H3","961210",1,,100,10685,0
2008,381,2,124,"H3","961210",1,,1186,63829,0
2008,381,2,124,"H3","9613",1,,7,1559,0
2008,381,2,124,"H3","961380",5,314,7,1559,2
2008,381,2,124,"H3","9614",8,2385,2385,74136,0
2008,381,2,124,"H3","961400",8,2385,2385,74136,0
2008,381,2,124,"H3","9615",8,2820,2820,46031,0
2008,381,2,124,"H3","961519",8,6,6,6685,0
2008,381,2,124,"H3","961590",8,2692,2692,34592,0
2008,381,2,124,"H3","9616",8,9415,9415,251693,0
2008,381,2,124,"H3","961610",8,9415,9415,251693,0
2008,381,2,124,"H3","9617",8,101,101,1702,0
2008,381,2,124,"H3","961700",8,101,101,1702,0
2008,381,2,124,"H3","9618",8,42317,42317,1398002,0
2008,381,2,124,"H3","961800",8,42317,42317,1398002,0
2008,381,1,124,"H3","97",1,,,522024,0
2008,381,2,124,"H3","97",1,,,2059710,0
2008,381,1,124,"H3","9701",1,,450,377899,0
2008,381,2,124,"H3","9701",1,,1761,1391919,0
2008,381,1,124,"H3","970110",1,,408,368879,0
2008,381,2,124,"H3","970110",1,,1578,1319471,0
2008,381,1,124,"H3","970190",8,42,42,9020,0
2008,381,2,124,"H3","970190",8,183,183,72449,0
2008,381,1,124,"H3","9702",1,,4,7751,0
2008,381,1,124,"H3","970200",1,,4,7751,0
2008,381,1,124,"H3","9703",1,,877,39256,0
2008,381,2,124,"H3","9703",1,,3961,617581,0
2008,381,1,124,"H3","970300",1,,877,39256,0
2008,381,2,124,"H3","970300",1,,3961,617581,0
2008,381,1,124,"H3","9705",8,1096,1096,81777,0
2008,381,1,124,"H3","970500",8,1096,1096,81777,0
2008,381,1,124,"H3","9706",8,17,17,15341,0
2008,381,2,124,"H3","9706",8,271,271,50210,0
2008,381,1,124,"H3","970600",8,17,17,15341,0
2008,381,2,124,"H3","970600",8,271,271,50210,0
2008,381,1,124,"H3","99",1,,,1222356,0
2008,381,1,124,"H3","9999",1,,,1222356,0
2008,381,1,124,"H3","999999",1,,,1222356,0
2008,381,1,124,"H3","TOTAL",1,,,2575434885,0
2008,381,2,124,"H3","961220",1,,1063,19073,0
2008,381,1,124,"H3","961220",1,,42,2401,0
2008,381,2,124,"H3","960630",8,698,698,8756,0
2008,381,2,124,"H3","961511",8,122,122,4754,0
2008,381,2,124,"H3","961000",8,219,219,9866,0
2008,381,2,124,"H3","960860",5,182410,3645,22831,0
2008,381,2,124,"H3","9608",1,,142816,1574856,0
2008,381,1,124,"H3","9608",1,,47,20367,0
2008,381,2,124,"H3","960720",8,89,89,7272,0
2008,381,2,124,"H3","960400",1,,7912,24338,0
2008,381,2,124,"H3","9604",1,,7912,24338,0
2008,381,2,124,"H3","9603",1,,845376,4451057,0
2008,381,1,124,"H3","9603",1,,1990,177413,0
2008,381,1,124,"H3","960110",8,15,15,3340,0
2008,381,2,124,"H3","950669",5,23642,1190,48505,2
2008,381,1,124,"H3","950669",5,4444,308,5647,2
2008,381,2,124,"H3","950640",8,4200,4200,20167,0
2008,381,2,124,"H3","9405",8,460203,460203,15694747,0
2008,381,1,124,"H3","9405",8,3778,3778,204518,0
2008,381,2,124,"H3","9610",8,219,219,9866,0
2008,381,1,124,"H3","950639",8,38,38,1923,0
2008,381,2,124,"H3","950410",8,873,873,10484,0
2008,381,1,124,"H3","950410",8,339,339,93936,0
2008,381,2,124,"H3","TOTAL",1,,,3808892385,0
2008,381,1,752,"H3","01",1,,,294,0
2008,381,2,752,"H3","01",1,,,396415,0
2008,381,1,757,"H3","01",1,,,5449148,0
2008,381,2,757,"H3","01",1,,,1200693,0
2008,381,2,752,"H3","0101",5,10,,396415,0
2008,381,1,757,"H3","0101",5,42,18150,253810,0
2008,381,2,757,"H3","0101",5,119,45370,556178,0
2008,381,2,752,"H3","010110",5,10,,396415,0
2008,381,1,757,"H3","010110",5,6,2150,9334,0
2008,381,2,757,"H3","010110",5,7,2730,128616,0
2008,381,1,757,"H3","010190",5,36,16000,244476,0
2008,381,2,757,"H3","010190",5,112,42640,427562,0
2008,381,1,757,"H3","0102",5,2251,1191990,5058905,0
2008,381,2,757,"H3","0102",5,45,5591,27030,0
2008,381,1,752,"H3","0106",1,,7,294,0
2008,381,1,757,"H3","0106",1,,2236,73443,4
2008,381,2,757,"H3","0106",1,,24601,551662,0
2008,381,1,757,"H3","010619",1,,2212,63483,0
2008,381,2,757,"H3","010619",1,,20471,487796,0
2008,381,1,752,"H3","010690",1,,7,294,0
2008,381,1,757,"H3","010690",1,,1,1605,0
2008,381,2,757,"H3","010690",1,,4130,63865,0
2008,381,1,752,"H3","0201",8,3799,3799,40321,0
2008,381,2,752,"H3","0201",8,8393,8393,84865,0
2008,381,2,757,"H3","0201",8,295084,295084,3541765,0
2008,381,1,752,"H3","020120",8,870,870,3464,0
2008,381,2,752,"H3","020120",8,2623,2623,6253,0
2008,381,2,757,"H3","020120",8,57739,57739,957592,0
2008,381,1,752,"H3","020130",8,2929,2929,36857,0
2008,381,2,752,"H3","020130",8,5770,5770,78612,0
2008,381,2,757,"H3","020130",8,236038,236038,2540523,0
2008,381,1,752,"H3","0202",8,15632,15632,117056,0
2008,381,2,752,"H3","0202",8,220858,220858,971787,0
2008,381,2,757,"H3","0202",8,143635,143635,818144,0
2008,381,1,752,"H3","0203",8,83013,83013,188600,0
2008,381,2,752,"H3","0203",8,580560,580560,3151098,0
2008,381,1,757,"H3","0203",8,29048,29048,225421,0
2008,381,2,757,"H3","0203",8,212158,212158,1420662,0
2008,381,1,752,"H3","020312",8,61613,61613,121305,0
2008,381,2,752,"H3","020312",8,4761,4761,19248,0
2008,381,1,757,"H3","020312",8,12238,12238,85098,0
2008,381,2,757,"H3","020312",8,14052,14052,78531,0
2008,381,2,752,"H3","020319",8,2416,2416,40694,0
2008,381,1,757,"H3","020319",8,16810,16810,140322,0
2008,381,2,757,"H3","020319",8,119805,119805,580670,0
2008,381,2,757,"H3","020321",8,433,433,2078,0
2008,381,2,752,"H3","020322",8,529998,529998,2773309,0
2008,381,2,757,"H3","020322",8,15796,15796,59148,0
2008,381,1,752,"H3","020329",8,21400,21400,67295,0
2008,381,2,752,"H3","020329",8,43385,43385,317847,0
2008,381,2,757,"H3","020329",8,61843,61843,698898,0
2008,381,1,752,"H3","020422",8,1896,1896,53948,0
2008,381,2,757,"H3","020422",8,71,71,1699,0
2008,381,2,757,"H3","020423",8,1167,1167,13717,0
2008,381,1,752,"H3","0205",8,16312,16312,32678,0
2008,381,2,757,"H3","0205",8,60,60,1395,0
2008,381,1,752,"H3","020500",8,16312,16312,32678,0
2008,381,2,757,"H3","020500",8,60,60,1395,0
2008,381,1,752,"H3","0206",8,81102,81102,404095,0
2008,381,1,757,"H3","0206",8,7829,7829,3544,0
2008,381,2,757,"H3","0206",8,3512,3512,37756,0
2008,381,2,757,"H3","020690",8,2315,2315,23540,0
2008,381,1,752,"H3","0207",8,20411,20411,15021,0
2008,381,2,752,"H3","0207",8,10,10,87,0
2008,381,2,757,"H3","0207",8,148371,148371,996244,0
2008,381,2,752,"H3","0208",8,14840,14840,179849,0
2008,381,2,757,"H3","0208",8,636072,636072,10092219,0
2008,381,2,752,"H3","020810",8,2186,2186,33634,0
2008,381,2,757,"H3","020810",8,34612,34612,406212,0
2008,381,2,752,"H3","020890",8,12654,12654,146216,0
2008,381,2,757,"H3","020890",8,601460,601460,9686006,0
2008,381,2,752,"H3","0209",8,15493,15493,20004,0
2008,381,2,757,"H3","0209",8,33597,33597,212774,0
2008,381,2,752,"H3","020900",8,15493,15493,20004,0
2008,381,2,757,"H3","020900",8,33597,33597,212774,0
2008,381,2,752,"H3","021011",8,10902,10902,174405,0
2008,381,2,757,"H3","021011",8,92889,92889,1386669,0
2008,381,2,752,"H3","021012",8,17133,17133,170986,0
2008,381,2,757,"H3","021012",8,17162,17162,197984,0
2008,381,2,752,"H3","021019",8,602906,602906,10628890,0
2008,381,2,757,"H3","021019",8,1026580,1026580,19477985,0
2008,381,2,752,"H3","021099",8,7874,7874,24437,0
2008,381,2,757,"H3","021099",8,8014,8014,195883,0
2008,381,1,752,"H3","0301",8,442545,442545,2499590,0
2008,381,2,757,"H3","0301",8,6619,6619,51762,0
2008,381,1,752,"H3","0302",8,7511859,7511859,41828723,0
2008,381,2,757,"H3","0302",8,1161795,1161795,10481620,0
2008,381,1,752,"H3","030211",8,6520,6520,105572,0
2008,381,2,757,"H3","030211",8,270590,270590,2308173,0
2008,381,1,752,"H3","030235",8,297,297,4006,0
2008,381,2,757,"H3","030235",8,110,110,3079,0
2008,381,1,752,"H3","030250",8,44705,44705,414238,0
2008,381,2,757,"H3","030250",8,4100,4100,52970,0
2008,381,1,752,"H3","030264",8,49857,49857,191982,0
2008,381,1,752,"H3","030269",8,371119,371119,2068489,0
2008,381,2,757,"H3","030269",8,886473,886473,8103708,0
2008,381,2,757,"H3","030311",8,2464,2464,13622,0
2008,381,2,757,"H3","030378",8,1188,1188,6460,0
2008,381,2,757,"H3","030379",8,553582,553582,4784773,0
2008,381,1,752,"H3","030419",8,738083,738083,6478696,0
2008,381,2,752,"H3","030419",8,18,18,170,0
2008,381,2,757,"H3","030419",8,91051,91051,899711,0
2008,381,1,752,"H3","030429",8,11872,11872,140472,0
2008,381,2,757,"H3","030429",8,4847,4847,38370,0
2008,381,1,752,"H3","0305",8,4158186,4158186,74957710,0
2008,381,2,752,"H3","0305",8,380,380,5500,0
2008,381,2,757,"H3","0305",8,23281,23281,289295,0
2008,381,1,752,"H3","030510",8,5441,5441,164794,0
2008,381,1,752,"H3","030520",8,365,365,3305,0
2008,381,2,752,"H3","030520",8,7,7,1333,0
2008,381,2,757,"H3","030520",8,153,153,3242,0
2008,381,1,752,"H3","030530",8,758118,758118,7996894,0
2008,381,2,752,"H3","030530",8,368,368,4021,0
2008,381,2,757,"H3","030530",8,1994,1994,24788,0
2008,381,1,752,"H3","030542",8,18700,18700,46364,0
2008,381,1,752,"H3","030551",8,1921816,1921816,49136920,0
2008,381,2,757,"H3","030551",8,18950,18950,216707,0
2008,381,1,752,"H3","030559",8,114437,114437,1012806,0
2008,381,1,752,"H3","030569",8,1485,1485,10883,0
2008,381,2,757,"H3","030569",8,45,45,2346,0
2008,381,1,752,"H3","030613",8,35686,35686,171834,0
2008,381,2,752,"H3","030613",8,34,34,357,0
2008,381,2,757,"H3","030613",8,11574,11574,176784,0
2008,381,2,757,"H3","030621",8,297,297,19137,0
2008,381,1,757,"H3","010620",5,2,4,1057,4
2008,381,2,757,"H3","010420",5,528,6889,64353,0
2008,381,1,757,"H3","010420",5,157,3960,62990,0
2008,381,1,752,"H3","0307",8,98400,98400,772056,0
2008,381,2,752,"H3","0307",8,613,613,5224,0
2008,381,2,757,"H3","0307",8,413222,413222,3415306,0
2008,381,2,757,"H3","030624",8,223,223,14020,0
2008,381,1,752,"H3","030721",8,81056,81056,674798,0
2008,381,2,757,"H3","030623",8,330,330,4637,0
2008,381,1,752,"H3","030623",8,28024,28024,427899,0
2008,381,2,757,"H3","030622",8,8311,8311,167607,0
2008,381,2,757,"H3","030741",8,11475,11475,97755,0
2008,381,2,757,"H3","030619",8,11323,11323,122911,0
2008,381,2,752,"H3","030619",8,12,12,135,0
2008,381,1,752,"H3","030619",8,500,500,6593,0
2008,381,1,752,"H3","030614",8,5365,5365,165288,0
2008,381,2,752,"H3","030611",8,36,36,495,0
2008,381,2,757,"H3","0306",8,32693,32693,529050,0
2008,381,2,752,"H3","0306",8,82,82,987,0
2008,381,1,752,"H3","0306",8,69603,69603,771977,0
2008,381,1,752,"H3","030562",8,975840,975840,9869747,0
2008,381,2,757,"H3","030561",8,626,626,10766,0
2008,381,2,757,"H3","030549",8,1155,1155,20984,0
2008,381,2,752,"H3","030549",8,5,5,145,0
2008,381,1,752,"H3","030549",8,60,60,2374,0
2008,381,2,757,"H3","030541",8,358,358,10462,0
2008,381,1,752,"H3","030541",8,361924,361924,6713621,0
2008,381,2,757,"H3","030499",8,9000,9000,41910,0
2008,381,1,752,"H3","030421",8,27684,27684,338427,0
2008,381,2,752,"H3","040130",8,2004,2004,3882,0
2008,381,1,757,"H3","040130",8,1045890,1045890,6188554,0
2008,381,2,757,"H3","040130",8,2092,2092,8341,0
2008,381,1,752,"H3","0402",8,26520,26520,111459,0
2008,381,2,752,"H3","0402",8,1932,1932,11919,0
2008,381,1,757,"H3","0402",8,120,120,37442,0
2008,381,2,757,"H3","0402",8,4770,4770,43601,0
2008,381,1,752,"H3","040210",8,26080,26080,109416,0
2008,381,2,757,"H3","040210",8,1080,1080,7752,0
2008,381,1,752,"H3","040221",8,440,440,2042,0
2008,381,2,752,"H3","040221",8,162,162,1299,0
2008,381,2,757,"H3","040221",8,1000,1000,2980,0
2008,381,2,757,"H3","030411",8,2051,2051,26419,0
2008,381,2,752,"H3","030411",8,10,10,69,0
2008,381,2,752,"H3","040299",8,1770,1770,10620,0
2008,381,2,752,"H3","0403",8,32101,32101,178372,0
2008,381,1,757,"H3","0403",8,436857,436857,1312265,0
2008,381,2,757,"H3","0403",8,7481,7481,40979,0
2008,381,2,752,"H3","040310",8,680,680,3336,0
2008,381,1,757,"H3","040310",8,435797,435797,1293022,0
2008,381,2,757,"H3","040310",8,454,454,25710,0
2008,381,2,752,"H3","040390",8,31421,31421,175036,0
2008,381,1,757,"H3","040390",8,1060,1060,19244,0
2008,381,2,757,"H3","040390",8,7027,7027,15269,0
2008,381,1,752,"H3","030411",8,128245,128245,631718,0
2008,381,2,752,"H3","0304",8,28,28,239,0
2008,381,1,752,"H3","0405",8,605,605,11055,0
2008,381,2,752,"H3","0405",8,9057,9057,57929,0
2008,381,2,757,"H3","0405",8,41,41,1741,0
2008,381,1,752,"H3","0304",8,905884,905884,7589312,0
2008,381,2,752,"H3","030361",8,5,5,51,0
2008,381,1,752,"H3","030361",8,6636,6636,39462,0
2008,381,1,752,"H3","040590",8,605,605,11055,0
2008,381,1,752,"H3","0406",8,86159,86159,649458,0
2008,381,2,752,"H3","0406",8,3594926,3594926,34390804,0
2008,381,1,757,"H3","0406",8,15201266,15201266,123435802,0
2008,381,2,757,"H3","0406",8,17088686,17088686,140099969,0
2008,381,2,752,"H3","040610",8,1117253,1117253,7704491,0
2008,381,1,757,"H3","040610",8,216218,216218,1102642,0
2008,381,2,757,"H3","040610",8,6584824,6584824,38956962,0
2008,381,2,752,"H3","040620",8,174176,174176,1868021,0
2008,381,1,757,"H3","040620",8,250,250,3542,0
2008,381,2,757,"H3","040620",8,643373,643373,6017632,0
2008,381,1,752,"H3","040630",8,12748,12748,160097,0
2008,381,2,752,"H3","040630",8,169818,169818,678097,0
2008,381,1,757,"H3","040630",8,2635103,2635103,16517993,0
2008,381,2,757,"H3","040630",8,445835,445835,2614333,0
2008,381,2,752,"H3","040640",8,639846,639846,5981480,0
2008,381,1,757,"H3","040640",8,1370,1370,14922,0
2008,381,2,757,"H3","040640",8,1452082,1452082,13107789,0
2008,381,1,752,"H3","040690",8,73411,73411,489360,0
2008,381,1,752,"H3","030352",8,27425,27425,786971,0
2008,381,2,757,"H3","030321",8,1390,1390,8674,0
2008,381,2,757,"H3","0303",8,558624,558624,4813530,0
2008,381,1,752,"H3","0407",8,386,386,22895,6
2008,381,2,757,"H3","0407",8,295824,295824,520443,0
2008,381,1,752,"H3","040700",8,386,386,22895,6
2008,381,2,757,"H3","040700",8,295824,295824,520443,0
2008,381,2,752,"H3","0408",8,148,148,311,0
2008,381,2,757,"H3","0408",8,52637,52637,268555,0
2008,381,2,752,"H3","0303",8,5,5,51,0
2008,381,1,752,"H3","0303",8,386684,386684,3307972,0
2008,381,2,757,"H3","040891",8,22050,22050,205330,0
2008,381,1,752,"H3","030270",8,1362,1362,21531,0
2008,381,2,752,"H3","0409",8,2836,2836,13089,0
2008,381,2,757,"H3","0409",8,116028,116028,667874,0
2008,381,2,752,"H3","040900",8,2836,2836,13089,0
2008,381,2,757,"H3","040900",8,116028,116028,667874,0
2008,381,1,752,"H3","030267",8,6635,6635,65584,0
2008,381,1,752,"H3","030240",8,202,202,1548,0
2008,381,2,757,"H3","030229",8,179,179,7604,0
2008,381,1,752,"H3","030219",8,3260,3260,33712,0
2008,381,2,757,"H3","030212",8,255,255,3324,0
2008,381,1,752,"H3","030212",8,7026099,7026099,38911953,0
2008,381,2,752,"H3","0501",8,1164,1164,9523,0
2008,381,2,757,"H3","0501",8,1069,1069,462478,0
2008,381,2,752,"H3","050100",8,1164,1164,9523,0
2008,381,2,757,"H3","050100",8,1069,1069,462478,0
2008,381,1,752,"H3","030199",8,7258,7258,41293,0
2008,381,2,757,"H3","030110",8,479,479,11323,0
2008,381,1,752,"H3","030110",8,435287,435287,2458297,0
2008,381,1,752,"H3","0504",8,49363,49363,109651,0
2008,381,2,752,"H3","0504",8,58313,58313,348945,0
2008,381,1,757,"H3","0504",8,39514,39514,178704,0
2008,381,2,757,"H3","0504",8,504017,504017,5811752,0
2008,381,1,752,"H3","050400",8,49363,49363,109651,0
2008,381,2,752,"H3","050400",8,58313,58313,348945,0
2008,381,1,757,"H3","050400",8,39514,39514,178704,0
2008,381,2,757,"H3","050400",8,504017,504017,5811752,0
2008,381,2,757,"H3","03",1,,,20586972,0
2008,381,2,752,"H3","03",1,,,12001,0
2008,381,1,752,"H3","03",1,,,133825264,0
2008,381,2,757,"H3","021091",8,4192,4192,66463,0
2008,381,2,752,"H3","0508",8,765,765,3682,0
2008,381,2,757,"H3","0508",8,413630,413630,57482,0
2008,381,2,752,"H3","050800",8,765,765,3682,0
2008,381,2,757,"H3","050800",8,413630,413630,57482,0
2008,381,2,757,"H3","0510",8,15,15,3914,0
2008,381,2,757,"H3","051000",8,15,15,3914,0
2008,381,2,757,"H3","0210",8,1827433,1827433,36128216,0
2008,381,1,757,"H3","0210",8,108,108,2815,0
2008,381,2,752,"H3","0210",8,687755,687755,12327341,0
2008,381,1,752,"H3","0210",8,4917,4917,87352,0
2008,381,2,752,"H3","051110",1,,14,156113,4
2008,381,1,757,"H3","051110",1,,20,41142,0
2008,381,2,757,"H3","051110",1,,45,640782,0
2008,381,2,757,"H3","020727",8,840,840,5772,0
2008,381,1,752,"H3","051199",8,8285,8285,116637,0
2008,381,2,752,"H3","051199",8,299260,299260,477657,0
2008,381,1,757,"H3","051199",8,1447083,1447083,519922,0
2008,381,2,757,"H3","051199",8,3525905,3525905,3092427,0
2008,381,2,757,"H3","020726",8,64178,64178,491640,0
2008,381,2,757,"H3","020725",8,325,325,2791,0
2008,381,2,757,"H3","020724",8,10416,10416,41292,0
2008,381,2,757,"H3","020714",8,112,112,1523,0
2008,381,1,757,"H3","0601",1,,942,41820,0
2008,381,2,757,"H3","0601",1,,38528,137682,0
2008,381,2,757,"H3","060110",5,603349,2777,90027,2
2008,381,2,757,"H3","020713",8,31095,31095,223213,0
2008,381,2,752,"H3","020713",8,10,10,87,0
2008,381,2,757,"H3","020712",8,37310,37310,163821,0
2008,381,2,757,"H3","020711",8,3292,3292,23591,0
2008,381,1,752,"H3","020711",8,20411,20411,15021,0
2008,381,2,757,"H3","020630",8,1197,1197,14217,0
2008,381,2,752,"H3","060210",1,,11259,134206,0
2008,381,1,757,"H3","060210",5,5537,50,1167,2
2008,381,2,757,"H3","060210",1,,98728,243524,0
2008,381,1,752,"H3","060220",1,,28555,97376,0
2008,381,2,752,"H3","060220",1,,16224,76993,0
2008,381,1,757,"H3","060220",1,,412,17418,0
2008,381,2,757,"H3","060220",1,,281068,1299867,0
2008,381,1,757,"H3","020630",8,7829,7829,3544,0
2008,381,1,752,"H3","020621",8,81102,81102,404095,0
2008,381,2,757,"H3","020450",8,8710,8710,76473,0
2008,381,2,752,"H3","060290",8,583001,583001,1120040,0
2008,381,1,757,"H3","060290",8,61110,61110,115881,0
2008,381,2,757,"H3","060290",8,15403376,15403376,31668207,0
2008,381,2,752,"H3","0603",8,54942,54942,1006298,6
2008,381,2,757,"H3","0603",8,960484,960484,12981461,0
2008,381,2,752,"H3","060311",8,41,41,1528,6
2008,381,2,757,"H3","060311",8,30,30,3355,0
2008,381,2,752,"H3","060312",8,300,300,1418,6
2008,381,2,752,"H3","060313",8,150,150,1380,6
2008,381,2,752,"H3","020441",8,254,254,280,0
2008,381,2,752,"H3","060319",8,50003,50003,940690,6
2008,381,2,757,"H3","060319",8,956225,956225,12906714,0
2008,381,2,752,"H3","020421",8,48,48,247,0
2008,381,2,757,"H3","0204",8,9948,9948,91889,0
2008,381,1,752,"H3","0604",8,328,328,786,0
2008,381,2,752,"H3","0604",8,166862,166862,1521710,0
2008,381,1,757,"H3","0604",8,500,500,10028,0
2008,381,2,757,"H3","0604",8,988949,988949,8766721,0
2008,381,2,752,"H3","0204",8,302,302,527,0
2008,381,2,752,"H3","060491",8,66721,66721,825714,0
2008,381,2,757,"H3","060491",8,740776,740776,7476540,0
2008,381,1,752,"H3","060499",8,328,328,786,0
2008,381,2,752,"H3","060499",8,100141,100141,695996,0
2008,381,1,757,"H3","060499",8,500,500,10028,0
2008,381,2,757,"H3","060499",8,230489,230489,1262707,0
2008,381,1,752,"H3","0204",8,1896,1896,53948,0
2008,381,2,757,"H3","020230",8,143635,143635,818144,0
2008,381,2,752,"H3","020230",8,220858,220858,971787,0
2008,381,1,752,"H3","020230",8,15632,15632,117056,0
2008,381,1,752,"H3","030629",8,28,28,364,0
2008,381,2,757,"H3","030629",8,635,635,23955,0
2008,381,2,757,"H3","010410",5,15,900,1471,0
2008,381,2,757,"H3","0104",5,543,7789,65824,0
2008,381,1,757,"H3","0104",5,157,3960,62990,0
2008,381,2,757,"H3","030739",8,56254,56254,393051,0
2008,381,1,752,"H3","04",1,,,794866,0
2008,381,2,752,"H3","04",1,,,35294355,0
2008,381,2,752,"H3","0702",8,252667,252667,832055,0
2008,381,1,757,"H3","0702",8,12096,12096,25914,0
2008,381,2,757,"H3","0702",8,4522042,4522042,13102048,0
2008,381,2,752,"H3","070200",8,252667,252667,832055,0
2008,381,1,757,"H3","070200",8,12096,12096,25914,0
2008,381,2,757,"H3","070200",8,4522042,4522042,13102048,0
2008,381,2,752,"H3","0703",8,843213,843213,693117,0
2008,381,1,757,"H3","0703",8,525,525,1354,0
2008,381,2,757,"H3","0703",8,1001706,1001706,3288571,0
2008,381,2,752,"H3","070310",8,836245,836245,666864,0
2008,381,1,757,"H3","070310",8,525,525,1354,0
2008,381,2,757,"H3","070310",8,663010,663010,1321835,0
2008,381,2,752,"H3","070320",8,3935,3935,14971,0
2008,381,2,757,"H3","070320",8,305002,305002,1873407,0
2008,381,2,752,"H3","070390",8,3033,3033,11282,0
2008,381,2,757,"H3","070390",8,33694,33694,93329,0
2008,381,1,752,"H3","0704",8,1750,1750,1527,0
2008,381,2,752,"H3","0704",8,1877782,1877782,2782826,0
2008,381,1,757,"H3","0704",8,12312,12312,14557,0
2008,381,2,757,"H3","0704",8,21851590,21851590,41781128,0
2008,381,1,757,"H3","04",1,,,131038103,0
2008,381,2,757,"H3","04",1,,,141651504,0
2008,381,1,757,"H3","040229",8,120,120,37442,0
2008,381,2,757,"H3","040229",8,2690,2690,32869,0
2008,381,2,752,"H3","040690",8,1493833,1493833,18158714,0
2008,381,1,757,"H3","040690",8,12348325,12348325,105796702,0
2008,381,2,752,"H3","070490",8,218838,218838,291782,0
2008,381,2,757,"H3","070490",8,14702301,14702301,29003983,0
2008,381,1,752,"H3","0705",8,44800,44800,29486,0
2008,381,2,752,"H3","0705",8,1284702,1284702,3745150,0
2008,381,2,757,"H3","0705",8,8937510,8937510,15634040,0
2008,381,1,752,"H3","070511",8,44800,44800,29486,0
2008,381,2,752,"H3","070511",8,83610,83610,168645,0
2008,381,2,757,"H3","070511",8,563117,563117,1137433,0
2008,381,2,757,"H3","040690",8,7962572,7962572,79403253,0
2008,381,2,757,"H3","0502",8,8474,8474,176132,0
2008,381,2,752,"H3","050510",8,400,400,2320,0
2008,381,2,752,"H3","070529",8,918175,918175,2579751,0
2008,381,2,757,"H3","070529",8,6189720,6189720,9847873,0
2008,381,2,752,"H3","0706",8,4657188,4657188,2928235,0
2008,381,1,757,"H3","0706",8,62680,62680,72587,0
2008,381,2,757,"H3","0706",8,2669649,2669649,2561724,0
2008,381,2,757,"H3","050510",8,1311426,1311426,395204,0
2008,381,1,752,"H3","06",1,,,108901,0
2008,381,2,752,"H3","06",1,,,4001677,0
2008,381,2,752,"H3","070690",8,142843,142843,103188,0
2008,381,2,757,"H3","070690",8,342739,342739,533748,0
2008,381,1,757,"H3","06",1,,,186315,0
2008,381,2,757,"H3","06",1,,,55324909,0
2008,381,1,752,"H3","0602",1,,28555,97376,0
2008,381,2,752,"H3","0602",1,,612098,1337180,4
2008,381,1,752,"H3","0708",8,3090,3090,7741,0
2008,381,2,752,"H3","0708",8,14821,14821,25992,0
2008,381,1,757,"H3","0708",8,2320,2320,6115,0
2008,381,2,757,"H3","0708",8,159273,159273,493857,0
2008,381,1,752,"H3","070810",8,3090,3090,7741,0
2008,381,2,752,"H3","070810",8,1649,1649,1947,0
2008,381,2,757,"H3","070810",8,18684,18684,66241,0
2008,381,2,752,"H3","070820",8,6466,6466,11892,0
2008,381,1,757,"H3","070820",8,2320,2320,6115,0
2008,381,2,757,"H3","070820",8,55685,55685,178446,0
2008,381,1,757,"H3","0602",1,,61572,134467,0
2008,381,2,757,"H3","0602",1,,15851519,33439044,0
2008,381,2,757,"H3","060230",1,,51094,133485,0
2008,381,1,757,"H3","010632",5,17,19,7297,0
2008,381,2,757,"H3","030710",8,2243,2243,24899,0
2008,381,2,757,"H3","010290",5,42,4321,19233,0
2008,381,2,752,"H3","070920",8,97421,97421,398023,0
2008,381,2,757,"H3","070920",8,129825,129825,630620,0
2008,381,2,752,"H3","070930",8,31777,31777,41511,0
2008,381,2,757,"H3","070930",8,74674,74674,249894,0
2008,381,2,752,"H3","070940",8,42759,42759,43092,0
2008,381,2,757,"H3","070940",8,168495,168495,200485,0
2008,381,2,752,"H3","070951",8,5702,5702,23267,0
2008,381,2,757,"H3","070951",8,29426,29426,346201,0
2008,381,1,757,"H3","010290",5,732,390350,1592840,0
2008,381,2,752,"H3","030759",8,120,120,844,0
2008,381,2,757,"H3","030759",8,27495,27495,261958,0
2008,381,1,752,"H3","030731",8,15036,15036,77708,0
2008,381,2,757,"H3","030731",8,65211,65211,600808,0
2008,381,1,752,"H3","030749",8,1008,1008,2887,0
2008,381,2,752,"H3","030749",8,81,81,683,0
2008,381,1,752,"H3","070990",8,10276,10276,12824,0
2008,381,2,752,"H3","070990",8,2014602,2014602,4967961,0
2008,381,1,757,"H3","070990",8,4139,4139,8644,0
2008,381,2,757,"H3","070990",8,15282588,15282588,31824015,0
2008,381,1,752,"H3","0710",8,20445254,20445254,26837366,0
2008,381,2,752,"H3","0710",8,469441,469441,1729091,0
2008,381,1,757,"H3","0710",8,832,832,11955,0
2008,381,2,757,"H3","0710",8,591924,591924,2183105,0
2008,381,2,757,"H3","071010",8,2592,2592,5441,0
2008,381,1,752,"H3","071021",8,20223191,20223191,26571722,0
2008,381,2,752,"H3","071021",8,39600,39600,63858,0
2008,381,1,752,"H3","071022",8,20150,20150,42012,0
2008,381,2,757,"H3","071022",8,1300,1300,3510,0
2008,381,2,757,"H3","071029",8,45242,45242,37194,0
2008,381,2,752,"H3","071030",8,83836,83836,164944,0
2008,381,1,752,"H3","071080",8,168716,168716,132975,0
2008,381,2,752,"H3","071080",8,300390,300390,1393225,0
2008,381,1,757,"H3","071080",8,832,832,11955,0
2008,381,2,757,"H3","071080",8,375927,375927,1811410,0
2008,381,1,752,"H3","071090",8,33197,33197,90657,0
2008,381,2,752,"H3","071090",8,45615,45615,107064,0
2008,381,2,757,"H3","071090",8,166863,166863,325549,0
2008,381,2,757,"H3","030749",8,232990,232990,1892628,0
2008,381,2,757,"H3","070959",8,143563,143563,2476728,0
2008,381,1,752,"H3","030799",8,1300,1300,16664,0
2008,381,2,752,"H3","071120",8,15356,15356,18314,0
2008,381,2,757,"H3","071120",8,31812,31812,72808,0
2008,381,2,752,"H3","030799",8,412,412,3697,0
2008,381,2,757,"H3","071159",8,1769,1769,40731,0
2008,381,2,757,"H3","030799",8,17554,17554,144206,0
2008,381,1,752,"H3","070410",8,1750,1750,1527,0
2008,381,2,752,"H3","070410",8,1658925,1658925,2491011,0
2008,381,1,757,"H3","070410",8,12312,12312,14557,0
2008,381,2,752,"H3","0401",8,3872,3872,5857,0
2008,381,1,757,"H3","0401",8,1216177,1216177,6248572,0
2008,381,2,757,"H3","0401",8,2092,2092,8341,0
2008,381,1,757,"H3","040110",8,170287,170287,60018,0
2008,381,2,752,"H3","040120",8,1868,1868,1975,0
2008,381,2,757,"H3","071232",8,418,418,17664,0
2008,381,2,752,"H3","071239",8,3762,3762,209316,0
2008,381,1,757,"H3","071239",8,12,12,3227,0
2008,381,2,757,"H3","071239",8,20457,20457,735244,0
2008,381,2,752,"H3","071290",8,909806,909806,1131723,0
2008,381,1,757,"H3","071290",8,101535,101535,415832,0
2008,381,2,757,"H3","071290",8,125503,125503,1107273,0
2008,381,1,752,"H3","0713",8,295,295,430,0
2008,381,2,752,"H3","0713",8,105027,105027,247761,0
2008,381,2,757,"H3","0713",8,788609,788609,605592,0
2008,381,2,757,"H3","070410",8,7140036,7140036,12738691,0
2008,381,2,752,"H3","070420",8,19,19,32,0
2008,381,2,752,"H3","071320",8,4536,4536,11025,0
2008,381,2,752,"H3","071333",8,6024,6024,8168,0
2008,381,2,757,"H3","071333",8,2400,2400,9960,0
2008,381,1,752,"H3","071339",8,295,295,430,0
2008,381,2,752,"H3","071339",8,118,118,223,0
2008,381,2,757,"H3","071339",8,95,95,2672,0
2008,381,2,752,"H3","071340",8,580,580,565,0
2008,381,2,757,"H3","071340",8,9841,9841,73423,0
2008,381,2,752,"H3","071350",8,3515,3515,3088,0
2008,381,2,757,"H3","0304",8,106949,106949,1006410,0
2008,381,2,752,"H3","040510",8,1356,1356,9526,0
2008,381,2,757,"H3","0714",8,108099,108099,81421,0
2008,381,2,757,"H3","040510",8,41,41,1741,0
2008,381,2,752,"H3","040520",8,7701,7701,48404,0
2008,381,2,757,"H3","071490",8,10539,10539,18473,0
2008,381,1,752,"H3","08",1,,,5050959,0
2008,381,2,752,"H3","08",1,,,93417708,0
2008,381,1,757,"H3","08",1,,,2265270,0
2008,381,2,757,"H3","08",1,,,201730516,0
2008,381,2,757,"H3","070420",8,9253,9253,38454,0
2008,381,1,752,"H3","030322",8,352623,352623,2481539,0
2008,381,2,757,"H3","040899",8,23507,23507,37780,0
2008,381,2,752,"H3","041000",8,200,200,4913,0
2008,381,1,752,"H3","05",1,,,231658,0
2008,381,2,752,"H3","05",1,,,1051844,0
2008,381,2,757,"H3","030223",8,88,88,2763,0
2008,381,1,752,"H3","030223",8,1803,1803,10108,0
2008,381,1,757,"H3","05",1,,,739767,0
2008,381,2,757,"H3","05",1,,,10745520,0
2008,381,2,752,"H3","070521",8,5817,5817,9545,0
2008,381,2,752,"H3","080212",8,32833,32833,328038,0
2008,381,2,757,"H3","080212",8,39103,39103,388741,0
2008,381,2,752,"H3","080221",8,139374,139374,521920,0
2008,381,2,757,"H3","080221",8,24967,24967,211123,0
2008,381,2,752,"H3","080222",8,562266,562266,3838767,0
2008,381,1,757,"H3","080222",8,62050,62050,451076,0
2008,381,2,757,"H3","080222",8,2523454,2523454,19699712,0
2008,381,2,757,"H3","030191",8,6140,6140,40439,0
2008,381,2,757,"H3","050290",8,3900,3900,34440,0
2008,381,2,752,"H3","0505",8,400,400,2320,0
2008,381,2,757,"H3","0505",8,1311426,1311426,395204,0
2008,381,2,752,"H3","080240",8,11663,11663,52645,0
2008,381,1,752,"H3","0511",1,,8285,116637,0
2008,381,2,757,"H3","021020",8,678596,678596,14803231,0
2008,381,1,757,"H3","021020",8,108,108,2815,0
2008,381,2,752,"H3","021020",8,48940,48940,1328624,0
2008,381,2,752,"H3","080290",8,73521,73521,1107221,0
2008,381,1,757,"H3","080290",8,20000,20000,812924,0
2008,381,2,757,"H3","080290",8,179789,179789,6588715,0
2008,381,1,752,"H3","021020",8,4917,4917,87352,0
2008,381,2,752,"H3","0511",1,,299274,633769,4
2008,381,2,752,"H3","0804",8,22804,22804,162796,0
2008,381,2,757,"H3","0804",8,101896,101896,288919,0
2008,381,1,757,"H3","0511",1,,1447103,561063,0
2008,381,2,757,"H3","0511",1,,3673400,3838558,0
2008,381,2,752,"H3","080420",8,14284,14284,104121,0
2008,381,2,757,"H3","080420",8,67009,67009,218914,0
2008,381,2,757,"H3","051191",8,147450,147450,105350,0
2008,381,2,757,"H3","020734",8,803,803,42603,0
2008,381,2,752,"H3","070890",8,6706,6706,12152,0
2008,381,2,757,"H3","080450",8,110,110,1047,0
2008,381,2,752,"H3","0805",8,3026580,3026580,3334487,0
2008,381,1,757,"H3","0805",8,4176,4176,8964,0
2008,381,2,757,"H3","0805",8,21532634,21532634,27285485,0
2008,381,2,752,"H3","080510",8,2602311,2602311,2455086,0
2008,381,2,757,"H3","080510",8,18930677,18930677,22371465,0
2008,381,2,752,"H3","080520",8,64030,64030,101688,0
2008,381,2,757,"H3","080520",8,682214,682214,1176896,0
2008,381,2,757,"H3","070890",8,84904,84904,249170,0
2008,381,1,752,"H3","0709",8,69563,69563,579047,0
2008,381,2,752,"H3","080550",8,348995,348995,756959,0
2008,381,1,757,"H3","080550",8,4176,4176,8964,0
2008,381,2,757,"H3","080550",8,1842385,1842385,3577265,0
2008,381,2,752,"H3","0709",8,2418603,2418603,6083639,0
2008,381,2,757,"H3","060410",8,17684,17684,27475,0
2008,381,2,752,"H3","0806",8,5943555,5943555,10719914,0
2008,381,1,757,"H3","0806",8,38480,38480,65468,0
2008,381,2,757,"H3","0806",8,25165120,25165120,50854241,0
2008,381,2,752,"H3","080610",8,5943393,5943393,10719342,0
2008,381,1,757,"H3","080610",8,38480,38480,65468,0
2008,381,2,757,"H3","080610",8,25164310,25164310,50851756,0
2008,381,2,752,"H3","080620",8,162,162,573,0
2008,381,2,757,"H3","080620",8,810,810,2486,0
2008,381,1,752,"H3","07",1,,,27455598,0
2008,381,2,752,"H3","07",1,,,21693197,0
2008,381,2,757,"H3","020311",8,229,229,1338,0
2008,381,1,757,"H3","07",1,,,578847,0
2008,381,2,757,"H3","07",1,,,120010657,0
2008,381,2,752,"H3","0701",8,184855,184855,127245,0
2008,381,2,757,"H3","020110",8,1307,1307,43650,0
2008,381,2,757,"H3","02",1,,,53341064,0
2008,381,1,757,"H3","02",1,,,231780,0
2008,381,2,752,"H3","02",1,,,16777821,0
2008,381,1,752,"H3","0808",8,2400,2400,1816,0
2008,381,2,752,"H3","0808",8,30545761,30545761,37346743,0
2008,381,1,757,"H3","0808",8,367882,367882,402254,0
2008,381,2,757,"H3","0808",8,5980513,5980513,4379527,0
2008,381,1,752,"H3","02",1,,,962686,0
2008,381,1,757,"H3","0709",8,4139,4139,8644,0
2008,381,1,757,"H3","0701",8,44380,44380,17238,0
2008,381,1,752,"H3","080820",8,2400,2400,1816,0
2008,381,2,752,"H3","080820",8,1807547,1807547,2883089,0
2008,381,1,757,"H3","080820",8,106385,106385,112033,0
2008,381,2,757,"H3","080820",8,1075481,1075481,1194314,0
2008,381,2,752,"H3","0809",8,14052078,14052078,20958049,0
2008,381,1,757,"H3","0809",8,23004,23004,46416,0
2008,381,2,757,"H3","0809",8,16127225,16127225,30414703,0
2008,381,2,752,"H3","080910",8,11418,11418,25031,0
2008,381,2,757,"H3","080910",8,1050627,1050627,2335603,0
2008,381,2,752,"H3","080920",8,13207,13207,80179,0
2008,381,2,757,"H3","080920",8,586142,586142,3560980,0
2008,381,2,752,"H3","080930",8,13240716,13240716,19800511,0
2008,381,1,757,"H3","080930",8,21644,21644,42893,0
2008,381,2,757,"H3","080930",8,13239444,13239444,22580253,0
2008,381,2,752,"H3","080940",8,786737,786737,1052328,0
2008,381,1,757,"H3","080940",8,1360,1360,3522,0
2008,381,2,757,"H3","080940",8,1251012,1251012,1937867,0
2008,381,2,757,"H3","0701",8,509246,509246,408447,0
2008,381,2,757,"H3","0709",8,16137643,16137643,36800666,0
2008,381,1,757,"H3","070110",8,22000,22000,11306,0
2008,381,2,757,"H3","070110",8,47500,47500,26501,0
2008,381,1,752,"H3","070959",8,59287,59287,566223,0
2008,381,2,752,"H3","070959",8,4508,4508,112299,0
2008,381,2,757,"H3","010210",5,3,1270,7796,0
2008,381,1,757,"H3","010210",5,1519,801640,3466066,0
2008,381,2,752,"H3","071190",8,36277,36277,248993,0
2008,381,1,757,"H3","071190",8,170,170,1424,0
2008,381,2,757,"H3","071190",8,132428,132428,144292,0
2008,381,2,752,"H3","040819",8,148,148,311,0
2008,381,2,757,"H3","040819",8,7080,7080,25445,0
2008,381,2,752,"H3","0410",8,200,200,4913,0
2008,381,2,752,"H3","081090",8,1100,1100,2403,0
2008,381,2,757,"H3","081090",8,1638917,1638917,2809789,0
2008,381,2,752,"H3","080122",8,38154,38154,297797,0
2008,381,2,757,"H3","050210",8,4574,4574,141692,0
2008,381,2,752,"H3","070610",8,4514345,4514345,2825047,0
2008,381,1,757,"H3","070610",8,62680,62680,72587,0
2008,381,2,757,"H3","081110",8,13995,13995,143015,0
2008,381,2,752,"H3","081120",8,618,618,906,0
2008,381,2,757,"H3","081120",8,1200,1200,4052,0
2008,381,2,752,"H3","080250",8,2251,2251,51142,0
2008,381,2,757,"H3","080250",8,35525,35525,834864,0
2008,381,2,752,"H3","080440",8,2747,2747,11847,0
2008,381,2,757,"H3","070610",8,2326910,2326910,2027976,0
2008,381,2,752,"H3","0812",8,1266,1266,797,0
2008,381,2,757,"H3","0812",8,363820,363820,421267,0
2008,381,2,757,"H3","081210",8,20280,20280,37662,0
2008,381,2,752,"H3","081290",8,1266,1266,797,0
2008,381,2,757,"H3","081290",8,343540,343540,383605,0
2008,381,2,752,"H3","0813",8,356727,356727,2579680,0
2008,381,2,757,"H3","0813",8,133285,133285,1401583,0
2008,381,2,752,"H3","0707",8,689,689,1521,0
2008,381,2,757,"H3","0707",8,160358,160358,466998,0
2008,381,2,752,"H3","081320",8,4468,4468,35096,0
2008,381,2,757,"H3","081320",8,754,754,10913,0
2008,381,2,752,"H3","070700",8,689,689,1521,0
2008,381,2,757,"H3","070700",8,160358,160358,466998,0
2008,381,2,752,"H3","081340",8,20850,20850,352953,0
2008,381,2,757,"H3","081340",8,10374,10374,66869,0
2008,381,2,752,"H3","060390",8,4141,4141,60189,0
2008,381,2,757,"H3","060390",8,4229,4229,71393,0
2008,381,2,752,"H3","0814",8,2738,2738,1520,0
2008,381,1,757,"H3","0814",8,2920,2920,45517,0
2008,381,2,757,"H3","0814",8,125550,125550,102460,0
2008,381,2,752,"H3","081400",8,2738,2738,1520,0
2008,381,1,757,"H3","081400",8,2920,2920,45517,0
2008,381,2,757,"H3","081400",8,125550,125550,102460,0
2008,381,1,752,"H3","09",1,,,337105,0
2008,381,2,752,"H3","09",1,,,10533796,0
2008,381,1,757,"H3","09",1,,,63148949,0
2008,381,2,757,"H3","09",1,,,36138472,0
2008,381,1,752,"H3","0901",8,59781,59781,324401,0
2008,381,2,752,"H3","0901",8,1126594,1126594,9800193,0
2008,381,1,757,"H3","0901",8,2197686,2197686,61902230,0
2008,381,2,757,"H3","0901",8,3773995,3773995,35646047,0
2008,381,2,757,"H3","071410",8,6060,6060,9170,0
2008,381,2,752,"H3","060240",5,277,1614,5942,4
2008,381,2,752,"H3","090112",8,28,28,132,0
2008,381,1,757,"H3","090112",8,34469,34469,111961,0
2008,381,2,757,"H3","090112",8,28725,28725,250571,0
2008,381,2,757,"H3","060240",5,3976,17253,93961,0
2008,381,2,752,"H3","080810",8,28738214,28738214,34463654,0
2008,381,1,757,"H3","080810",8,261497,261497,290221,0
2008,381,2,757,"H3","080810",8,4905032,4905032,3185213,0
2008,381,2,757,"H3","070960",8,228091,228091,763804,0
2008,381,2,752,"H3","070960",8,18022,18022,57388,0
2008,381,2,752,"H3","081040",8,6358,6358,100361,0
2008,381,2,757,"H3","081040",8,82363,82363,1021287,0
2008,381,2,752,"H3","0712",8,914114,914114,1367521,0
2008,381,1,757,"H3","0712",8,101547,101547,419060,0
2008,381,2,757,"H3","0712",8,165054,165054,2340996,0
2008,381,1,752,"H3","0902",8,314,314,4286,0
2008,381,2,752,"H3","0902",8,877,877,3936,0
2008,381,1,757,"H3","0902",8,126001,126001,1125532,0
2008,381,2,757,"H3","0902",8,7074,7074,113695,0
2008,381,2,752,"H3","090210",8,50,50,715,0
2008,381,2,757,"H3","090210",8,2652,2652,38176,0
2008,381,2,752,"H3","090220",8,2,2,32,0
2008,381,1,757,"H3","090220",8,13950,13950,146394,0
2008,381,2,757,"H3","090220",8,803,803,12869,0
2008,381,1,752,"H3","090230",8,314,314,4286,0
2008,381,2,752,"H3","090230",8,824,824,3164,0
2008,381,2,757,"H3","090230",8,3069,3069,58418,0
2008,381,2,752,"H3","090240",8,1,1,25,0
2008,381,1,757,"H3","090240",8,112051,112051,979138,0
2008,381,2,757,"H3","090240",8,550,550,4231,0
2008,381,2,752,"H3","071220",8,37,37,95,0
2008,381,2,752,"H3","071231",8,509,509,26387,0
2008,381,1,752,"H3","0904",8,511,511,8418,0
2008,381,2,752,"H3","0904",8,3198,3198,42641,0
2008,381,2,757,"H3","0904",8,4346,4346,48346,0
2008,381,2,752,"H3","090411",8,995,995,17480,0
2008,381,2,757,"H3","090411",8,687,687,12455,0
2008,381,2,752,"H3","090412",8,1820,1820,21480,0
2008,381,2,757,"H3","090412",8,199,199,19874,0
2008,381,1,752,"H3","090420",8,511,511,8418,0
2008,381,2,752,"H3","090420",8,383,383,3681,0
2008,381,2,757,"H3","090420",8,3460,3460,16018,0
2008,381,2,757,"H3","071231",8,18676,18676,480815,0
2008,381,1,757,"H3","0404",8,310,310,4022,0
2008,381,1,757,"H3","040490",8,310,310,4022,0
2008,381,2,757,"H3","090111",8,282500,282500,1611436,0
2008,381,2,752,"H3","0909",8,1220,1220,8372,0
2008,381,2,757,"H3","0909",8,5000,5000,20922,0
2008,381,2,757,"H3","090920",8,5000,5000,20922,0
2008,381,2,752,"H3","090950",8,1220,1220,8372,0
2008,381,2,752,"H3","0910",8,82414,82414,144759,0
2008,381,1,757,"H3","0910",8,359,359,121187,0
2008,381,2,757,"H3","0910",8,5991,5991,69756,0
2008,381,2,752,"H3","091020",8,5,5,232,0
2008,381,1,757,"H3","091020",8,259,259,117738,0
2008,381,2,757,"H3","091020",8,3,3,7626,0
2008,381,2,752,"H3","091091",8,4807,4807,14497,0
2008,381,2,757,"H3","091091",8,1021,1021,14839,0
2008,381,2,752,"H3","091099",8,77602,77602,130030,0
2008,381,1,757,"H3","091099",8,100,100,3449,0
2008,381,2,757,"H3","091099",8,4967,4967,47291,0
2008,381,2,757,"H3","071420",8,91500,91500,53777,0
2008,381,2,752,"H3","070519",8,277100,277100,987209,0
2008,381,2,757,"H3","070519",8,2184673,2184673,4648734,0
2008,381,2,752,"H3","080211",8,9388,9388,41635,0
2008,381,1,752,"H3","1001",8,14308,14308,3179,0
2008,381,2,752,"H3","1001",8,81166,81166,86175,0
2008,381,1,757,"H3","1001",8,24420,24420,19893,0
2008,381,2,757,"H3","1001",8,11441048,11441048,8096291,0
2008,381,2,752,"H3","100110",8,78139,78139,84908,0
2008,381,2,757,"H3","100110",8,4689980,4689980,4141475,0
2008,381,1,752,"H3","100190",8,14308,14308,3179,0
2008,381,2,752,"H3","100190",8,3027,3027,1267,0
2008,381,2,757,"H3","080211",8,6810,6810,63155,0
2008,381,2,752,"H3","080231",8,36358,36358,167201,0
2008,381,2,752,"H3","1003",8,9162,9162,2399,0
2008,381,2,757,"H3","1003",8,1411900,1411900,747928,0
2008,381,2,752,"H3","100300",8,9162,9162,2399,0
2008,381,2,757,"H3","100300",8,1411900,1411900,747928,0
2008,381,2,757,"H3","080231",8,1235,1235,9289,0
2008,381,1,757,"H3","080240",8,32004,32004,186928,0
2008,381,1,752,"H3","081190",8,1067225,1067225,4660835,0
2008,381,2,757,"H3","080240",8,2593491,2593491,15572438,0
2008,381,2,752,"H3","081190",8,297781,297781,442144,0
2008,381,1,752,"H3","1006",8,12530,12530,68691,0
2008,381,2,752,"H3","1006",8,9308952,9308952,11012665,0
2008,381,1,757,"H3","1006",8,5960,5960,8396,0
2008,381,2,757,"H3","1006",8,17078913,17078913,17538223,0
2008,381,1,752,"H3","100610",8,120,120,37354,0
2008,381,2,752,"H3","100610",8,26094,26094,44548,0
2008,381,2,757,"H3","100610",8,20030,20030,21105,0
2008,381,1,752,"H3","100620",8,12410,12410,31338,0
2008,381,2,752,"H3","100620",8,1101653,1101653,1277890,0
2008,381,1,757,"H3","100620",8,2000,2000,3832,0
2008,381,2,757,"H3","100620",8,10395126,10395126,9704584,0
2008,381,1,757,"H3","081190",8,9200,9200,38255,0
2008,381,2,757,"H3","081190",8,2435268,2435268,5793556,0
2008,381,2,752,"H3","081310",8,21815,21815,159039,0
2008,381,2,757,"H3","081310",8,504,504,6733,0
2008,381,2,757,"H3","1007",8,650320,650320,375810,0
2008,381,2,757,"H3","100700",8,650320,650320,375810,0
2008,381,2,752,"H3","1008",8,173,173,374,0
2008,381,2,752,"H3","100820",8,30,30,88,0
2008,381,1,757,"H3","060120",5,29373,942,41820,2
2008,381,2,757,"H3","060120",1,,35751,47655,0
2008,381,1,752,"H3","090121",8,51822,51822,259003,0
2008,381,2,752,"H3","090121",8,1113140,1113140,9700922,0
2008,381,2,752,"H3","1101",8,430202,430202,305429,0
2008,381,1,757,"H3","1101",8,950,950,1219,0
2008,381,2,757,"H3","1101",8,30261,30261,74984,0
2008,381,2,752,"H3","110100",8,430202,430202,305429,0
2008,381,1,757,"H3","110100",8,950,950,1219,0
2008,381,2,757,"H3","110100",8,30261,30261,74984,0
2008,381,2,752,"H3","1102",8,278604,278604,197774,0
2008,381,1,757,"H3","1102",8,92575,92575,239014,0
2008,381,2,757,"H3","1102",8,131932,131932,191693,0
2008,381,2,752,"H3","060314",8,307,307,1092,6
2008,381,2,752,"H3","110220",8,241604,241604,165107,0
2008,381,2,757,"H3","110220",8,118991,118991,172165,0
2008,381,2,752,"H3","110290",8,37000,37000,32668,0
2008,381,1,757,"H3","110290",8,92575,92575,239014,0
2008,381,2,757,"H3","110290",8,12530,12530,15300,0
2008,381,2,752,"H3","090111",8,10926,10926,68296,0
2008,381,2,752,"H3","080711",8,45433,45433,24010,0
2008,381,2,752,"H3","110311",8,55748,55748,51274,0
2008,381,2,757,"H3","110311",8,38540,38540,48766,0
2008,381,2,752,"H3","110313",8,2929156,2929156,2767320,0
2008,381,2,757,"H3","110313",8,26085,26085,29741,0
2008,381,2,757,"H3","110319",8,12000,12000,14453,0
2008,381,1,757,"H3","080711",8,60546,60546,72578,0
2008,381,2,757,"H3","080711",8,6486596,6486596,6317830,0
2008,381,1,757,"H3","090121",8,1969434,1969434,54063084,0
2008,381,2,757,"H3","090121",8,3388688,3388688,33043445,0
2008,381,1,752,"H3","081040",8,118395,118395,387002,0
2008,381,2,752,"H3","0711",8,51633,51633,267307,0
2008,381,1,757,"H3","0711",8,170,170,1424,0
2008,381,2,757,"H3","0711",8,166108,166108,262066,0
2008,381,2,752,"H3","110429",8,797,797,542,0
2008,381,2,757,"H3","110429",8,28693,28693,43286,0
2008,381,2,757,"H3","090300",8,2551,2551,8568,0
2008,381,2,752,"H3","071390",8,6774,6774,4085,0
2008,381,1,757,"H3","1105",8,3000,3000,2423,0
2008,381,2,757,"H3","1105",8,8329,8329,24688,0
2008,381,1,757,"H3","110520",8,3000,3000,2423,0
2008,381,2,757,"H3","110520",8,8329,8329,24688,0
2008,381,2,752,"H3","1106",8,247825,247825,1910865,0
2008,381,2,757,"H3","1106",8,148165,148165,937958,0
2008,381,2,757,"H3","071390",8,29373,29373,55210,0
2008,381,2,752,"H3","110630",8,247825,247825,1910865,0
2008,381,2,757,"H3","110630",8,146165,146165,931454,0
2008,381,2,752,"H3","1108",8,109400,109400,116744,0
2008,381,1,757,"H3","1108",8,3750,3750,10462,0
2008,381,2,757,"H3","1108",8,219497,219497,230194,0
2008,381,2,757,"H3","0803",8,78037,78037,76314,0
2008,381,2,752,"H3","110812",8,104000,104000,96160,0
2008,381,1,757,"H3","110812",8,3750,3750,10462,0
2008,381,2,757,"H3","110812",8,82360,82360,75046,0
2008,381,2,757,"H3","110819",8,3500,3500,8118,0
2008,381,2,752,"H3","110820",8,5400,5400,20584,0
2008,381,2,757,"H3","1109",8,24680,24680,22607,0
2008,381,2,757,"H3","110900",8,24680,24680,22607,0
2008,381,2,752,"H3","080540",8,11171,11171,20617,0
2008,381,2,757,"H3","080540",8,23883,23883,41891,0
2008,381,2,752,"H3","080719",8,113626,113626,128237,0
2008,381,1,757,"H3","080719",8,35314,35314,69878,0
2008,381,2,752,"H3","1201",8,1134300,1134300,999138,0
2008,381,2,757,"H3","1201",8,5140960,5140960,4292949,0
2008,381,2,752,"H3","120100",8,1134300,1134300,999138,0
2008,381,2,757,"H3","120100",8,5140960,5140960,4292949,0
2008,381,2,757,"H3","080719",8,2093316,2093316,3796650,0
2008,381,2,757,"H3","080720",8,596,596,3530,0
2008,381,1,757,"H3","081010",8,17252,17252,60785,0
2008,381,2,757,"H3","081010",8,3426166,3426166,13270689,0
2008,381,2,757,"H3","0903",8,2551,2551,8568,0
2008,381,2,752,"H3","090122",8,2499,2499,30826,0
2008,381,2,757,"H3","110423",8,6533800,6533800,4073669,0
2008,381,1,757,"H3","110430",8,4800,4800,20139,0
2008,381,1,757,"H3","090122",8,193783,193783,7727186,0
2008,381,2,752,"H3","1206",8,30084,30084,57118,0
2008,381,2,757,"H3","1206",8,4794640,4794640,3443033,0
2008,381,2,752,"H3","120600",8,30084,30084,57118,0
2008,381,2,757,"H3","120600",8,4794640,4794640,3443033,0
2008,381,2,752,"H3","1207",8,616,616,1517,0
2008,381,2,757,"H3","1207",8,40503,40503,202339,0
2008,381,2,757,"H3","090122",8,48870,48870,503007,0
2008,381,2,752,"H3","120740",8,616,616,1517,0
2008,381,2,757,"H3","120799",8,35998,35998,180592,0
2008,381,2,757,"H3","110430",8,190442,190442,147038,0
2008,381,2,752,"H3","0906",8,802,802,3386,0
2008,381,2,752,"H3","071310",8,83480,83480,220608,0
2008,381,2,757,"H3","071310",8,746900,746900,464325,0
2008,381,2,757,"H3","110811",8,133637,133637,147030,0
2008,381,1,752,"H3","0801",8,1677,1677,1305,0
2008,381,2,752,"H3","0801",8,171245,171245,1257844,0
2008,381,1,752,"H3","080119",8,1677,1677,1305,0
2008,381,2,752,"H3","080121",8,12102,12102,61092,0
2008,381,2,752,"H3","080132",8,120989,120989,898955,0
2008,381,1,757,"H3","120922",8,960,960,7629,0
2008,381,2,752,"H3","120923",8,5375,5375,28626,0
2008,381,2,752,"H3","0802",8,934308,934308,7005112,0
2008,381,1,757,"H3","0802",8,114054,114054,1450927,0
2008,381,2,752,"H3","120929",8,4911,4911,78860,0
2008,381,1,757,"H3","120929",8,6012,6012,45984,0
2008,381,2,757,"H3","120929",8,78910,78910,126853,0
2008,381,2,752,"H3","120930",8,40,40,2255,0
2008,381,1,757,"H3","120930",8,653,653,109258,0
2008,381,2,757,"H3","120930",8,5655,5655,41104,0
2008,381,2,757,"H3","0802",8,5409067,5409067,43405320,0
2008,381,2,752,"H3","080232",8,66654,66654,896543,0
2008,381,2,757,"H3","080232",8,4693,4693,37284,0
2008,381,1,757,"H3","120999",8,3021,3021,36226,0
2008,381,2,757,"H3","120999",8,84855,84855,302773,0
2008,381,2,752,"H3","080430",8,151,151,192,0
2008,381,2,757,"H3","080430",8,34075,34075,52293,0
2008,381,2,752,"H3","081330",8,37086,37086,432765,0
2008,381,2,757,"H3","081330",8,114844,114844,1283319,0
2008,381,2,752,"H3","081350",8,272508,272508,1599827,0
2008,381,2,757,"H3","110210",8,411,411,4228,0
2008,381,1,752,"H3","121190",8,17,17,64968,0
2008,381,2,752,"H3","121190",8,1210,1210,5108,0
2008,381,1,757,"H3","121190",8,4276,4276,21825,0
2008,381,2,757,"H3","121190",8,87652,87652,381987,0
2008,381,2,752,"H3","1212",8,10,10,35,0
2008,381,1,757,"H3","1212",8,2100,2100,1094,0
2008,381,2,757,"H3","1212",8,595954,595954,1927381,0
2008,381,2,757,"H3","121220",8,38,38,3444,0
2008,381,2,752,"H3","1103",8,2984904,2984904,2818594,0
2008,381,2,757,"H3","081350",8,6809,6809,33748,0
2008,381,2,757,"H3","1103",8,76625,76625,92961,0
2008,381,2,757,"H3","120210",8,75552,75552,256786,0
2008,381,2,752,"H3","110412",8,576,576,1133,0
2008,381,2,752,"H3","110419",8,3456,3456,6799,0
2008,381,1,752,"H3","090122",8,7398,7398,59335,0
2008,381,2,752,"H3","081010",8,332081,332081,1171471,0
2008,381,2,752,"H3","120220",8,10150,10150,18245,0
2008,381,2,752,"H3","1214",8,90,90,142,0
2008,381,1,757,"H3","1214",8,505908,505908,465225,0
2008,381,2,757,"H3","1214",8,11877126,11877126,3519227,0
2008,381,2,757,"H3","121410",8,565400,565400,193637,0
2008,381,2,752,"H3","121490",8,90,90,142,0
2008,381,1,757,"H3","121490",8,505908,505908,465225,0
2008,381,2,757,"H3","121490",8,11311726,11311726,3325590,0
2008,381,2,757,"H3","110419",8,46770,46770,16476,0
2008,381,2,757,"H3","120300",8,22880,22880,6081,0
2008,381,2,757,"H3","120910",8,140,140,1592,0
2008,381,1,752,"H3","0811",8,1067225,1067225,4660835,0
2008,381,2,752,"H3","0811",8,298399,298399,443050,0
2008,381,1,757,"H3","0811",8,9200,9200,38255,0
2008,381,2,757,"H3","0811",8,2450463,2450463,5940623,0
2008,381,2,752,"H3","130120",8,2487,2487,4478,0
2008,381,1,757,"H3","130120",8,9656,9656,60347,0
2008,381,2,757,"H3","130120",8,4400,4400,19812,0
2008,381,2,752,"H3","1202",8,10150,10150,18245,0
2008,381,2,757,"H3","1202",8,75552,75552,256786,0
2008,381,2,757,"H3","1203",8,22880,22880,6081,0
2008,381,1,757,"H3","1208",8,4500,4500,8237,0
2008,381,2,757,"H3","1208",8,34150,34150,39360,0
2008,381,2,757,"H3","1205",8,1954330,1954330,1775194,0
2008,381,2,757,"H3","1302",8,193080,193080,6872594,0
2008,381,2,752,"H3","130212",8,638,638,14004,0
2008,381,1,757,"H3","130212",8,59,59,3583,0
2008,381,2,757,"H3","130212",8,2820,2820,38496,0
2008,381,2,752,"H3","070970",8,203812,203812,440100,0
2008,381,1,757,"H3","070190",8,22380,22380,5932,0
2008,381,2,757,"H3","070970",8,80981,80981,308919,0
2008,381,2,757,"H3","110422",8,6000,6000,5609,0
2008,381,2,757,"H3","120510",8,220240,220240,203713,0
2008,381,2,757,"H3","120590",8,1734090,1734090,1571481,0
2008,381,2,752,"H3","130232",8,1600,1600,13572,0
2008,381,1,757,"H3","130232",8,868335,868335,2408660,0
2008,381,2,757,"H3","130232",8,82650,82650,567950,0
2008,381,1,752,"H3","130239",8,101295,101295,1095722,0
2008,381,2,752,"H3","130239",8,19250,19250,178970,0
2008,381,1,757,"H3","130239",8,17245,17245,80196,0
2008,381,2,757,"H3","130239",8,35300,35300,176239,0
2008,381,1,752,"H3","14",1,,,61683,0
2008,381,2,752,"H3","14",1,,,35368,0
2008,381,1,757,"H3","14",1,,,5262,0
2008,381,2,757,"H3","14",1,,,134606,0
2008,381,2,752,"H3","1401",8,2,2,12,0
2008,381,2,757,"H3","1401",8,93311,93311,103564,0
2008,381,2,757,"H3","140110",8,10616,10616,41512,0
2008,381,2,752,"H3","140190",8,2,2,12,0
2008,381,2,757,"H3","140190",8,82695,82695,62052,0
2008,381,1,752,"H3","1404",8,59825,59825,46912,0
2008,381,2,752,"H3","1404",8,15309,15309,35356,0
2008,381,1,757,"H3","1404",8,6080,6080,5262,0
2008,381,2,757,"H3","1404",8,21148,21148,31042,0
2008,381,1,752,"H3","140490",8,59825,59825,46912,0
2008,381,2,752,"H3","140490",8,15309,15309,35356,0
2008,381,1,757,"H3","140490",8,6080,6080,5262,0
2008,381,2,757,"H3","140490",8,21148,21148,31042,0
2008,381,2,757,"H3","120720",8,4505,4505,21747,0
2008,381,2,757,"H3","071151",8,99,99,4234,0
2008,381,2,752,"H3","1302",8,24095,24095,293832,0
2008,381,1,752,"H3","090190",8,561,561,6063,0
2008,381,2,757,"H3","070190",8,461746,461746,381946,0
2008,381,2,752,"H3","081050",8,4299729,4299729,7238955,0
2008,381,2,752,"H3","090190",8,1,1,16,0
2008,381,2,757,"H3","090190",8,25212,25212,237588,0
2008,381,1,757,"H3","13",1,,,4280108,0
2008,381,1,757,"H3","1302",8,924225,924225,4034589,0
2008,381,1,757,"H3","120810",8,4500,4500,8237,0
2008,381,2,752,"H3","090611",8,802,802,3386,0
2008,381,2,757,"H3","120810",8,34150,34150,39360,0
2008,381,2,752,"H3","1209",8,96567,96567,372473,0
2008,381,1,752,"H3","1504",8,203,203,3709,0
2008,381,2,752,"H3","1504",8,2192,2192,175810,0
2008,381,1,752,"H3","150420",8,203,203,3709,0
2008,381,2,752,"H3","150420",8,2192,2192,175810,0
2008,381,1,752,"H3","1505",8,285,285,2305,0
2008,381,2,752,"H3","1505",8,285,285,4582,0
2008,381,2,757,"H3","1505",8,120,120,2863,0
2008,381,1,752,"H3","150500",8,285,285,2305,0
2008,381,2,752,"H3","150500",8,285,285,4582,0
2008,381,2,757,"H3","150500",8,120,120,2863,0
2008,381,2,757,"H3","110620",8,2000,2000,6504,0
2008,381,2,757,"H3","0908",8,21931,21931,231138,0
2008,381,2,757,"H3","090810",8,21931,21931,231138,0
2008,381,1,757,"H3","1209",8,10674,10674,204935,0
2008,381,1,752,"H3","1507",8,95600,95600,620086,0
2008,381,2,752,"H3","1507",8,9,9,19,0
2008,381,1,757,"H3","1507",8,42750,42750,66728,0
2008,381,2,757,"H3","1507",8,2423119,2423119,3163208,0
2008,381,1,757,"H3","150710",8,42750,42750,66728,0
2008,381,2,757,"H3","150710",8,2377560,2377560,3102007,0
2008,381,1,752,"H3","150790",8,95600,95600,620086,0
2008,381,2,752,"H3","150790",8,9,9,19,0
2008,381,2,757,"H3","150790",8,45559,45559,61201,0
2008,381,2,752,"H3","1508",8,20829,20829,69988,0
2008,381,2,757,"H3","1508",8,22552,22552,68693,0
2008,381,1,752,"H3","10",1,,,78395,0
2008,381,2,752,"H3","150890",8,20829,20829,69988,0
2008,381,2,757,"H3","150890",8,19552,19552,59213,0
2008,381,2,752,"H3","10",1,,,11266114,0
2008,381,2,757,"H3","1209",8,555601,555601,1456130,0
2008,381,2,757,"H3","13",1,,,6908048,0
2008,381,1,757,"H3","10",1,,,43958,0
2008,381,2,752,"H3","120921",8,3650,3650,15857,0
2008,381,2,757,"H3","10",1,,,29264703,0
2008,381,1,757,"H3","081050",8,2400,2400,4229,0
2008,381,2,757,"H3","081050",8,4789358,4789358,9475284,0
2008,381,2,757,"H3","120921",8,312810,312810,337900,0
2008,381,2,752,"H3","1510",8,65306,65306,263722,0
2008,381,2,757,"H3","1510",8,9434,9434,28736,0
2008,381,2,752,"H3","1301",8,2503,2503,4563,0
2008,381,1,757,"H3","1301",8,39236,39236,245519,0
2008,381,1,752,"H3","1511",8,833390,833390,1830104,0
2008,381,2,752,"H3","1511",8,190,190,191,0
2008,381,2,757,"H3","1511",8,7546,7546,22111,0
2008,381,1,752,"H3","151190",8,833390,833390,1830104,0
2008,381,2,752,"H3","151190",8,190,190,191,0
2008,381,2,757,"H3","151190",8,7546,7546,22111,0
2008,381,1,752,"H3","1512",8,1620,1620,15840,0
2008,381,2,752,"H3","1512",8,200077,200077,461799,0
2008,381,1,757,"H3","1512",8,913278,913278,1792098,0
2008,381,2,757,"H3","1512",8,1647553,1647553,2967570,0
2008,381,2,752,"H3","151211",8,947,947,7646,0
2008,381,1,757,"H3","151211",8,322590,322590,468530,0
2008,381,2,757,"H3","151211",8,441586,441586,767410,0
2008,381,2,752,"H3","151219",8,199130,199130,454152,0
2008,381,1,757,"H3","151219",8,590688,590688,1323568,0
2008,381,2,757,"H3","151219",8,1205963,1205963,2198583,0
2008,381,1,752,"H3","151221",8,1620,1620,15840,0
2008,381,2,757,"H3","151221",8,4,4,1577,0
2008,381,2,752,"H3","120925",8,63200,63200,103919,0
2008,381,2,757,"H3","120925",8,13234,13234,62642,0
2008,381,2,752,"H3","120991",8,19391,19391,142956,0
2008,381,1,757,"H3","120991",8,28,28,5838,0
2008,381,1,752,"H3","1514",8,14251,14251,13994,0
2008,381,2,752,"H3","1514",8,1827251,1827251,3704064,0
2008,381,1,757,"H3","1514",8,18600,18600,31770,0
2008,381,2,757,"H3","1514",8,993810,993810,1624202,0
2008,381,1,757,"H3","151411",8,16740,16740,28601,0
2008,381,2,757,"H3","151411",8,734330,734330,1155534,0
2008,381,1,757,"H3","100190",8,24420,24420,19893,0
2008,381,2,757,"H3","100190",8,6751068,6751068,3954815,0
2008,381,1,757,"H3","1005",8,1270,1270,15670,0
2008,381,2,757,"H3","1301",8,5154,5154,35454,0
2008,381,2,757,"H3","1005",8,5154797,5154797,2506451,0
2008,381,2,757,"H3","120991",8,59997,59997,583266,0
2008,381,1,752,"H3","1515",8,1008436,1008436,5906545,0
2008,381,2,752,"H3","1515",8,210161,210161,522907,0
2008,381,1,757,"H3","1515",8,80846,80846,559723,0
2008,381,2,757,"H3","1515",8,269456,269456,982383,0
2008,381,1,757,"H3","151511",8,13707,13707,79168,0
2008,381,2,757,"H3","151511",8,227,227,2716,0
2008,381,1,752,"H3","1211",8,17,17,64968,0
2008,381,1,757,"H3","100510",8,1270,1270,15670,0
2008,381,2,752,"H3","130190",8,16,16,85,0
2008,381,2,757,"H3","100510",8,3461,3461,21453,0
2008,381,2,752,"H3","151529",8,152339,152339,353124,0
2008,381,1,757,"H3","151529",8,39302,39302,103308,0
2008,381,2,757,"H3","151529",8,26060,26060,65742,0
2008,381,2,757,"H3","100590",8,5151336,5151336,2484997,0
2008,381,1,752,"H3","151550",8,1236,1236,2518,0
2008,381,2,752,"H3","151550",8,129,129,843,0
2008,381,1,757,"H3","151550",8,9260,9260,68882,0
2008,381,2,757,"H3","151550",8,580,580,1866,0
2008,381,1,752,"H3","151590",8,1007200,1007200,5904027,0
2008,381,2,752,"H3","151590",8,3478,3478,14333,0
2008,381,1,757,"H3","151590",8,17164,17164,234380,0
2008,381,2,757,"H3","151590",8,137988,137988,705264,0
2008,381,1,752,"H3","1516",8,29159,29159,152406,0
2008,381,2,752,"H3","1516",8,7395,7395,80284,0
2008,381,1,757,"H3","1516",8,5616,5616,16900,0
2008,381,2,757,"H3","1516",8,47763,47763,160570,0
2008,381,1,752,"H3","151620",8,29159,29159,152406,0
2008,381,2,752,"H3","151620",8,7395,7395,80284,0
2008,381,1,757,"H3","151620",8,5616,5616,16900,0
2008,381,2,757,"H3","151620",8,47763,47763,160570,0
2008,381,1,752,"H3","1517",8,90037,90037,517141,0
2008,381,2,752,"H3","1517",8,647717,647717,1374125,0
2008,381,1,757,"H3","1517",8,4845,4845,41579,0
2008,381,2,757,"H3","1517",8,17408,17408,48554,0
2008,381,2,752,"H3","100630",8,8181205,8181205,9690227,0
2008,381,1,757,"H3","100630",8,3960,3960,4563,0
2008,381,1,752,"H3","12",1,,,85164,0
2008,381,2,757,"H3","080300",8,78037,78037,76314,0
2008,381,2,752,"H3","080410",8,5622,5622,46636,0
2008,381,2,757,"H3","080410",8,702,702,16666,0
2008,381,1,752,"H3","1518",8,7246,7246,10118,0
2008,381,2,752,"H3","1518",8,6148,6148,5522,0
2008,381,2,757,"H3","1518",8,613920,613920,1235109,0
2008,381,1,752,"H3","151800",8,7246,7246,10118,0
2008,381,2,752,"H3","151800",8,6148,6148,5522,0
2008,381,2,757,"H3","151800",8,613920,613920,1235109,0
2008,381,1,752,"H3","1520",8,916623,916623,923105,0
2008,381,2,752,"H3","1520",8,5,5,440,0
2008,381,2,757,"H3","1520",8,49140,49140,81526,0
2008,381,1,752,"H3","152000",8,916623,916623,923105,0
2008,381,2,752,"H3","152000",8,5,5,440,0
2008,381,2,757,"H3","152000",8,49140,49140,81526,0
2008,381,1,752,"H3","1521",8,480,480,2552,0
2008,381,2,757,"H3","1521",8,2483,2483,17916,0
2008,381,1,752,"H3","152190",8,480,480,2552,0
2008,381,2,757,"H3","152190",8,2483,2483,17916,0
2008,381,2,752,"H3","1211",8,1230,1230,5685,0
2008,381,1,757,"H3","1211",8,4276,4276,21825,0
2008,381,2,757,"H3","100630",8,6592257,6592257,7755193,0
2008,381,2,757,"H3","100640",8,71500,71500,57341,0
2008,381,2,752,"H3","100890",8,143,143,286,0
2008,381,2,757,"H3","1211",8,107886,107886,1601152,0
2008,381,2,752,"H3","121120",8,20,20,577,0
2008,381,2,752,"H3","11",1,,,5452830,0
2008,381,1,757,"H3","11",1,,,273256,0
2008,381,2,757,"H3","121120",8,20234,20234,1219165,0
2008,381,1,752,"H3","160100",8,226343,226343,1027603,0
2008,381,2,752,"H3","160100",8,620681,620681,7094269,0
2008,381,1,757,"H3","160100",8,12689,12689,122848,0
2008,381,2,757,"H3","160100",8,2833479,2833479,47277524,0
2008,381,1,752,"H3","1602",8,625152,625152,2607770,0
2008,381,2,752,"H3","1602",8,139405,139405,1238430,0
2008,381,1,757,"H3","1602",8,10897,10897,124983,0
2008,381,2,757,"H3","1602",8,809101,809101,8859710,0
2008,381,2,752,"H3","160210",8,412,412,1688,0
2008,381,2,757,"H3","160210",8,7710,7710,83238,0
2008,381,2,752,"H3","160220",8,3,3,68,0
2008,381,2,752,"H3","160231",8,1044,1044,10618,0
2008,381,2,757,"H3","160231",8,1863,1863,14958,0
2008,381,2,752,"H3","12",1,,,1468289,0
2008,381,1,757,"H3","12",1,,,708096,0
2008,381,2,752,"H3","080590",8,73,73,138,0
2008,381,2,757,"H3","080590",8,53475,53475,117969,0
2008,381,2,757,"H3","11",1,,,5861162,0
2008,381,2,752,"H3","121299",8,10,10,35,0
2008,381,2,752,"H3","160241",8,97830,97830,773209,0
2008,381,1,757,"H3","160241",8,1561,1561,25170,0
2008,381,2,757,"H3","160241",8,220666,220666,3499406,0
2008,381,2,752,"H3","160242",8,10737,10737,45624,0
2008,381,2,757,"H3","160242",8,1244,1244,6649,0
2008,381,1,752,"H3","160249",8,139355,139355,563395,0
2008,381,2,752,"H3","160249",8,17363,17363,192050,0
2008,381,2,757,"H3","160249",8,4127,4127,93622,0
2008,381,1,752,"H3","160250",8,244960,244960,1005372,0
2008,381,2,752,"H3","160250",8,9901,9901,189165,0
2008,381,1,757,"H3","160250",8,2209,2209,37333,0
2008,381,2,757,"H3","160250",8,505058,505058,4587602,0
2008,381,2,752,"H3","160290",8,1239,1239,19755,0
2008,381,1,757,"H3","160290",8,3227,3227,48019,0
2008,381,2,757,"H3","160290",8,18073,18073,337363,0
2008,381,2,752,"H3","1603",8,54568,54568,234286,0
2008,381,2,757,"H3","1603",8,16841,16841,45991,0
2008,381,2,752,"H3","160300",8,54568,54568,234286,0
2008,381,2,757,"H3","160300",8,16841,16841,45991,0
2008,381,1,757,"H3","121299",8,2100,2100,1094,0
2008,381,2,757,"H3","121299",8,595916,595916,1923936,0
2008,381,2,752,"H3","1213",8,70836,70836,13936,0
2008,381,2,752,"H3","0807",8,159059,159059,152247,0
2008,381,1,752,"H3","160411",8,81914,81914,676511,0
2008,381,1,757,"H3","160411",8,87,87,1734,0
2008,381,2,757,"H3","160411",8,12961,12961,113141,0
2008,381,1,752,"H3","160412",8,19883,19883,97930,0
2008,381,2,752,"H3","160412",8,390,390,4747,0
2008,381,2,752,"H3","160413",8,262,262,2075,0
2008,381,2,757,"H3","160413",8,7956,7956,111987,0
2008,381,2,752,"H3","160414",8,5098,5098,53484,0
2008,381,2,757,"H3","160414",8,474705,474705,4015126,0
2008,381,2,752,"H3","160416",8,10818,10818,158960,0
2008,381,2,757,"H3","160416",8,18324,18324,229021,0
2008,381,2,752,"H3","160419",8,6,6,70,0
2008,381,2,757,"H3","160419",8,15582,15582,221909,0
2008,381,1,752,"H3","160420",8,42949,42949,477204,0
2008,381,2,752,"H3","160420",8,831,831,9697,0
2008,381,2,757,"H3","160420",8,26315,26315,369140,0
2008,381,1,752,"H3","160430",8,71844,71844,664298,0
2008,381,2,752,"H3","160430",8,179,179,4158,0
2008,381,2,757,"H3","160430",8,555,555,352385,0
2008,381,1,757,"H3","0807",8,95860,95860,142456,0
2008,381,2,757,"H3","0807",8,8580508,8580508,10118009,0
2008,381,2,752,"H3","1104",8,4829,4829,8474,0
2008,381,1,757,"H3","1104",8,4800,4800,20139,0
2008,381,2,757,"H3","1104",8,6805705,6805705,4286077,0
2008,381,1,752,"H3","160520",8,99252,99252,1050129,0
2008,381,2,757,"H3","160520",8,210,210,3022,0
2008,381,2,752,"H3","160590",8,13980,13980,179547,0
2008,381,2,757,"H3","160590",8,137568,137568,1521738,0
2008,381,2,757,"H3","12",1,,,21211576,0
2008,381,1,757,"H3","130190",8,29580,29580,185172,0
2008,381,2,757,"H3","130190",8,754,754,15642,0
2008,381,1,757,"H3","1213",8,18364,18364,6781,0
2008,381,2,752,"H3","1701",8,14869,14869,37438,0
2008,381,1,757,"H3","1701",8,124945,124945,277796,0
2008,381,2,757,"H3","1701",8,3093773,3093773,1126556,0
2008,381,2,752,"H3","170111",8,2663,2663,12762,0
2008,381,2,757,"H3","170111",8,11422,11422,37916,0
2008,381,2,757,"H3","1213",8,15947957,15947957,2691945,0
2008,381,1,752,"H3","0810",8,118395,118395,387002,0
2008,381,2,757,"H3","170191",8,302,302,1850,0
2008,381,2,752,"H3","170199",8,12076,12076,24444,0
2008,381,1,757,"H3","170199",8,123945,123945,274497,0
2008,381,2,757,"H3","170199",8,3082049,3082049,1086790,0
2008,381,2,752,"H3","0810",8,4639268,4639268,8513190,0
2008,381,1,757,"H3","0810",8,19652,19652,65013,0
2008,381,2,757,"H3","0810",8,10017450,10017450,27042063,0
2008,381,2,752,"H3","070190",8,184855,184855,127245,0
2008,381,2,752,"H3","170211",8,8000,8000,12662,0
2008,381,1,757,"H3","170211",8,12200,12200,54098,0
2008,381,2,757,"H3","170211",8,43430,43430,139614,0
2008,381,1,752,"H3","13",1,,,1329630,0
2008,381,1,752,"H3","1302",8,107165,107165,1279461,0
2008,381,2,757,"H3","081020",8,80646,80646,465014,0
2008,381,2,752,"H3","13",1,,,298395,0
2008,381,2,757,"H3","130213",8,7201,7201,255827,0
2008,381,1,752,"H3","15",1,,,10023484,0
2008,381,1,757,"H3","170240",8,300,300,8960,0
2008,381,2,757,"H3","170240",8,693360,693360,186293,0
2008,381,2,752,"H3","15",1,,,31589537,0
2008,381,1,752,"H3","170290",8,17783,17783,52508,0
2008,381,2,752,"H3","170290",8,704,704,2324,0
2008,381,1,757,"H3","170290",8,10761,10761,109968,0
2008,381,2,757,"H3","170290",8,24801,24801,41806,0
2008,381,1,757,"H3","15",1,,,2550263,0
2008,381,2,757,"H3","15",1,,,65242633,0
2008,381,1,752,"H3","1501",8,22,22,22,0
2008,381,2,752,"H3","1501",8,147,147,110,0
2008,381,2,752,"H3","170410",8,1055,1055,16460,0
2008,381,1,757,"H3","170410",8,2558,2558,24942,0
2008,381,2,757,"H3","170410",8,6305,6305,58593,0
2008,381,2,757,"H3","1501",8,291300,291300,317689,0
2008,381,1,752,"H3","150100",8,22,22,22,0
2008,381,2,752,"H3","150100",8,147,147,110,0
2008,381,2,757,"H3","150100",8,291300,291300,317689,0
2008,381,1,752,"H3","1502",8,11787,11787,5540,0
2008,381,2,757,"H3","1502",8,96200,96200,73005,0
2008,381,1,757,"H3","150600",8,10500,10500,1747,0
2008,381,2,757,"H3","150600",8,24500,24500,25180,0
2008,381,2,752,"H3","151000",8,65306,65306,263722,0
2008,381,2,757,"H3","151000",8,9434,9434,28736,0
2008,381,1,757,"H3","1803",8,20860,20860,206305,0
2008,381,1,752,"H3","1513",8,12533,12533,20017,0
2008,381,1,752,"H3","1804",8,400,400,4599,0
2008,381,2,757,"H3","1804",8,198540,198540,1801259,0
2008,381,1,752,"H3","180400",8,400,400,4599,0
2008,381,2,757,"H3","180400",8,198540,198540,1801259,0
2008,381,2,757,"H3","1513",8,10800,10800,22509,0
2008,381,2,757,"H3","151319",8,10800,10800,22509,0
2008,381,2,757,"H3","151499",8,10500,10500,15879,0
2008,381,2,752,"H3","180500",8,740,740,2083,0
2008,381,1,757,"H3","180500",8,1332,1332,12059,0
2008,381,2,757,"H3","180500",8,95215,95215,499280,0
2008,381,2,757,"H3","151530",8,2263,2263,5767,0
2008,381,2,752,"H3","152200",8,16159,16159,3274,0
2008,381,1,752,"H3","16",1,,,6666083,0
2008,381,2,752,"H3","16",1,,,9236075,0
2008,381,1,752,"H3","180610",8,523,523,2710,0
2008,381,2,752,"H3","180610",8,1345,1345,9286,0
2008,381,2,757,"H3","180610",8,1286,1286,13048,0
2008,381,1,752,"H3","180620",8,4816,4816,23512,0
2008,381,2,752,"H3","180620",8,174888,174888,683473,0
2008,381,1,757,"H3","180620",8,76616,76616,391272,0
2008,381,2,757,"H3","180620",8,17300,17300,132592,0
2008,381,1,757,"H3","16",1,,,249565,0
2008,381,2,757,"H3","16",1,,,63122179,0
2008,381,1,752,"H3","1601",8,226343,226343,1027603,0
2008,381,1,752,"H3","180632",8,6675,6675,38809,0
2008,381,2,752,"H3","180632",8,50823,50823,561980,0
2008,381,1,757,"H3","180632",8,2883765,2883765,18542790,0
2008,381,2,757,"H3","180632",8,60484,60484,595511,0
2008,381,1,752,"H3","180690",8,157738,157738,1088617,0
2008,381,2,752,"H3","180690",8,677060,677060,4580338,0
2008,381,1,757,"H3","180690",8,464298,464298,5439223,0
2008,381,2,757,"H3","180690",8,3301214,3301214,20684655,0
2008,381,2,752,"H3","1601",8,620681,620681,7094269,0
2008,381,1,757,"H3","1601",8,12689,12689,122848,0
2008,381,2,757,"H3","1601",8,2833479,2833479,47277524,0
2008,381,2,752,"H3","170112",8,130,130,232,0
2008,381,1,757,"H3","170112",8,1000,1000,3299,0
2008,381,2,752,"H3","121300",8,70836,70836,13936,0
2008,381,1,757,"H3","121300",8,18364,18364,6781,0
2008,381,2,757,"H3","121300",8,15947957,15947957,2691945,0
2008,381,1,752,"H3","190110",8,88124,88124,213126,0
2008,381,1,757,"H3","190110",8,173384,173384,1864983,0
2008,381,2,757,"H3","190110",8,5611,5611,33857,0
2008,381,1,752,"H3","190120",8,176911,176911,581758,0
2008,381,2,752,"H3","190120",8,180165,180165,410014,0
2008,381,1,757,"H3","190120",8,13571790,13571790,36001003,0
2008,381,2,757,"H3","190120",8,665261,665261,1828305,0
2008,381,1,752,"H3","190190",8,5369,5369,17543,0
2008,381,2,752,"H3","190190",8,95623,95623,162979,0
2008,381,1,757,"H3","190190",8,1153185,1153185,5402775,0
2008,381,2,757,"H3","190190",8,139784,139784,856741,0
2008,381,2,752,"H3","1902",8,45612838,45612838,75994648,0
2008,381,1,757,"H3","1902",8,1868150,1868150,6301421,0
2008,381,2,757,"H3","1902",8,30060125,30060125,68138862,0
2008,381,2,752,"H3","190211",8,2207260,2207260,5940933,0
2008,381,1,757,"H3","190211",8,424,424,2370,0
2008,381,2,757,"H3","190211",8,2148158,2148158,7175299,0
2008,381,2,752,"H3","190219",8,39742780,39742780,56714408,0
2008,381,1,757,"H3","190219",8,19851,19851,37220,0
2008,381,2,757,"H3","190219",8,22856236,22856236,42049869,0
2008,381,2,752,"H3","190220",8,2417028,2417028,10664293,0
2008,381,1,757,"H3","190220",8,1847125,1847125,6258160,0
2008,381,2,757,"H3","190220",8,2020342,2020342,12723129,0
2008,381,1,752,"H3","130219",8,5870,5870,183738,0
2008,381,2,752,"H3","130219",8,2607,2607,87286,0
2008,381,1,757,"H3","130219",8,37986,37986,1529700,0
2008,381,2,752,"H3","190240",8,589568,589568,892144,0
2008,381,2,757,"H3","190240",8,24517,24517,108318,0
2008,381,2,757,"H3","130219",8,65109,65109,5834081,0
2008,381,1,752,"H3","151311",8,12533,12533,20017,0
2008,381,1,752,"H3","151419",8,14251,14251,13994,0
2008,381,2,752,"H3","151419",8,1827251,1827251,3704064,0
2008,381,2,752,"H3","190410",8,142244,142244,370471,0
2008,381,1,757,"H3","190410",8,126302,126302,355531,0
2008,381,2,757,"H3","190410",8,122932,122932,279568,0
2008,381,1,752,"H3","190420",8,74252,74252,269358,0
2008,381,2,752,"H3","190420",8,16459,16459,95025,0
2008,381,2,757,"H3","190420",8,85616,85616,608060,0
2008,381,2,752,"H3","190490",8,139572,139572,299180,0
2008,381,2,757,"H3","190490",8,202737,202737,867399,0
2008,381,1,757,"H3","151419",8,1860,1860,3169,0
2008,381,2,757,"H3","151419",8,227480,227480,415857,0
2008,381,1,752,"H3","19",1,,,12603586,0
2008,381,2,752,"H3","19",1,,,90549284,0
2008,381,1,752,"H3","190510",8,804231,804231,2545265,0
2008,381,1,757,"H3","19",1,,,54174685,0
2008,381,2,757,"H3","19",1,,,141453249,0
2008,381,2,752,"H3","190520",8,152,152,837,0
2008,381,2,757,"H3","190520",8,20703,20703,213662,0
2008,381,2,752,"H3","160239",8,735,735,5440,0
2008,381,2,757,"H3","160239",8,705,705,3621,0
2008,381,1,752,"H3","160510",8,1193,1193,23723,0
2008,381,2,757,"H3","160510",8,100,100,1484,0
2008,381,1,752,"H3","17",1,,,781311,0
2008,381,2,752,"H3","17",1,,,2468957,0
2008,381,1,757,"H3","17",1,,,5098564,0
2008,381,1,752,"H3","190540",8,877637,877637,3818949,0
2008,381,2,752,"H3","190540",8,288338,288338,1849155,0
2008,381,1,757,"H3","190540",8,10250,10250,167881,0
2008,381,2,757,"H3","190540",8,330206,330206,2143944,0
2008,381,1,752,"H3","190590",8,1062448,1062448,5058330,0
2008,381,2,752,"H3","190590",8,1437944,1437944,6391651,0
2008,381,1,757,"H3","190590",8,83082,83082,549920,0
2008,381,2,757,"H3","190590",8,9934412,9934412,56432779,0
2008,381,2,757,"H3","17",1,,,8599220,0
2008,381,1,752,"H3","1901",8,270404,270404,812427,0
2008,381,2,752,"H3","1901",8,275788,275788,572993,0
2008,381,1,757,"H3","1901",8,14898359,14898359,43268761,0
2008,381,2,757,"H3","1901",8,810656,810656,2718903,0
2008,381,2,757,"H3","170230",8,6932410,6932410,5167082,0
2008,381,1,752,"H3","1704",8,113814,113814,571149,0
2008,381,2,752,"H3","1704",8,708570,708570,1700060,0
2008,381,1,757,"H3","1704",8,508493,508493,4628923,0
2008,381,2,757,"H3","1704",8,185768,185768,1934798,0
2008,381,1,757,"H3","1506",8,10500,10500,1747,0
2008,381,2,757,"H3","1506",8,24500,24500,25180,0
2008,381,2,752,"H3","1509",8,4279297,4279297,24387424,0
2008,381,1,757,"H3","1509",8,5959,5959,39717,0
2008,381,2,757,"H3","1509",8,7886876,7886876,54400809,0
2008,381,2,752,"H3","150910",8,3673533,3673533,21669789,0
2008,381,1,757,"H3","150910",8,1359,1359,20395,0
2008,381,2,757,"H3","150910",8,7294207,7294207,51147484,0
2008,381,1,757,"H3","180310",8,20860,20860,206305,0
2008,381,1,752,"H3","1905",8,2750620,2750620,11463246,0
2008,381,2,752,"H3","1905",8,2457342,2457342,11479314,0
2008,381,1,757,"H3","1905",8,422406,422406,4248973,0
2008,381,2,757,"H3","151491",8,21500,21500,36933,0
2008,381,2,752,"H3","1522",8,16159,16159,3274,0
2008,381,2,752,"H3","2003",8,16020,16020,174075,0
2008,381,2,757,"H3","2003",8,80513,80513,1379095,0
2008,381,2,752,"H3","200310",8,12605,12605,107922,0
2008,381,2,757,"H3","200310",8,44416,44416,439140,0
2008,381,2,752,"H3","200320",8,242,242,35099,0
2008,381,2,757,"H3","200320",8,7365,7365,688263,0
2008,381,2,757,"H3","1905",8,12180648,12180648,68840457,0
2008,381,1,752,"H3","190531",8,6304,6304,40703,0
2008,381,1,752,"H3","160232",8,240837,240837,1039003,0
2008,381,2,752,"H3","160232",8,141,141,813,0
2008,381,1,757,"H3","160232",8,3900,3900,14461,0
2008,381,2,757,"H3","160232",8,49655,49655,233251,0
2008,381,2,752,"H3","190531",8,673023,673023,3024946,0
2008,381,1,757,"H3","190531",8,296228,296228,3184998,0
2008,381,1,752,"H3","1605",8,100445,100445,1073852,0
2008,381,2,752,"H3","1605",8,13980,13980,179547,0
2008,381,1,752,"H3","200490",8,77030,77030,197563,0
2008,381,2,752,"H3","200490",8,53111,53111,225246,0
2008,381,2,757,"H3","200490",8,162366,162366,1028291,0
2008,381,2,757,"H3","1605",8,137878,137878,1526244,0
2008,381,2,757,"H3","190531",8,1649177,1649177,8502182,0
2008,381,2,752,"H3","190532",8,51738,51738,186732,0
2008,381,1,757,"H3","190532",8,32846,32846,346173,0
2008,381,2,752,"H3","200510",8,3290,3290,7908,0
2008,381,2,757,"H3","200510",8,3786,3786,35435,0
2008,381,1,752,"H3","200520",8,373374,373374,1306247,0
2008,381,2,752,"H3","200520",8,10240,10240,17892,0
2008,381,1,757,"H3","200520",8,70882,70882,106506,0
2008,381,2,757,"H3","200520",8,290674,290674,1762247,0
2008,381,2,752,"H3","200540",8,115214,115214,77539,0
2008,381,2,757,"H3","200540",8,50640,50640,29740,0
2008,381,2,757,"H3","190532",8,138912,138912,956049,0
2008,381,1,752,"H3","170230",8,32000,32000,98464,0
2008,381,2,752,"H3","170230",8,611975,611975,681533,0
2008,381,1,757,"H3","170230",8,10630,10630,16965,0
2008,381,2,752,"H3","200559",8,3815549,3815549,2828843,0
2008,381,2,757,"H3","200559",8,193994,193994,214600,0
2008,381,2,757,"H3","150810",8,3000,3000,9480,0
2008,381,2,752,"H3","200570",8,115165,115165,1020292,0
2008,381,2,757,"H3","200570",8,162425,162425,936101,0
2008,381,2,752,"H3","200580",8,1354,1354,1834,0
2008,381,2,757,"H3","200580",8,676788,676788,1057832,0
2008,381,2,752,"H3","200591",8,1656,1656,11408,0
2008,381,2,757,"H3","200591",8,110908,110908,784586,0
2008,381,2,752,"H3","180631",8,12206,12206,80971,0
2008,381,1,757,"H3","180631",8,699960,699960,4798086,0
2008,381,2,757,"H3","180631",8,1211617,1211617,7425697,0
2008,381,2,752,"H3","2006",8,2988,2988,14148,0
2008,381,1,757,"H3","2006",8,3037,3037,30187,0
2008,381,2,757,"H3","2006",8,220538,220538,981684,0
2008,381,2,752,"H3","200600",8,2988,2988,14148,0
2008,381,1,757,"H3","200600",8,3037,3037,30187,0
2008,381,2,757,"H3","200600",8,220538,220538,981684,0
2008,381,1,752,"H3","1904",8,74252,74252,269358,0
2008,381,2,752,"H3","1904",8,298275,298275,764676,0
2008,381,1,757,"H3","1904",8,126302,126302,355531,0
2008,381,2,757,"H3","1904",8,411285,411285,1755027,0
2008,381,1,752,"H3","200710",8,3000,3000,23929,0
2008,381,2,752,"H3","200710",8,7799,7799,22913,0
2008,381,1,757,"H3","200710",8,271029,271029,1016549,0
2008,381,2,757,"H3","200710",8,9817,9817,107914,0
2008,381,2,752,"H3","200791",8,24888,24888,106345,0
2008,381,1,757,"H3","200791",8,37651,37651,107565,0
2008,381,2,757,"H3","200791",8,16188,16188,118772,0
2008,381,1,752,"H3","200799",8,329029,329029,1099384,0
2008,381,2,752,"H3","200799",8,49824,49824,99355,0
2008,381,1,757,"H3","200799",8,1912391,1912391,7294347,0
2008,381,1,757,"H3","2001",8,8697,8697,21563,0
2008,381,1,757,"H3","190230",8,750,750,3671,0
2008,381,2,757,"H3","190230",8,3010872,3010872,6082246,0
2008,381,2,757,"H3","2001",8,1335695,1335695,4451189,0
2008,381,2,752,"H3","200811",8,549,549,1198,0
2008,381,2,757,"H3","200811",8,149426,149426,703653,0
2008,381,2,752,"H3","200819",8,55006,55006,426371,0
2008,381,1,757,"H3","200819",8,2940,2940,31284,0
2008,381,2,757,"H3","200819",8,369802,369802,3340081,0
2008,381,2,752,"H3","200820",8,3,3,4,0
2008,381,2,752,"H3","200830",8,1794,1794,7478,0
2008,381,1,757,"H3","200830",8,2063,2063,20668,0
2008,381,2,757,"H3","200830",8,9562,9562,130450,0
2008,381,2,752,"H3","200840",8,390430,390430,559715,0
2008,381,2,757,"H3","200840",8,103297,103297,131970,0
2008,381,2,752,"H3","200850",8,332,332,294,0
2008,381,2,757,"H3","200850",8,157590,157590,205974,0
2008,381,2,752,"H3","200860",8,1298,1298,8946,0
2008,381,2,757,"H3","200860",8,62855,62855,255673,0
2008,381,2,752,"H3","200870",8,181472,181472,249345,0
2008,381,2,757,"H3","200870",8,326495,326495,378731,0
2008,381,2,752,"H3","200880",8,72,72,308,0
2008,381,1,752,"H3","200110",8,16140,16140,48984,0
2008,381,2,752,"H3","200892",8,877892,877892,1302836,0
2008,381,1,757,"H3","200892",8,15058,15058,57948,0
2008,381,2,757,"H3","200892",8,245783,245783,233399,0
2008,381,2,752,"H3","200899",8,413961,413961,521991,0
2008,381,1,757,"H3","200899",8,8909,8909,121511,0
2008,381,2,757,"H3","200899",8,979531,979531,2277132,0
2008,381,2,752,"H3","200110",8,507,507,1606,0
2008,381,2,757,"H3","200110",8,5220,5220,30831,0
2008,381,1,752,"H3","170490",8,113814,113814,571149,0
2008,381,2,752,"H3","170490",8,707515,707515,1683600,0
2008,381,2,752,"H3","200911",8,91490,91490,237583,0
2008,381,2,757,"H3","200911",8,716876,716876,1229633,0
2008,381,2,752,"H3","200912",8,62495,62495,126283,0
2008,381,2,757,"H3","200912",8,83250,83250,146622,0
2008,381,2,752,"H3","200919",8,12729,12729,34033,0
2008,381,2,757,"H3","200919",8,141841,141841,298455,0
2008,381,1,757,"H3","170490",8,505935,505935,4603981,0
2008,381,2,757,"H3","170490",8,179463,179463,1876205,0
2008,381,1,752,"H3","200931",8,3092,3092,3405,0
2008,381,2,752,"H3","200931",8,251527,251527,395145,0
2008,381,2,757,"H3","200931",8,650655,650655,1382537,0
2008,381,2,752,"H3","200939",8,46350,46350,99954,0
2008,381,2,757,"H3","200939",8,557978,557978,1077699,0
2008,381,1,752,"H3","18",1,,,1158247,0
2008,381,2,752,"H3","200949",8,132,132,332,0
2008,381,2,752,"H3","18",1,,,6119932,0
2008,381,1,757,"H3","18",1,,,29399085,0
2008,381,1,757,"H3","200961",8,2700,2700,8071,0
2008,381,2,757,"H3","200961",8,6819412,6819412,3983867,0
2008,381,2,752,"H3","200969",8,185552,185552,518165,0
2008,381,2,757,"H3","200969",8,934121,934121,830322,0
2008,381,2,752,"H3","200971",8,352037,352037,356882,0
2008,381,2,757,"H3","18",1,,,31152043,0
2008,381,2,752,"H3","200980",8,1025528,1025528,1636428,0
2008,381,1,757,"H3","200980",8,626,626,3108,0
2008,381,2,757,"H3","200980",8,610668,610668,2687705,0
2008,381,2,752,"H3","200990",8,5222,5222,7087,0
2008,381,1,757,"H3","200990",8,700,700,4102,0
2008,381,2,757,"H3","200990",8,28390,28390,122638,0
2008,381,1,752,"H3","21",1,,,8196833,0
2008,381,2,752,"H3","21",1,,,31662465,0
2008,381,1,757,"H3","21",1,,,46135013,0
2008,381,2,757,"H3","21",1,,,74582614,0
2008,381,2,752,"H3","2101",8,689,689,2378,0
2008,381,1,757,"H3","2101",8,189117,189117,2684251,0
2008,381,2,757,"H3","2101",8,408293,408293,1392044,0
2008,381,1,757,"H3","1801",8,2219,2219,9350,0
2008,381,2,752,"H3","200599",8,828335,828335,2338134,0
2008,381,2,752,"H3","200210",8,13892315,13892315,14822537,0
2008,381,2,752,"H3","210112",8,201,201,1907,0
2008,381,1,757,"H3","210112",8,10921,10921,137850,0
2008,381,2,757,"H3","210112",8,82852,82852,800850,0
2008,381,2,752,"H3","210120",8,474,474,341,0
2008,381,1,757,"H3","210120",8,2100,2100,18185,0
2008,381,2,757,"H3","210120",8,308448,308448,437468,0
2008,381,2,752,"H3","210130",8,5,5,19,0
2008,381,1,757,"H3","210130",8,11044,11044,227868,0
2008,381,2,757,"H3","210130",8,1501,1501,19655,0
2008,381,1,757,"H3","180100",8,2219,2219,9350,0
2008,381,1,757,"H3","200210",8,10599,10599,18054,0
2008,381,2,757,"H3","200210",8,14022597,14022597,13666644,0
2008,381,2,752,"H3","200290",8,5805051,5805051,8234062,0
2008,381,1,752,"H3","210210",8,190010,190010,1209689,0
2008,381,2,752,"H3","210210",8,118941,118941,406461,0
2008,381,1,757,"H3","210210",8,3536,3536,147530,0
2008,381,1,757,"H3","200290",8,60948,60948,56440,0
2008,381,1,757,"H3","210220",8,727436,727436,859875,0
2008,381,2,757,"H3","210220",8,70000,70000,68680,0
2008,381,2,757,"H3","200290",8,26396112,26396112,36766168,0
2008,381,1,752,"H3","2103",8,616972,616972,1759519,0
2008,381,2,752,"H3","2103",8,3512567,3512567,15151199,0
2008,381,1,757,"H3","2103",8,772502,772502,3338873,0
2008,381,2,757,"H3","2103",8,8934373,8934373,30741903,0
2008,381,2,752,"H3","210310",8,3644,3644,32089,0
2008,381,2,757,"H3","210310",8,2426,2426,38432,0
2008,381,1,752,"H3","1806",8,169752,169752,1153648,0
2008,381,2,752,"H3","151519",8,54215,54215,154608,0
2008,381,1,757,"H3","151519",8,1413,1413,73985,0
2008,381,2,757,"H3","151519",8,3158,3158,40245,0
2008,381,1,752,"H3","210330",8,1140,1140,15025,0
2008,381,2,752,"H3","210330",8,27,27,94,0
2008,381,2,757,"H3","210330",8,453,453,5632,0
2008,381,2,757,"H3","151521",8,99180,99180,160783,0
2008,381,2,752,"H3","1806",8,916322,916322,5916048,0
2008,381,1,752,"H3","151710",8,1200,1200,2608,0
2008,381,2,757,"H3","151710",8,2998,2998,5432,0
2008,381,1,752,"H3","151790",8,88837,88837,514533,0
2008,381,2,752,"H3","151790",8,647717,647717,1374125,0
2008,381,1,757,"H3","151790",8,4845,4845,41579,0
2008,381,2,757,"H3","151790",8,14410,14410,43121,0
2008,381,2,752,"H3","200390",8,3173,3173,31054,0
2008,381,1,757,"H3","1806",8,4124639,4124639,29171371,0
2008,381,2,757,"H3","1806",8,4591901,4591901,28851503,0
2008,381,1,757,"H3","200599",8,1100,1100,2593,0
2008,381,2,752,"H3","210420",8,5636,5636,64174,0
2008,381,2,757,"H3","210420",8,7765,7765,82890,0
2008,381,2,757,"H3","200599",8,1341762,1341762,7596734,0
2008,381,2,757,"H3","200390",8,28732,28732,251691,0
2008,381,2,752,"H3","190510",8,6147,6147,25993,0
2008,381,2,757,"H3","190510",8,107238,107238,591842,0
2008,381,1,752,"H3","210500",8,541175,541175,2057519,0
2008,381,2,752,"H3","210500",8,2208185,2208185,8412057,0
2008,381,1,757,"H3","210500",8,3991,3991,74017,0
2008,381,2,757,"H3","210500",8,1388592,1388592,8307571,0
2008,381,1,752,"H3","1604",8,216590,216590,1915943,0
2008,381,2,752,"H3","1604",8,17584,17584,233190,0
2008,381,1,757,"H3","1604",8,87,87,1734,0
2008,381,2,757,"H3","1604",8,556398,556398,5412710,0
2008,381,1,752,"H3","210610",8,6708,6708,39908,0
2008,381,2,752,"H3","210610",8,7467,7467,57197,0
2008,381,1,757,"H3","210610",8,146449,146449,518066,0
2008,381,2,757,"H3","210610",8,374774,374774,1985182,0
2008,381,1,752,"H3","20",1,,,2862006,0
2008,381,2,752,"H3","20",1,,,45759872,0
2008,381,1,757,"H3","20",1,,,8908176,0
2008,381,2,757,"H3","20",1,,,93870909,0
2008,381,1,752,"H3","2001",8,17090,17090,50818,0
2008,381,2,752,"H3","2001",8,243169,243169,1388924,0
2008,381,1,752,"H3","1702",8,75783,75783,210162,0
2008,381,2,752,"H3","1702",8,620679,620679,696519,0
2008,381,1,757,"H3","1702",8,33911,33911,191845,0
2008,381,2,757,"H3","1702",8,7694763,7694763,5537865,0
2008,381,2,752,"H3","190230",8,656202,656202,1782870,0
2008,381,2,752,"H3","2008",8,1922809,1922809,3078485,0
2008,381,1,757,"H3","2008",8,28970,28970,231410,0
2008,381,2,757,"H3","2008",8,2404908,2404908,7664277,0
2008,381,2,752,"H3","220190",7,4124,4124,2980,2
2008,381,2,757,"H3","220190",7,739051,739051,278281,2
2008,381,1,757,"H3","130220",8,600,600,12451,0
2008,381,2,757,"H3","170250",8,762,762,3070,0
2008,381,2,757,"H3","200891",8,567,567,7215,0
2008,381,1,752,"H3","2009",8,3092,3092,3405,0
2008,381,2,752,"H3","2009",8,3074848,3074848,4676394,0
2008,381,1,757,"H3","2009",8,4026,4026,15282,0
2008,381,1,752,"H3","220290",7,82966,82966,145480,4
2008,381,2,752,"H3","220290",7,143309,143309,276687,4
2008,381,1,757,"H3","220290",7,839344,839123,2397887,0
2008,381,2,757,"H3","220290",7,32808208,33853125,27749150,0
2008,381,2,757,"H3","2009",8,11134491,11134491,12505464,0
2008,381,1,752,"H3","200190",8,950,950,1834,0
2008,381,2,752,"H3","200190",8,242662,242662,1387318,0
2008,381,1,757,"H3","200190",8,8697,8697,21563,0
2008,381,2,757,"H3","200190",8,1330475,1330475,4420358,0
2008,381,2,752,"H3","2002",8,19697366,19697366,23056599,0
2008,381,1,757,"H3","2002",8,71547,71547,74494,0
2008,381,2,757,"H3","2002",8,40418709,40418709,50432812,0
2008,381,1,752,"H3","2102",8,190010,190010,1209689,0
2008,381,2,752,"H3","2102",8,118941,118941,406461,0
2008,381,1,757,"H3","2102",8,730972,730972,1007406,0
2008,381,2,757,"H3","2102",8,3586792,3586792,6508444,0
2008,381,2,752,"H3","220410",7,1830388,1830388,9258427,4
2008,381,1,757,"H3","220410",7,9485,9485,754156,0
2008,381,2,757,"H3","220410",7,5953903,5952143,36208067,0
2008,381,1,752,"H3","210390",8,520350,520350,1521457,0
2008,381,2,752,"H3","210390",8,1612780,1612780,11315665,0
2008,381,1,757,"H3","210390",8,584769,584769,2595369,0
2008,381,2,757,"H3","210390",8,2919218,2919218,13407404,0
2008,381,1,752,"H3","220429",7,156617,156617,336306,4
2008,381,2,752,"H3","220429",7,12551973,12551973,33876713,4
2008,381,2,757,"H3","220429",7,22636977,22590120,43977432,0
2008,381,2,752,"H3","220430",7,1071,1071,7094,4
2008,381,2,757,"H3","220430",7,1259862,1285586,2002183,0
2008,381,1,752,"H3","2205",7,77478,77478,138695,4
2008,381,2,752,"H3","2205",7,802170,802170,1692884,4
2008,381,2,757,"H3","2205",7,3646432,3671721,4160017,0
2008,381,1,752,"H3","220510",7,77478,77478,138695,4
2008,381,2,752,"H3","220510",7,802170,802170,1692884,4
2008,381,2,757,"H3","220510",7,2916534,2922884,3657109,0
2008,381,1,752,"H3","2104",8,63552,63552,161205,0
2008,381,1,752,"H3","2206",7,700,700,3891,4
2008,381,2,752,"H3","2206",7,69,69,401,4
2008,381,2,757,"H3","2206",7,29085,29157,215384,0
2008,381,1,752,"H3","220600",7,700,700,3891,4
2008,381,2,752,"H3","220600",7,69,69,401,4
2008,381,2,757,"H3","220600",7,29085,29157,215384,0
2008,381,2,752,"H3","2207",7,46150172,46864079,34651876,4
2008,381,1,757,"H3","2207",7,4155,4155,88064,0
2008,381,2,757,"H3","2207",7,145911,145911,410817,0
2008,381,2,752,"H3","220710",7,46150172,46864079,34651876,4
2008,381,1,757,"H3","220710",7,3889,3889,84531,0
2008,381,2,757,"H3","220710",7,145911,145911,410817,0
2008,381,2,752,"H3","2104",8,1125827,1125827,3759496,0
2008,381,1,752,"H3","2208",7,416832,385570,4997130,4
2008,381,2,752,"H3","2208",7,205657,190233,3432803,4
2008,381,1,757,"H3","2208",7,22654,58650,580901,0
2008,381,2,757,"H3","2208",7,1404084,5859870,25871593,0
2008,381,1,757,"H3","2104",8,786320,786320,2485643,0
2008,381,2,757,"H3","2104",8,50382,50382,238592,0
2008,381,1,752,"H3","210410",8,63552,63552,161205,0
2008,381,2,752,"H3","220830",7,57486,53175,235629,4
2008,381,1,757,"H3","220830",7,7352,28072,275305,0
2008,381,2,757,"H3","220830",7,28068,101822,555188,0
2008,381,2,752,"H3","220840",7,6177,5714,58875,4
2008,381,2,757,"H3","220840",7,22088,53091,322199,0
2008,381,2,752,"H3","210410",8,1120191,1120191,3695322,0
2008,381,1,757,"H3","210410",8,786320,786320,2485643,0
2008,381,2,757,"H3","210410",8,42617,42617,155702,0
2008,381,1,752,"H3","2004",8,94396,94396,228409,0
2008,381,2,752,"H3","2004",8,59242,59242,230416,0
2008,381,1,757,"H3","2004",8,840,840,4168,0
2008,381,2,757,"H3","2004",8,233273,233273,1304843,0
2008,381,1,752,"H3","170219",8,26000,26000,59190,0
2008,381,1,757,"H3","170219",8,20,20,1854,0
2008,381,1,757,"H3","220110",7,134280,134280,51408,0
2008,381,2,757,"H3","220110",7,166348700,167738976,37653448,0
2008,381,1,752,"H3","220890",7,1565,1448,12833,4
2008,381,2,752,"H3","220890",7,13371,12368,333033,4
2008,381,1,757,"H3","220890",7,3391,3504,23465,0
2008,381,2,757,"H3","220890",7,98467,1419940,2665491,0
2008,381,1,752,"H3","2202",7,82966,82966,145480,4
2008,381,2,752,"H3","2202",7,269491,269491,402467,4
2008,381,1,757,"H3","2202",7,839344,839123,2397887,0
2008,381,2,757,"H3","2202",7,53442502,54503348,43734158,0
2008,381,2,752,"H3","220210",7,126182,126182,125780,4
2008,381,2,757,"H3","220210",7,20634294,20650223,15985008,0
2008,381,1,752,"H3","2203",7,380108,380108,481526,4
2008,381,2,752,"H3","2203",7,148497,148497,178269,4
2008,381,2,752,"H3","200950",8,433535,433535,369559,0
2008,381,2,757,"H3","200950",8,585520,585520,712333,0
2008,381,1,757,"H3","2203",7,565610,566022,544469,0
2008,381,2,757,"H3","2203",7,479973,483063,619324,0
2008,381,1,752,"H3","2301",8,191980,191980,141636,0
2008,381,2,752,"H3","2301",8,3047,3047,1699,0
2008,381,1,757,"H3","2301",8,51110,51110,5964,0
2008,381,2,757,"H3","2301",8,63000,63000,35221,0
2008,381,1,752,"H3","230110",8,190780,190780,140579,0
2008,381,2,752,"H3","230110",8,3047,3047,1699,0
2008,381,1,757,"H3","230110",8,51110,51110,5964,0
2008,381,2,757,"H3","230110",8,63000,63000,35221,0
2008,381,2,752,"H3","220820",7,15669,14494,389422,4
2008,381,2,752,"H3","2302",8,88484,88484,201352,0
2008,381,2,757,"H3","2302",8,4000,4000,5594,0
2008,381,1,757,"H3","220820",7,2357,4567,107300,0
2008,381,2,757,"H3","220820",7,401656,723312,11229278,0
2008,381,1,752,"H3","2106",8,173762,173762,2964258,0
2008,381,1,752,"H3","2303",8,140887,140887,260727,0
2008,381,1,757,"H3","2303",8,29601,29601,53443,0
2008,381,2,757,"H3","2303",8,702060,702060,473537,0
2008,381,1,752,"H3","200410",8,17366,17366,30846,0
2008,381,2,752,"H3","200410",8,6131,6131,5170,0
2008,381,1,757,"H3","200410",8,840,840,4168,0
2008,381,2,752,"H3","2106",8,386525,386525,3339818,6
2008,381,1,757,"H3","2106",8,2790739,2790739,36544824,0
2008,381,2,757,"H3","2106",8,3387292,3387292,27394061,0
2008,381,1,757,"H3","230400",8,186180,186180,168575,0
2008,381,2,757,"H3","230400",8,150410,150410,111719,0
2008,381,1,752,"H3","210690",8,167054,167054,2924350,0
2008,381,2,757,"H3","200410",8,70907,70907,276552,0
2008,381,2,752,"H3","210690",8,379058,379058,3282621,6
2008,381,1,757,"H3","210690",8,2644290,2644290,36026758,0
2008,381,2,757,"H3","210690",8,3012518,3012518,25408878,0
2008,381,1,752,"H3","22",1,,,6187717,0
2008,381,2,752,"H3","22",1,,,170404076,0
2008,381,1,757,"H3","22",1,,,5526624,0
2008,381,2,757,"H3","22",1,,,462582486,0
2008,381,2,752,"H3","2201",7,837674,837674,591208,6
2008,381,1,757,"H3","2201",7,134280,134280,51408,0
2008,381,2,757,"H3","2201",7,167087751,168478027,37931728,2
2008,381,2,752,"H3","220110",7,833550,833550,588227,4
2008,381,1,752,"H3","23",1,,,1460627,0
2008,381,2,757,"H3","200929",8,5780,5780,33653,0
2008,381,2,752,"H3","23",1,,,2006435,0
2008,381,1,752,"H3","2309",8,1150895,1150895,894974,0
2008,381,2,752,"H3","2309",8,973118,973118,1795583,0
2008,381,1,757,"H3","2309",8,5713477,5713477,14207937,0
2008,381,2,757,"H3","2309",8,2548866,2548866,5025647,0
2008,381,1,757,"H3","23",1,,,14797090,0
2008,381,2,757,"H3","23",1,,,5793660,0
2008,381,2,757,"H3","220870",7,648945,3024930,10316903,0
2008,381,2,752,"H3","200921",8,57253,57253,47106,0
2008,381,1,752,"H3","230990",8,1124552,1124552,851380,0
2008,381,2,752,"H3","230990",8,15154,15154,30202,0
2008,381,1,757,"H3","230990",8,29528,29528,496285,0
2008,381,2,757,"H3","230990",8,607258,607258,889588,0
2008,381,1,752,"H3","24",1,,,204900,0
2008,381,2,752,"H3","24",1,,,441674,0
2008,381,1,757,"H3","24",1,,,72268,0
2008,381,2,757,"H3","24",1,,,1711405,0
2008,381,1,752,"H3","230910",8,26343,26343,43594,0
2008,381,2,752,"H3","230910",8,957964,957964,1765381,0
2008,381,1,752,"H3","150200",8,11787,11787,5540,0
2008,381,2,757,"H3","150200",8,96200,96200,73005,0
2008,381,2,752,"H3","150990",8,605764,605764,2717634,0
2008,381,1,757,"H3","150990",8,4600,4600,19323,0
2008,381,2,757,"H3","150990",8,592669,592669,3253325,0
2008,381,2,752,"H3","1805",8,740,740,2083,0
2008,381,1,757,"H3","1805",8,1332,1332,12059,0
2008,381,2,757,"H3","1805",8,95215,95215,499280,0
2008,381,2,757,"H3","2402",1,,3887,256861,0
2008,381,2,757,"H3","240220",8,3887,3887,256861,0
2008,381,1,752,"H3","2403",8,6314,6314,204900,0
2008,381,2,757,"H3","2403",8,4013,4013,30850,0
2008,381,1,757,"H3","220720",7,266,266,3533,0
2008,381,1,752,"H3","220860",7,411904,381011,4921994,4
2008,381,2,752,"H3","220860",7,23039,21311,141335,4
2008,381,1,757,"H3","220860",7,2241,6092,72954,0
2008,381,2,757,"H3","220860",7,204860,536775,782534,0
2008,381,1,752,"H3","220870",7,322,298,14914,4
2008,381,1,752,"H3","2501",8,1395,1395,885,0
2008,381,2,752,"H3","2501",8,47015064,47015064,1157609,0
2008,381,1,757,"H3","2501",8,23755800,23755800,1902786,0
2008,381,2,757,"H3","2501",8,245558,245558,397948,0
2008,381,1,752,"H3","250100",8,1395,1395,885,0
2008,381,2,752,"H3","250100",8,47015064,47015064,1157609,0
2008,381,1,757,"H3","250100",8,23755800,23755800,1902786,0
2008,381,2,757,"H3","250100",8,245558,245558,397948,0
2008,381,1,752,"H3","230320",8,139261,139261,259274,0
2008,381,1,757,"H3","230320",8,29601,29601,53443,0
2008,381,1,757,"H3","2304",8,186180,186180,168575,0
2008,381,2,757,"H3","2304",8,150410,150410,111719,0
2008,381,1,752,"H3","2503",8,8151000,8151000,8694766,0
2008,381,2,752,"H3","2503",8,130125,130125,241390,0
2008,381,1,757,"H3","2503",8,162170,162170,7143,0
2008,381,2,757,"H3","2503",8,36750,36750,47138,0
2008,381,1,752,"H3","250300",8,8151000,8151000,8694766,0
2008,381,2,752,"H3","250300",8,130125,130125,241390,0
2008,381,1,757,"H3","250300",8,162170,162170,7143,0
2008,381,2,757,"H3","250300",8,36750,36750,47138,0
2008,381,2,752,"H3","2504",8,10,10,393,0
2008,381,1,757,"H3","2504",8,8220,8220,15749,0
2008,381,2,757,"H3","2504",8,25040,25040,10368,0
2008,381,2,752,"H3","250410",8,10,10,393,0
2008,381,1,757,"H3","250410",8,8220,8220,15749,0
2008,381,2,757,"H3","250410",8,1640,1640,5219,0
2008,381,1,752,"H3","200551",8,55743,55743,149815,0
2008,381,1,752,"H3","2505",8,62000,62000,54622,0
2008,381,2,752,"H3","2505",8,6666,6666,1991,0
2008,381,1,757,"H3","2505",8,17530425,17530425,3667283,0
2008,381,2,757,"H3","2505",8,107042909,107042909,2036189,0
2008,381,1,752,"H3","250510",8,62000,62000,54622,0
2008,381,2,752,"H3","250510",8,6666,6666,1991,0
2008,381,1,757,"H3","250510",8,17506425,17506425,3659837,0
2008,381,2,757,"H3","250510",8,893320,893320,172313,0
2008,381,1,757,"H3","250590",8,24000,24000,7446,0
2008,381,2,757,"H3","250590",8,106149589,106149589,1863877,0
2008,381,2,752,"H3","2506",8,11130,11130,6036,0
2008,381,1,757,"H3","2506",8,6378200,6378200,723592,0
2008,381,2,757,"H3","2506",8,1784208,1784208,982817,0
2008,381,1,757,"H3","250610",8,6378200,6378200,723592,0
2008,381,2,757,"H3","250610",8,371236,371236,119154,0
2008,381,2,752,"H3","200551",8,6020778,6020778,5381020,0
2008,381,2,752,"H3","220870",7,89894,83152,2274429,4
2008,381,1,757,"H3","220870",7,5460,10227,67857,0
2008,381,1,757,"H3","200551",8,5421,5421,3512,0
2008,381,2,752,"H3","250700",8,6361,6361,5588,0
2008,381,2,757,"H3","250700",8,136496,136496,104398,0
2008,381,2,752,"H3","2508",8,7181445,7181445,2640153,0
2008,381,1,757,"H3","2508",8,73390,73390,40665,0
2008,381,2,757,"H3","2508",8,2898438,2898438,1040146,0
2008,381,2,752,"H3","250810",8,7181445,7181445,2640153,0
2008,381,1,757,"H3","250810",8,73390,73390,40665,0
2008,381,2,757,"H3","250810",8,1092372,1092372,612293,0
2008,381,2,757,"H3","200551",8,416631,416631,458015,0
2008,381,2,757,"H3","250840",8,274230,274230,64535,0
2008,381,2,752,"H3","200560",8,725,725,7432,0
2008,381,2,757,"H3","210230",8,1944,1944,8015,0
2008,381,1,752,"H3","2105",8,541175,541175,2057519,0
2008,381,2,752,"H3","2105",8,2208185,2208185,8412057,0
2008,381,1,757,"H3","2105",8,3991,3991,74017,0
2008,381,2,757,"H3","2512",8,30610,30610,14186,0
2008,381,2,757,"H3","251200",8,30610,30610,14186,0
2008,381,1,752,"H3","2513",8,205000,205000,302709,0
2008,381,2,757,"H3","2513",8,542894,542894,104497,0
2008,381,2,757,"H3","251310",8,539844,539844,61679,0
2008,381,1,752,"H3","251320",8,205000,205000,302709,0
2008,381,2,757,"H3","251320",8,3050,3050,42817,0
2008,381,2,752,"H3","2514",8,950,950,1506,0
2008,381,1,757,"H3","2514",8,23301,23301,21375,0
2008,381,2,757,"H3","2514",8,181730,181730,156660,0
2008,381,2,752,"H3","251400",8,950,950,1506,0
2008,381,1,757,"H3","251400",8,23301,23301,21375,0
2008,381,2,757,"H3","251400",8,181730,181730,156660,0
2008,381,2,757,"H3","2105",8,1388592,1388592,8307571,0
2008,381,2,752,"H3","250200",8,301395,301395,147328,0
2008,381,2,757,"H3","250200",8,17500,17500,11683,0
2008,381,2,752,"H3","251511",8,20949,20949,88887,0
2008,381,1,757,"H3","251511",8,416070,416070,152079,0
2008,381,2,757,"H3","251511",8,202689,202689,154467,0
2008,381,1,757,"H3","230649",8,580,580,3110,0
2008,381,2,757,"H3","220590",7,729898,748837,502908,0
2008,381,2,752,"H3","2507",8,6361,6361,5588,0
2008,381,2,757,"H3","251520",8,59221,59221,34510,0
2008,381,1,752,"H3","2516",8,4308899,4308899,1684716,0
2008,381,2,752,"H3","2516",8,43250,43250,17523,0
2008,381,1,757,"H3","2516",8,37199718,37199718,7720239,0
2008,381,2,757,"H3","2516",8,26857859,26857859,6057811,0
2008,381,1,752,"H3","251611",8,4308899,4308899,1684716,0
2008,381,1,757,"H3","251611",8,18596860,18596860,4130477,0
2008,381,2,757,"H3","251611",8,3006723,3006723,515252,0
2008,381,2,757,"H3","2507",8,136496,136496,104398,0
2008,381,2,752,"H3","2515",8,61987,61987,216732,0
2008,381,1,757,"H3","2515",8,463370,463370,156954,0
2008,381,2,757,"H3","2515",8,829011,829011,1015977,0
2008,381,2,752,"H3","251690",8,42100,42100,13979,0
2008,381,1,757,"H3","251690",8,7438060,7438060,1371464,0
2008,381,2,757,"H3","251690",8,11323570,11323570,3212139,0
2008,381,1,752,"H3","2517",8,1000,1000,160,0
2008,381,2,752,"H3","2517",8,61627806,61627806,4556236,0
2008,381,1,757,"H3","2517",8,38494090,38494090,165363,0
2008,381,2,757,"H3","2517",8,361346020,361346020,11529862,0
2008,381,1,752,"H3","251710",8,1000,1000,160,0
2008,381,2,752,"H3","251710",8,16971,16971,37417,0
2008,381,1,757,"H3","251710",8,38487508,38487508,158777,0
2008,381,2,757,"H3","251710",8,306452896,306452896,5413792,0
2008,381,1,752,"H3","2005",8,429117,429117,1456062,0
2008,381,2,752,"H3","251741",8,61610835,61610835,4518819,0
2008,381,2,757,"H3","251741",8,49384096,49384096,5436872,0
2008,381,1,757,"H3","251749",8,6582,6582,6585,0
2008,381,2,757,"H3","251749",8,3525748,3525748,497608,0
2008,381,1,752,"H3","2518",8,6530,6530,2643,0
2008,381,2,757,"H3","2518",8,1520561,1520561,729461,0
2008,381,2,752,"H3","2005",8,10912306,10912306,11692302,0
2008,381,1,757,"H3","2005",8,77403,77403,112611,0
2008,381,2,757,"H3","251820",8,1036361,1036361,643840,0
2008,381,2,757,"H3","2005",8,3247608,3247608,12875291,0
2008,381,2,752,"H3","2519",8,76890,76890,42681,0
2008,381,2,757,"H3","2519",8,5100,5100,49882,0
2008,381,1,752,"H3","2209",7,1700,4596,6140,4
2008,381,2,752,"H3","251990",8,70590,70590,39537,0
2008,381,2,757,"H3","251990",8,5100,5100,49882,0
2008,381,2,752,"H3","2520",8,20629,20629,70696,0
2008,381,1,757,"H3","2520",8,949051,949051,303537,0
2008,381,2,757,"H3","2520",8,6018707,6018707,894423,0
2008,381,2,752,"H3","252020",8,20629,20629,70696,0
2008,381,1,757,"H3","252020",8,949051,949051,303537,0
2008,381,2,757,"H3","252020",8,6018707,6018707,894423,0
2008,381,1,757,"H3","2522",8,829450,829450,207039,0
2008,381,2,757,"H3","2522",8,1404072,1404072,221223,0
2008,381,2,752,"H3","2209",7,1124040,1497575,4509080,4
2008,381,1,757,"H3","252220",8,829450,829450,207039,0
2008,381,2,757,"H3","252220",8,435450,435450,93633,0
2008,381,1,757,"H3","2209",7,30811,30811,48457,0
2008,381,1,752,"H3","2523",8,37000,37000,131391,0
2008,381,2,752,"H3","2523",8,231270,231270,152053,0
2008,381,1,757,"H3","2523",8,13778280,13778280,1044624,0
2008,381,2,757,"H3","2523",8,152695120,152695120,17153486,0
2008,381,2,757,"H3","2209",7,3035528,3037563,14541585,0
2008,381,2,752,"H3","200941",8,457870,457870,376174,0
2008,381,1,757,"H3","252329",8,13707260,13707260,1027587,0
2008,381,2,757,"H3","252329",8,141412006,141412006,15082912,0
2008,381,1,752,"H3","240310",8,6314,6314,204900,0
2008,381,2,757,"H3","240310",8,4013,4013,30850,0
2008,381,1,752,"H3","220900",7,1700,4596,6140,4
2008,381,2,752,"H3","220900",7,1124040,1497575,4509080,4
2008,381,1,757,"H3","2525",8,33600,33600,56054,0
2008,381,1,757,"H3","252520",8,33600,33600,56054,0
2008,381,1,752,"H3","2526",8,7731,7731,4261,0
2008,381,2,752,"H3","2526",8,173475,173475,193762,0
2008,381,2,757,"H3","2526",8,2654133,2654133,1162119,0
2008,381,1,752,"H3","252620",8,7731,7731,4261,0
2008,381,2,752,"H3","252620",8,173475,173475,193762,0
2008,381,2,757,"H3","252620",8,2654133,2654133,1162119,0
2008,381,1,757,"H3","220900",7,30811,30811,48457,0
2008,381,2,757,"H3","220900",7,3035528,3037563,14541585,0
2008,381,2,757,"H3","251620",8,91825,91825,34541,0
2008,381,2,757,"H3","230910",8,1941608,1941608,4136059,0
2008,381,1,752,"H3","2530",8,193000,193000,190318,0
2008,381,2,752,"H3","2530",8,14105,14105,25023,0
2008,381,1,757,"H3","2530",8,7250,7250,19177,0
2008,381,2,757,"H3","2530",8,2416480,2416480,317766,0
2008,381,1,757,"H3","230910",8,5683949,5683949,13711652,0
2008,381,1,752,"H3","253090",8,193000,193000,190318,0
2008,381,2,752,"H3","253090",8,14105,14105,25023,0
2008,381,1,757,"H3","253090",8,7250,7250,19177,0
2008,381,2,757,"H3","253090",8,2392540,2392540,314312,0
2008,381,2,757,"H3","250490",8,23400,23400,5149,0
2008,381,2,757,"H3","253010",8,23940,23940,3455,0
2008,381,1,757,"H3","26",1,,,15934741,0
2008,381,2,757,"H3","26",1,,,240182,0
2008,381,2,757,"H3","252230",8,962882,962882,113789,0
2008,381,2,752,"H3","2007",8,82511,82511,228613,0
2008,381,2,752,"H3","2606",8,7304,7304,411090,0
2008,381,2,752,"H3","260600",8,7304,7304,411090,0
2008,381,1,757,"H3","2007",8,2221071,2221071,8418461,0
2008,381,1,757,"H3","252321",8,47620,47620,12234,0
2008,381,1,752,"H3","2608",8,25499920,25499920,16524242,0
2008,381,1,752,"H3","260800",8,25499920,25499920,16524242,0
2008,381,2,757,"H3","252321",8,9392706,9392706,1538562,0
2008,381,2,757,"H3","252390",8,1890408,1890408,532011,0
2008,381,1,752,"H3","2613",8,140000,140000,6248273,0
2008,381,1,752,"H3","261310",8,140000,140000,6248273,0
2008,381,2,752,"H3","252810",8,70923,70923,74392,0
2008,381,2,752,"H3","261510",8,24000,24000,33632,0
2008,381,2,757,"H3","2617",8,5630,5630,13162,0
2008,381,2,757,"H3","261790",8,5630,5630,13162,0
2008,381,1,752,"H3","2529",8,152000,152000,58532,0
2008,381,2,752,"H3","230800",8,1338,1338,436,0
2008,381,2,752,"H3","2401",8,96329,96329,441674,0
2008,381,2,757,"H3","230800",8,114020,114020,47540,0
2008,381,1,752,"H3","2620",8,22230,22230,3286675,0
2008,381,1,757,"H3","2620",8,945084,945084,15910397,0
2008,381,1,752,"H3","252390",8,37000,37000,131391,0
2008,381,1,757,"H3","262019",8,5000,5000,3377,0
2008,381,1,757,"H3","2401",8,5520,5520,72268,0
2008,381,2,757,"H3","2401",8,358450,358450,1423694,0
2008,381,2,752,"H3","200979",8,93128,93128,471662,0
2008,381,2,752,"H3","240110",8,8432,8432,24650,0
2008,381,2,757,"H3","240110",8,53000,53000,246153,0
2008,381,1,752,"H3","26",1,,,33935497,0
2008,381,1,752,"H3","230120",8,1200,1200,1057,0
2008,381,1,752,"H3","220300",7,380108,380108,481526,4
2008,381,2,752,"H3","220300",7,148497,148497,178269,4
2008,381,1,757,"H3","220300",7,565610,566022,544469,0
2008,381,2,757,"H3","220300",7,479973,483063,619324,0
2008,381,1,752,"H3","2204",7,164388,164388,399169,4
2008,381,2,752,"H3","2204",7,30360570,30360570,122632292,4
2008,381,2,752,"H3","240120",8,75357,75357,404492,0
2008,381,2,752,"H3","270111",8,4564,4564,1474,0
2008,381,2,757,"H3","270111",8,3050,3050,2738,0
2008,381,2,757,"H3","270119",8,10829108,10829108,6627863,0
2008,381,1,752,"H3","2703",8,1456568,1456568,395911,0
2008,381,1,757,"H3","2703",8,16800,16800,6695,0
2008,381,2,757,"H3","2703",8,441690,441690,131945,0
2008,381,1,752,"H3","270300",8,1456568,1456568,395911,0
2008,381,1,757,"H3","270300",8,16800,16800,6695,0
2008,381,2,757,"H3","270300",8,441690,441690,131945,0
2008,381,1,757,"H3","240120",8,5520,5520,72268,0
2008,381,2,757,"H3","240120",8,257720,257720,1029798,0
2008,381,1,757,"H3","2204",7,43661,43661,1815438,0
2008,381,2,757,"H3","2204",7,61879763,61854017,335097879,0
2008,381,2,752,"H3","240130",8,12540,12540,12533,0
2008,381,2,757,"H3","240130",8,47730,47730,147742,0
2008,381,2,757,"H3","2007",8,891389,891389,2276254,0
2008,381,2,752,"H3","252390",8,231270,231270,152053,0
2008,381,2,757,"H3","200799",8,865384,865384,2049568,0
2008,381,1,752,"H3","220421",7,7771,7771,62862,4
2008,381,2,757,"H3","210210",8,3514848,3514848,6431749,0
2008,381,1,752,"H3","271011",8,1334600,1334600,1127192,6
2008,381,2,752,"H3","271011",8,28053,28053,23343,6
2008,381,1,757,"H3","271011",8,141303,141303,226748,0
2008,381,2,757,"H3","271011",8,463086987,463086987,406422310,0
2008,381,2,757,"H3","250900",8,166500,166500,5413,0
2008,381,1,752,"H3","210320",8,95482,95482,223037,0
2008,381,2,752,"H3","210320",8,1896116,1896116,3803351,0
2008,381,1,757,"H3","210320",8,187733,187733,743504,0
2008,381,2,757,"H3","210320",8,6012276,6012276,17290435,0
2008,381,2,752,"H3","220421",7,15977138,15977138,79490058,4
2008,381,1,757,"H3","220421",7,34176,34176,1061282,0
2008,381,2,757,"H3","220421",7,32029021,32026168,252910197,0
2008,381,2,757,"H3","251512",8,567101,567101,827000,0
2008,381,1,757,"H3","252390",8,23400,23400,4803,0
2008,381,2,752,"H3","230210",8,1284,1284,1010,0
2008,381,2,757,"H3","230210",8,4000,4000,5594,0
2008,381,2,752,"H3","230240",8,87200,87200,200342,0
2008,381,1,752,"H3","25",1,,,11403391,0
2008,381,2,757,"H3","2510",8,7257800,7257800,835835,0
2008,381,2,757,"H3","251020",8,7257800,7257800,835835,0
2008,381,2,757,"H3","271119",8,3737830,3737830,3733113,0
2008,381,1,752,"H3","2007",8,332029,332029,1123313,0
2008,381,2,757,"H3","251612",8,12435741,12435741,2295879,0
2008,381,1,752,"H3","230310",8,1626,1626,1454,0
2008,381,2,752,"H3","25",1,,,10398687,0
2008,381,1,757,"H3","25",1,,,16051580,0
2008,381,2,757,"H3","25",1,,,44879290,0
2008,381,2,752,"H3","2502",8,301395,301395,147328,0
2008,381,2,757,"H3","230310",8,702060,702060,473537,0
2008,381,2,757,"H3","2502",8,17500,17500,11683,0
2008,381,2,757,"H3","251730",8,1983280,1983280,181590,0
2008,381,2,752,"H3","271220",8,3358,3358,5664,0
2008,381,1,757,"H3","271220",8,200,200,2994,0
2008,381,2,757,"H3","271220",8,34428,34428,97737,0
2008,381,1,752,"H3","271290",8,457399,457399,1309772,0
2008,381,2,752,"H3","271290",8,1759,1759,4519,0
2008,381,1,757,"H3","271290",8,7025,7025,77415,0
2008,381,2,757,"H3","271290",8,23660,23660,44488,0
2008,381,2,752,"H3","251512",8,41038,41038,127845,0
2008,381,2,752,"H3","26",1,,,446777,0
2008,381,2,752,"H3","2306",8,2640,2640,7365,0
2008,381,1,757,"H3","2306",8,1028920,1028920,361171,0
2008,381,1,752,"H3","271312",8,1369605,1369605,1363061,0
2008,381,1,757,"H3","271312",8,65688,65688,135775,0
2008,381,2,757,"H3","271320",8,77352480,77352480,35458651,0
2008,381,2,757,"H3","2306",8,278500,278500,94403,0
2008,381,1,752,"H3","251810",8,6530,6530,2643,0
2008,381,2,757,"H3","251810",8,463200,463200,81867,0
2008,381,2,752,"H3","251910",8,6300,6300,3143,0
2008,381,1,752,"H3","2715",8,26850,26850,16095,0
2008,381,1,757,"H3","2715",8,28772,28772,54333,0
2008,381,2,757,"H3","2715",8,675861,675861,1130864,0
2008,381,2,752,"H3","250620",8,11130,11130,6036,0
2008,381,2,757,"H3","250620",8,1412972,1412972,863664,0
2008,381,1,757,"H3","230620",8,700,700,1515,0
2008,381,1,757,"H3","230630",8,931150,931150,298113,0
2008,381,2,757,"H3","230630",8,227620,227620,49960,0
2008,381,1,757,"H3","230641",8,96490,96490,58432,0
2008,381,1,757,"H3","251512",8,47300,47300,4875,0
2008,381,1,752,"H3","28",1,,,20284128,0
2008,381,2,752,"H3","28",1,,,6967680,0
2008,381,1,757,"H3","28",1,,,56076494,0
2008,381,2,757,"H3","28",1,,,34675292,0
2008,381,1,757,"H3","2801",8,171010,171010,39171,0
2008,381,2,757,"H3","2801",8,1541600,1541600,475212,0
2008,381,1,752,"H3","2308",8,85802,85802,103812,0
2008,381,2,752,"H3","2308",8,1338,1338,436,0
2008,381,2,757,"H3","2308",8,114020,114020,47540,0
2008,381,1,752,"H3","230800",8,85802,85802,103812,0
2008,381,2,752,"H3","251612",8,1150,1150,3544,0
2008,381,1,757,"H3","251612",8,11164798,11164798,2218298,0
2008,381,2,757,"H3","250830",8,83122,83122,17527,0
2008,381,2,757,"H3","250870",8,1448714,1448714,345791,0
2008,381,2,757,"H3","2509",8,166500,166500,5413,0
2008,381,2,752,"H3","2528",8,70923,70923,74392,0
2008,381,2,752,"H3","261800",8,233333,233333,2055,0
2008,381,1,757,"H3","262011",8,104542,104542,163084,0
2008,381,1,752,"H3","262099",8,22230,22230,3286675,0
2008,381,1,757,"H3","262099",8,51368,51368,14435773,0
2008,381,1,752,"H3","2712",8,821896,821896,1698874,0
2008,381,1,757,"H3","280429",12,370777,250047,400095,0
2008,381,2,757,"H3","280429",12,161843,52812,1335948,0
2008,381,2,752,"H3","2712",8,5117,5117,10183,0
2008,381,1,757,"H3","2712",8,8558,8558,88720,0
2008,381,2,757,"H3","2712",8,60808,60808,148230,0
2008,381,2,757,"H3","251830",8,21000,21000,3754,0
2008,381,2,752,"H3","230690",8,2640,2640,7365,0
2008,381,2,757,"H3","230690",8,50880,50880,44443,0
2008,381,2,757,"H3","280461",8,25343,25343,1996276,0
2008,381,1,752,"H3","280469",8,1,1,349,0
2008,381,2,757,"H3","2802",8,1350,1350,4368,0
2008,381,2,757,"H3","2604",8,5000,5000,2202,0
2008,381,2,757,"H3","252210",8,5740,5740,13801,0
2008,381,2,757,"H3","260400",8,5000,5000,2202,0
2008,381,2,757,"H3","2805",8,2271,2271,22374,0
2008,381,1,752,"H3","2607",8,9859860,9859860,7791190,0
2008,381,1,752,"H3","260700",8,9859860,9859860,7791190,0
2008,381,2,757,"H3","2610",8,72900,72900,43503,0
2008,381,2,757,"H3","261000",8,72900,72900,43503,0
2008,381,2,752,"H3","2615",8,24000,24000,33632,0
2008,381,1,757,"H3","2804",1,,307856,637594,0
2008,381,2,752,"H3","2618",8,233333,233333,2055,0
2008,381,2,757,"H3","2804",1,,8677704,4846814,0
2008,381,1,757,"H3","2619",8,363230,363230,24344,0
2008,381,1,757,"H3","261900",8,363230,363230,24344,0
2008,381,2,757,"H3","280410",12,8020,762,9843,0
2008,381,1,757,"H3","262040",8,784174,784174,1308163,0
2008,381,1,752,"H3","262110",8,11700,11700,17523,0
2008,381,1,752,"H3","27",1,,,41363902,0
2008,381,2,752,"H3","27",1,,,10539434,0
2008,381,1,757,"H3","27",1,,,2437048005,0
2008,381,2,757,"H3","27",1,,,1179105602,0
2008,381,2,752,"H3","2701",8,4564,4564,1474,0
2008,381,2,757,"H3","2701",8,10832158,10832158,6630601,0
2008,381,2,752,"H3","270400",8,12096000,12096000,7085615,0
2008,381,2,757,"H3","270400",8,2098960,2098960,1419892,0
2008,381,2,757,"H3","2707",8,225650,225650,265122,0
2008,381,2,757,"H3","270730",8,147100,147100,170573,0
2008,381,1,752,"H3","2809",8,1,1,203,0
2008,381,2,752,"H3","2809",8,1578,1578,4457,0
2008,381,1,757,"H3","2809",8,933670,933670,2669525,0
2008,381,2,757,"H3","2809",8,38217,38217,40678,0
2008,381,1,752,"H3","280920",8,1,1,203,0
2008,381,2,752,"H3","280920",8,1578,1578,4457,0
2008,381,1,757,"H3","280920",8,933670,933670,2669525,0
2008,381,2,757,"H3","280920",8,38217,38217,40678,0
2008,381,1,752,"H3","2810",8,32,32,23,0
2008,381,1,752,"H3","281000",8,32,32,23,0
2008,381,2,757,"H3","270750",8,78550,78550,94549,0
2008,381,1,752,"H3","2710",8,69378730,69378730,37867494,6
2008,381,2,752,"H3","2710",8,3392024,3392024,3349221,6
2008,381,1,757,"H3","2710",8,1614551,1614551,3530517,0
2008,381,2,757,"H3","2710",8,945223312,945223312,871477561,0
2008,381,1,752,"H3","271019",8,68044130,68044130,36740302,0
2008,381,2,752,"H3","271019",8,3363971,3363971,3325878,0
2008,381,1,752,"H3","281121",8,257,257,3073,0
2008,381,2,752,"H3","281121",8,197,197,761,0
2008,381,1,757,"H3","281121",8,2406530,2406530,274877,0
2008,381,2,757,"H3","281121",8,1073111,1073111,315229,0
2008,381,1,752,"H3","281122",8,556156,556156,721253,0
2008,381,2,752,"H3","281122",8,80,80,1351,0
2008,381,1,757,"H3","281122",8,104960,104960,1264381,0
2008,381,2,757,"H3","281122",8,2896030,2896030,4109524,0
2008,381,1,752,"H3","281129",8,1259,1259,1419194,0
2008,381,2,752,"H3","281129",8,6984,6984,112884,0
2008,381,2,757,"H3","281129",8,600,600,8369,0
2008,381,1,757,"H3","271019",8,1473248,1473248,3303769,0
2008,381,2,757,"H3","271019",8,481742245,481742245,465027452,0
2008,381,2,757,"H3","271099",8,394080,394080,27799,0
2008,381,2,757,"H3","271111",8,21700,21700,5086,6
2008,381,2,752,"H3","271112",8,1114,1114,893,0
2008,381,1,757,"H3","271112",8,2736256,2736256,2013475,0
2008,381,2,757,"H3","271112",8,2451639,2451639,2069061,0
2008,381,1,752,"H3","220850",7,3041,2813,47389,4
2008,381,2,752,"H3","220850",7,21,19,79,4
2008,381,1,757,"H3","220850",7,1853,6188,34020,0
2008,381,1,752,"H3","2815",8,188410,188410,538456,0
2008,381,2,752,"H3","2815",8,2514,2514,1658,0
2008,381,1,757,"H3","2815",8,277080,277080,107406,0
2008,381,2,757,"H3","2815",8,4304632,4304632,1364605,0
2008,381,2,757,"H3","271114",8,674440,674440,907181,0
2008,381,2,757,"H3","271121",8,57434357,57434357,48488091,0
2008,381,2,752,"H3","281512",8,2214,2214,768,0
2008,381,1,757,"H3","281512",8,277080,277080,107406,0
2008,381,2,757,"H3","281512",8,3742499,3742499,995670,0
2008,381,1,752,"H3","281520",8,59560,59560,224281,0
2008,381,2,752,"H3","281520",8,300,300,890,0
2008,381,2,757,"H3","281520",8,168273,168273,247720,0
2008,381,2,752,"H3","2816",8,283300,283300,292899,0
2008,381,2,757,"H3","2816",8,217494,217494,91083,0
2008,381,2,752,"H3","281610",8,283300,283300,292899,0
2008,381,2,757,"H3","281610",8,217494,217494,91083,0
2008,381,1,757,"H3","2817",8,739,739,18349,0
2008,381,2,757,"H3","2817",8,54425,54425,170602,0
2008,381,2,752,"H3","271129",8,173,173,1490,0
2008,381,2,757,"H3","271129",8,2376,2376,16269,0
2008,381,1,752,"H3","2818",8,107000,107000,178351,0
2008,381,2,752,"H3","2818",8,728455,728455,1657804,0
2008,381,1,757,"H3","2818",8,12393,12393,107584,0
2008,381,2,757,"H3","2818",8,65863,65863,157421,0
2008,381,1,752,"H3","281810",8,107000,107000,178351,0
2008,381,2,752,"H3","281810",8,728215,728215,1656585,0
2008,381,1,757,"H3","281810",8,4485,4485,37472,0
2008,381,2,757,"H3","281810",8,28500,28500,37222,0
2008,381,2,752,"H3","281820",8,240,240,1219,0
2008,381,1,757,"H3","281820",8,7908,7908,70111,0
2008,381,2,757,"H3","281820",8,29825,29825,107910,0
2008,381,2,757,"H3","281830",8,7538,7538,12289,0
2008,381,1,752,"H3","2819",8,6000,6000,46701,0
2008,381,2,752,"H3","2819",8,2000,2000,17662,0
2008,381,1,752,"H3","252910",8,152000,152000,58532,0
2008,381,2,752,"H3","280440",12,122,,14227,0
2008,381,1,752,"H3","2820",8,24000,24000,22553,0
2008,381,1,757,"H3","280440",12,15,15,6938,0
2008,381,1,752,"H3","2821",8,1489000,1489000,136862,0
2008,381,2,752,"H3","2821",8,44700,44700,100946,0
2008,381,1,757,"H3","2821",8,61100,61100,287185,0
2008,381,2,757,"H3","2821",8,34140,34140,161335,0
2008,381,1,752,"H3","282110",8,1489000,1489000,136862,0
2008,381,2,752,"H3","282110",8,44700,44700,100946,0
2008,381,1,757,"H3","282110",8,61100,61100,287185,0
2008,381,2,757,"H3","282110",8,34140,34140,161335,0
2008,381,2,752,"H3","2823",8,6000,6000,14289,0
2008,381,2,757,"H3","2823",8,7710,7710,31417,0
2008,381,2,752,"H3","282300",8,6000,6000,14289,0
2008,381,2,757,"H3","282300",8,7710,7710,31417,0
2008,381,1,752,"H3","2825",8,48075,48075,388217,0
2008,381,1,757,"H3","2825",8,9,9,6585,0
2008,381,2,757,"H3","2825",8,133495,133495,311553,0
2008,381,1,752,"H3","271210",8,364497,364497,389102,0
2008,381,1,752,"H3","282550",8,48075,48075,388217,0
2008,381,2,757,"H3","282550",8,4250,4250,46447,0
2008,381,1,757,"H3","271210",8,1333,1333,8312,0
2008,381,1,757,"H3","282590",8,9,9,6585,0
2008,381,2,757,"H3","282590",8,84730,84730,16899,0
2008,381,2,752,"H3","2826",8,785,785,6284,0
2008,381,1,757,"H3","2826",8,36925,36925,908179,0
2008,381,2,757,"H3","2826",8,8500,8500,164586,0
2008,381,2,752,"H3","282619",8,785,785,6284,0
2008,381,1,757,"H3","282619",8,36925,36925,908179,0
2008,381,2,757,"H3","282619",8,8000,8000,162692,0
2008,381,2,757,"H3","282690",8,500,500,1894,0
2008,381,1,752,"H3","2827",8,461050,461050,165028,0
2008,381,2,752,"H3","2827",8,42700,42700,222001,0
2008,381,1,757,"H3","2827",8,22000,22000,2261,0
2008,381,2,757,"H3","2827",8,3403457,3403457,2205255,0
2008,381,1,752,"H3","282720",8,461050,461050,165028,0
2008,381,1,757,"H3","282720",8,22000,22000,2261,0
2008,381,2,757,"H3","282720",8,1302418,1302418,531117,0
2008,381,2,757,"H3","282731",8,3050,3050,16859,0
2008,381,2,757,"H3","271210",8,2720,2720,6005,0
2008,381,1,752,"H3","2713",8,1369605,1369605,1363061,0
2008,381,2,752,"H3","282739",8,32700,32700,143931,0
2008,381,2,757,"H3","282739",8,304020,304020,45720,0
2008,381,2,752,"H3","2713",8,885,885,341,0
2008,381,1,757,"H3","2713",8,65688,65688,135775,0
2008,381,2,757,"H3","2713",8,77353200,77353200,35461536,0
2008,381,1,752,"H3","2828",8,4854,4854,42194,0
2008,381,2,752,"H3","2828",8,39165,39165,45250,0
2008,381,1,757,"H3","2828",8,4500,4500,2934,0
2008,381,2,757,"H3","2828",8,916578,916578,304093,0
2008,381,2,752,"H3","282810",8,45,45,255,0
2008,381,2,752,"H3","271390",8,885,885,341,0
2008,381,2,757,"H3","271390",8,720,720,2885,0
2008,381,2,757,"H3","271490",8,44790,44790,83708,0
2008,381,2,757,"H3","280440",12,76449,98462,33449,0
2008,381,1,752,"H3","271500",8,26850,26850,16095,0
2008,381,1,757,"H3","271500",8,28772,28772,54333,0
2008,381,2,757,"H3","271500",8,675861,675861,1130864,0
2008,381,1,757,"H3","2716",3,23374856,,2428552713,0
2008,381,2,757,"H3","2716",3,1881789,,204476536,0
2008,381,1,757,"H3","271600",3,23374856,,2428552713,0
2008,381,2,757,"H3","271600",3,1881789,,204476536,0
2008,381,1,757,"H3","280110",8,171010,171010,39171,0
2008,381,1,757,"H3","280469",8,57300,57300,189140,0
2008,381,2,757,"H3","280110",8,1541600,1541600,475212,0
2008,381,2,757,"H3","280469",8,2160,2160,10424,0
2008,381,2,757,"H3","280200",8,1350,1350,4368,0
2008,381,2,752,"H3","2803",8,331450,331450,537071,0
2008,381,2,757,"H3","2803",8,774563,774563,4073082,0
2008,381,2,752,"H3","283210",8,118907,118907,80383,0
2008,381,1,757,"H3","283210",8,1040840,1040840,146000,0
2008,381,2,757,"H3","283210",8,597211,597211,371589,0
2008,381,2,757,"H3","283220",8,125510,125510,220488,0
2008,381,2,752,"H3","280300",8,331450,331450,537071,0
2008,381,2,757,"H3","280300",8,774563,774563,4073082,0
2008,381,1,752,"H3","2804",1,,20772,607566,0
2008,381,2,752,"H3","2804",1,,,221279,0
2008,381,2,757,"H3","280540",8,82,82,2490,0
2008,381,2,752,"H3","2806",8,2104,2104,7009,0
2008,381,2,752,"H3","283322",8,200,200,248,0
2008,381,2,757,"H3","283322",8,76500,76500,10976,0
2008,381,1,757,"H3","2806",8,5175720,5175720,1177780,0
2008,381,2,757,"H3","2806",8,1857936,1857936,271766,0
2008,381,2,752,"H3","280610",8,2104,2104,7009,0
2008,381,1,752,"H3","283329",8,215975,215975,109923,0
2008,381,2,752,"H3","283329",8,300,300,4519,0
2008,381,1,757,"H3","283329",8,57000,57000,144413,0
2008,381,2,757,"H3","283329",8,256850,256850,605120,0
2008,381,1,752,"H3","283340",8,244,244,438,0
2008,381,2,752,"H3","283340",8,150,150,300,0
2008,381,1,757,"H3","283340",8,5596,5596,38368,0
2008,381,1,757,"H3","280610",8,4108420,4108420,623886,0
2008,381,2,757,"H3","280610",8,1857936,1857936,271766,0
2008,381,1,752,"H3","2621",8,55500,55500,79748,0
2008,381,2,757,"H3","2621",8,673170,673170,181314,0
2008,381,1,752,"H3","280700",8,28070,28070,45620,0
2008,381,1,752,"H3","262190",8,43800,43800,62225,0
2008,381,2,757,"H3","262190",8,673170,673170,181314,0
2008,381,1,752,"H3","2835",8,424250,424250,506745,0
2008,381,2,752,"H3","2835",8,216,216,4085,0
2008,381,1,757,"H3","2835",8,90400,90400,421905,0
2008,381,2,757,"H3","2835",8,3412658,3412658,4518170,0
2008,381,2,752,"H3","280700",8,23120,23120,40423,0
2008,381,1,757,"H3","280700",8,191880,191880,80642,0
2008,381,2,757,"H3","280700",8,1435141,1435141,373723,0
2008,381,1,752,"H3","283522",8,102000,102000,154845,0
2008,381,2,757,"H3","283522",8,72742,72742,58876,0
2008,381,2,752,"H3","2808",8,7020,7020,22772,0
2008,381,1,757,"H3","2808",8,3021100,3021100,1093283,0
2008,381,2,757,"H3","2808",8,255310,255310,67940,0
2008,381,2,752,"H3","280800",8,7020,7020,22772,0
2008,381,1,757,"H3","280800",8,3021100,3021100,1093283,0
2008,381,1,752,"H3","283529",8,21250,21250,27723,0
2008,381,1,757,"H3","283529",8,10000,10000,68285,0
2008,381,2,757,"H3","283529",8,23500,23500,28473,0
2008,381,2,752,"H3","283531",8,176,176,3578,0
2008,381,2,752,"H3","283539",8,25,25,197,0
2008,381,1,757,"H3","283539",8,10200,10200,13919,0
2008,381,2,757,"H3","283539",8,2700,2700,6880,0
2008,381,1,752,"H3","2836",8,5324765,5324765,6479099,0
2008,381,2,752,"H3","2836",8,24450506,24450506,1762848,0
2008,381,1,757,"H3","2836",8,69427,69427,43984,0
2008,381,2,757,"H3","2836",8,2957912,2957912,496532,0
2008,381,2,757,"H3","280800",8,255310,255310,67940,0
2008,381,1,752,"H3","2811",8,557672,557672,2143521,0
2008,381,2,752,"H3","2811",8,8051,8051,116252,0
2008,381,2,757,"H3","283640",8,1652,1652,8210,0
2008,381,1,752,"H3","283650",8,20000,20000,14153,0
2008,381,2,752,"H3","283650",8,24450075,24450075,1753054,0
2008,381,1,757,"H3","283650",8,506,506,4725,0
2008,381,2,757,"H3","283650",8,2922910,2922910,382996,0
2008,381,1,752,"H3","283699",8,2309100,2309100,1837185,0
2008,381,2,752,"H3","283699",8,431,431,9794,0
2008,381,1,757,"H3","283699",8,57,57,11294,0
2008,381,2,757,"H3","283699",8,33350,33350,105326,0
2008,381,1,757,"H3","2811",8,2511511,2511511,1542144,0
2008,381,2,757,"H3","2811",8,4022721,4022721,4494275,0
2008,381,2,752,"H3","281119",8,790,790,1257,0
2008,381,1,757,"H3","281119",8,21,21,2885,0
2008,381,1,752,"H3","2839",8,4874798,4874798,2438265,0
2008,381,2,752,"H3","2839",8,144000,144000,209621,0
2008,381,1,757,"H3","2839",8,455006,455006,233919,0
2008,381,2,757,"H3","2839",8,13188,13188,16745,0
2008,381,1,752,"H3","283919",8,4874798,4874798,2438265,0
2008,381,1,757,"H3","283919",8,295546,295546,141924,0
2008,381,2,757,"H3","283919",8,13188,13188,16745,0
2008,381,2,757,"H3","281119",8,52980,52980,61152,0
2008,381,1,757,"H3","281210",8,363940,363940,380250,0
2008,381,1,752,"H3","2840",8,954,954,1260,0
2008,381,2,752,"H3","2840",8,5200,5200,22635,0
2008,381,2,757,"H3","2840",8,21370,21370,47046,0
2008,381,2,757,"H3","281210",8,20040,20040,19714,0
2008,381,2,752,"H3","2711",8,22458,22458,78120,0
2008,381,1,757,"H3","2711",8,6481967,6481967,4679252,0
2008,381,1,752,"H3","284020",8,954,954,1260,0
2008,381,2,752,"H3","284020",8,4000,4000,19527,0
2008,381,2,757,"H3","284020",8,6870,6870,26610,0
2008,381,1,752,"H3","2841",8,27340,27340,20403,0
2008,381,1,757,"H3","2841",8,208,208,54142,0
2008,381,1,752,"H3","284170",8,3340,3340,9303,0
2008,381,1,752,"H3","284190",8,24000,24000,11100,0
2008,381,1,757,"H3","284190",8,208,208,54142,0
2008,381,1,752,"H3","2842",8,10,10,19,0
2008,381,2,752,"H3","2842",8,168023,168023,694534,0
2008,381,1,757,"H3","2842",8,161840,161840,514357,0
2008,381,2,757,"H3","2842",8,184246,184246,632825,0
2008,381,1,752,"H3","284210",8,10,10,19,0
2008,381,2,752,"H3","284210",8,168023,168023,694534,0
2008,381,1,757,"H3","284210",8,6040,6040,77287,0
2008,381,2,757,"H3","2711",8,66392874,66392874,57879607,6
2008,381,1,757,"H3","284290",8,155800,155800,437070,0
2008,381,2,757,"H3","284290",8,1876,1876,7827,0
2008,381,2,752,"H3","271113",8,21171,21171,75737,0
2008,381,1,757,"H3","271113",8,3745711,3745711,2665777,0
2008,381,1,757,"H3","284310",8,90,90,103221,0
2008,381,2,757,"H3","284310",8,108,108,98773,0
2008,381,2,752,"H3","281420",8,4763,4763,28648,0
2008,381,1,757,"H3","284390",8,9096,9096,29541342,0
2008,381,2,757,"H3","284390",8,1675,1675,6695845,0
2008,381,1,752,"H3","2844",1,,238,157569,0
2008,381,2,752,"H3","2844",1,,3,294,0
2008,381,1,757,"H3","2844",1,,1118,678420,4
2008,381,2,757,"H3","2844",1,,37582,67280,0
2008,381,2,757,"H3","271113",8,2070532,2070532,2660806,0
2008,381,1,752,"H3","282090",8,24000,24000,22553,0
2008,381,1,752,"H3","284440",8,238,238,157569,0
2008,381,2,752,"H3","284440",8,3,3,294,0
2008,381,1,757,"H3","284440",8,48,48,676924,0
2008,381,2,757,"H3","284440",8,82,82,16710,0
2008,381,1,757,"H3","2845",8,131,131,37763,0
2008,381,1,757,"H3","284590",8,131,131,37763,0
2008,381,1,757,"H3","2846",8,32,32,18386,0
2008,381,1,757,"H3","284610",8,32,32,18386,0
2008,381,2,757,"H3","280511",8,2189,2189,19884,0
2008,381,2,752,"H3","283324",8,92280,92280,580177,0
2008,381,1,752,"H3","2849",8,2531490,2531490,5394475,0
2008,381,2,752,"H3","2849",8,22000,22000,51616,0
2008,381,1,757,"H3","2849",8,2681180,2681180,2772302,0
2008,381,2,757,"H3","2849",8,161645,161645,395132,0
2008,381,1,757,"H3","283324",8,3200,3200,14756,0
2008,381,2,757,"H3","283324",8,38510,38510,202410,0
2008,381,1,752,"H3","284920",8,2531490,2531490,5394475,0
2008,381,2,752,"H3","284920",8,22000,22000,51616,0
2008,381,1,757,"H3","284920",8,2680910,2680910,2765592,0
2008,381,2,757,"H3","284920",8,138020,138020,391874,0
2008,381,2,752,"H3","210111",8,9,9,112,0
2008,381,1,757,"H3","210111",8,165052,165052,2300348,0
2008,381,2,757,"H3","210111",8,15492,15492,134072,0
2008,381,1,752,"H3","285000",8,1,1,349,0
2008,381,1,757,"H3","285000",8,524,524,68733,0
2008,381,2,757,"H3","285000",8,7745,7745,101981,0
2008,381,1,752,"H3","2852",8,64,64,7707,0
2008,381,1,752,"H3","285200",8,64,64,7707,0
2008,381,2,752,"H3","2853",8,190,190,761,0
2008,381,1,757,"H3","2853",8,30144,30144,306695,0
2008,381,2,757,"H3","2853",8,62645,62645,272769,0
2008,381,2,752,"H3","285300",8,190,190,761,0
2008,381,1,757,"H3","285300",8,30144,30144,306695,0
2008,381,2,757,"H3","285300",8,62645,62645,272769,0
2008,381,2,752,"H3","2814",8,4763,4763,28648,0
2008,381,1,757,"H3","2814",8,22500,22500,34818,0
2008,381,2,757,"H3","2814",8,72000,72000,32770,0
2008,381,2,757,"H3","282510",8,7515,7515,17601,0
2008,381,1,752,"H3","2901",8,6,6,203,0
2008,381,2,757,"H3","2901",8,2203966,2203966,2173816,0
2008,381,1,752,"H3","290110",8,6,6,203,0
2008,381,2,757,"H3","290110",8,2203966,2203966,2173816,0
2008,381,2,752,"H3","2902",8,153,153,1180,0
2008,381,1,757,"H3","2902",8,19430,19430,22836,0
2008,381,2,757,"H3","2902",8,137333,137333,214198,0
2008,381,2,752,"H3","290219",8,125,125,951,0
2008,381,2,757,"H3","290219",8,27680,27680,74194,0
2008,381,2,752,"H3","2704",8,12096000,12096000,7085615,0
2008,381,2,757,"H3","2704",8,2098960,2098960,1419892,0
2008,381,2,752,"H3","283990",8,144000,144000,209621,0
2008,381,1,757,"H3","283990",8,159460,159460,91995,0
2008,381,1,757,"H3","290290",8,1500,1500,5198,0
2008,381,2,757,"H3","290290",8,3053,3053,12351,0
2008,381,2,752,"H3","2903",8,23354,23354,156124,0
2008,381,1,757,"H3","2903",8,227942,227942,70994,0
2008,381,2,757,"H3","2903",8,157985,157985,1001305,0
2008,381,1,757,"H3","2843",8,11324,11324,37730109,0
2008,381,2,757,"H3","2843",8,1783,1783,6794619,0
2008,381,1,757,"H3","281700",8,739,739,18349,0
2008,381,2,757,"H3","281700",8,54425,54425,170602,0
2008,381,1,757,"H3","2812",8,363940,363940,380250,0
2008,381,2,752,"H3","290329",8,7,7,2608,0
2008,381,2,757,"H3","290329",8,3343,3343,145151,0
2008,381,2,752,"H3","290339",8,2697,2697,20376,0
2008,381,2,757,"H3","290339",8,81648,81648,508796,0
2008,381,2,757,"H3","290349",8,3428,3428,24159,0
2008,381,2,757,"H3","2812",8,20040,20040,19714,0
2008,381,1,752,"H3","280490",8,20771,20771,607216,0
2008,381,1,757,"H3","290369",8,2,2,1633,0
2008,381,2,757,"H3","290369",8,34770,34770,94438,0
2008,381,2,752,"H3","2904",8,69360,69360,45099,0
2008,381,1,757,"H3","2904",8,1129908,1129908,4590613,0
2008,381,2,757,"H3","2904",8,4322205,4322205,5742975,0
2008,381,2,752,"H3","290410",8,69360,69360,45099,0
2008,381,1,757,"H3","290410",8,10568,10568,9852,0
2008,381,2,757,"H3","290410",8,3724248,3724248,3712924,0
2008,381,1,757,"H3","290420",8,1097540,1097540,4508489,0
2008,381,2,757,"H3","290420",8,1650,1650,19744,0
2008,381,1,757,"H3","290490",8,21800,21800,72273,0
2008,381,2,757,"H3","290490",8,596307,596307,2010306,0
2008,381,1,752,"H3","2905",8,6681876,6681876,10838568,0
2008,381,2,752,"H3","2905",8,165215,165215,199469,0
2008,381,1,757,"H3","2905",8,174020,174020,577154,0
2008,381,2,757,"H3","2905",8,3021216,3021216,4925855,0
2008,381,1,757,"H3","290511",8,99090,99090,20370,0
2008,381,2,757,"H3","290511",8,177970,177970,126672,0
2008,381,2,752,"H3","290512",8,20,20,26,0
2008,381,2,757,"H3","290512",8,68780,68780,108453,0
2008,381,2,752,"H3","280490",8,3000,3000,206713,0
2008,381,1,757,"H3","284700",8,60963,60963,3756551,0
2008,381,2,752,"H3","290519",8,170,170,1173,0
2008,381,1,757,"H3","290519",8,100,100,11746,0
2008,381,2,757,"H3","290519",8,500,500,5785,0
2008,381,1,757,"H3","290522",8,7900,7900,327422,0
2008,381,1,757,"H3","290529",8,59430,59430,203976,0
2008,381,1,752,"H3","290531",8,79102,79102,44843,0
2008,381,2,752,"H3","290531",8,355,355,827,0
2008,381,2,757,"H3","290531",8,11742,11742,29681,0
2008,381,1,757,"H3","290532",8,5000,5000,8575,0
2008,381,2,757,"H3","290532",8,839635,839635,1510374,0
2008,381,1,752,"H3","290539",8,4762170,4762170,7587318,0
2008,381,2,752,"H3","290539",8,350,350,11408,0
2008,381,2,757,"H3","290539",8,284400,284400,626470,0
2008,381,1,757,"H3","284910",8,270,270,6710,0
2008,381,2,757,"H3","284910",8,23625,23625,3258,0
2008,381,2,757,"H3","290543",8,11325,11325,44425,0
2008,381,1,752,"H3","2850",8,1,1,349,0
2008,381,1,752,"H3","2834",8,19820,19820,40085,0
2008,381,2,752,"H3","2834",8,26400,26400,75027,0
2008,381,2,757,"H3","2834",8,32750,32750,24864,0
2008,381,1,752,"H3","290549",8,27600,27600,18464,0
2008,381,2,752,"H3","290549",8,164320,164320,186035,0
2008,381,2,757,"H3","290549",8,130704,130704,220602,0
2008,381,2,757,"H3","290559",8,517,517,2897,0
2008,381,1,752,"H3","2906",8,3,3,396,0
2008,381,2,752,"H3","2906",8,10,10,11012,0
2008,381,1,757,"H3","2906",8,7022,7022,785867,0
2008,381,2,757,"H3","2906",8,10765,10765,90588,0
2008,381,2,757,"H3","290611",8,3500,3500,67427,0
2008,381,2,752,"H3","280421",12,3,394,339,4
2008,381,2,752,"H3","290613",8,10,10,11012,0
2008,381,2,757,"H3","280421",12,350019,431189,291016,0
2008,381,2,757,"H3","283410",8,1400,1400,2144,0
2008,381,1,757,"H3","2850",8,524,524,68733,0
2008,381,1,757,"H3","290629",8,3000,3000,265642,0
2008,381,1,752,"H3","2907",8,1013,1013,3572,0
2008,381,2,752,"H3","2907",8,218710,218710,821017,0
2008,381,1,757,"H3","2907",8,1613900,1613900,4136036,0
2008,381,2,757,"H3","2907",8,63630,63630,226915,0
2008,381,2,757,"H3","2850",8,7745,7745,101981,0
2008,381,1,752,"H3","29",1,,,50515739,0
2008,381,2,757,"H3","283524",8,54581,54581,228682,0
2008,381,2,757,"H3","283525",8,504840,504840,507491,0
2008,381,2,757,"H3","290230",8,86720,86720,92335,0
2008,381,2,757,"H3","290241",8,19880,19880,35318,0
2008,381,1,757,"H3","283620",8,239,239,5803,0
2008,381,2,757,"H3","290721",8,8000,8000,69329,0
2008,381,1,752,"H3","290722",8,1013,1013,3572,0
2008,381,1,757,"H3","290729",8,7600,7600,13391,0
2008,381,2,752,"H3","2908",8,120,120,1724,0
2008,381,2,757,"H3","2908",8,12,12,3524,0
2008,381,2,752,"H3","290819",8,120,120,1724,0
2008,381,2,757,"H3","290819",8,12,12,3524,0
2008,381,1,752,"H3","2909",8,366840,366840,1295521,0
2008,381,2,752,"H3","2909",8,6078,6078,24579,0
2008,381,1,757,"H3","2909",8,4380,4380,29350,0
2008,381,2,757,"H3","2909",8,343332,343332,5667073,0
2008,381,2,757,"H3","290919",8,14940,14940,77938,0
2008,381,2,757,"H3","290930",8,203363,203363,5289806,0
2008,381,1,752,"H3","283630",8,2995665,2995665,4627761,0
2008,381,2,752,"H3","290943",8,25,25,62,0
2008,381,1,757,"H3","290943",8,1440,1440,23575,0
2008,381,2,757,"H3","290943",8,55029,55029,125990,0
2008,381,2,757,"H3","290944",8,4200,4200,11129,0
2008,381,1,752,"H3","290949",8,70840,70840,359861,0
2008,381,2,752,"H3","290949",8,6053,6053,24518,0
2008,381,1,757,"H3","290949",8,840,840,2060,0
2008,381,2,757,"H3","290949",8,65800,65800,162210,0
2008,381,1,752,"H3","290960",8,296000,296000,935660,0
2008,381,1,757,"H3","2910",8,14450,14450,93541,0
2008,381,1,757,"H3","291090",8,14450,14450,93541,0
2008,381,1,757,"H3","283630",8,68625,68625,22162,0
2008,381,1,752,"H3","2837",8,107,107,110387,0
2008,381,2,757,"H3","2837",8,445,445,1752,6
2008,381,1,752,"H3","283719",8,107,107,110387,0
2008,381,1,752,"H3","2912",8,1014410,1014410,3582163,0
2008,381,1,757,"H3","2912",8,268360,268360,3143732,0
2008,381,2,757,"H3","2912",8,11745230,11745230,3839019,0
2008,381,2,757,"H3","283719",8,445,445,1752,6
2008,381,1,752,"H3","291219",8,875200,875200,887701,0
2008,381,2,757,"H3","291219",8,2880,2880,82014,0
2008,381,2,752,"H3","290250",8,28,28,229,0
2008,381,1,752,"H3","291229",8,3400,3400,17398,0
2008,381,1,757,"H3","291229",8,17100,17100,88546,0
2008,381,1,757,"H3","290312",8,160020,160020,49185,0
2008,381,1,752,"H3","291241",8,133459,133459,2619954,0
2008,381,2,752,"H3","290359",8,20650,20650,133141,0
2008,381,2,757,"H3","290359",8,390,390,198137,0
2008,381,2,757,"H3","284011",8,4500,4500,11700,0
2008,381,2,752,"H3","284019",8,1200,1200,3108,0
2008,381,2,757,"H3","284019",8,10000,10000,8736,0
2008,381,2,752,"H3","2914",8,186521,186521,1268129,0
2008,381,1,757,"H3","2914",8,2687,2687,30924,6
2008,381,2,757,"H3","2914",8,4176285,4176285,23417152,0
2008,381,2,757,"H3","284210",8,182370,182370,624998,0
2008,381,2,757,"H3","290312",8,24276,24276,21978,0
2008,381,2,752,"H3","29",1,,,33339786,0
2008,381,1,757,"H3","29",1,,,2502161202,0
2008,381,2,757,"H3","29",1,,,378109664,0
2008,381,1,757,"H3","281410",8,22500,22500,34818,0
2008,381,1,757,"H3","291419",8,324,324,3304,6
2008,381,2,757,"H3","291419",8,9,9,2445,0
2008,381,1,757,"H3","284330",8,2138,2138,8085546,0
2008,381,2,757,"H3","281410",8,72000,72000,32770,0
2008,381,2,757,"H3","291429",8,89720,89720,571184,0
2008,381,2,752,"H3","291439",8,22400,22400,86189,0
2008,381,2,757,"H3","291439",8,310020,310020,496387,0
2008,381,2,752,"H3","291440",8,125300,125300,1012270,0
2008,381,2,757,"H3","291440",8,1351321,1351321,10463545,0
2008,381,2,752,"H3","291450",8,420,420,3182,0
2008,381,2,757,"H3","291450",8,602545,602545,6361779,0
2008,381,2,757,"H3","291469",8,2611,2611,3441571,0
2008,381,2,752,"H3","291470",8,240,240,8564,0
2008,381,1,757,"H3","291470",8,42,42,3509,0
2008,381,2,757,"H3","291470",8,1152,1152,61428,0
2008,381,1,757,"H3","284430",8,1070,1070,1496,6
2008,381,1,752,"H3","281511",8,128850,128850,314175,0
2008,381,2,757,"H3","284430",8,37500,37500,50571,0
2008,381,2,757,"H3","281511",8,393860,393860,121215,0
2008,381,1,757,"H3","290323",8,32940,32940,8924,0
2008,381,2,757,"H3","290323",8,10130,10130,8646,0
2008,381,1,752,"H3","281910",8,6000,6000,46701,0
2008,381,2,752,"H3","281990",8,2000,2000,17662,0
2008,381,1,757,"H3","280430",12,109,254,3680,0
2008,381,2,757,"H3","280430",12,7255864,8066976,1169858,0
2008,381,1,757,"H3","2847",8,60963,60963,3756551,0
2008,381,2,752,"H3","291521",8,1890,1890,16764,0
2008,381,1,757,"H3","291521",8,283160,283160,250859,0
2008,381,2,757,"H3","291521",8,65804,65804,91405,0
2008,381,1,757,"H3","290230",8,17930,17930,17639,0
2008,381,2,752,"H3","291529",8,1000,1000,5843,0
2008,381,1,757,"H3","291529",8,5110,5110,53191,0
2008,381,2,757,"H3","291529",8,50750,50750,289276,0
2008,381,2,757,"H3","282580",8,37000,37000,230606,0
2008,381,2,757,"H3","291536",8,132260,132260,258369,0
2008,381,1,752,"H3","291539",8,200,200,874,0
2008,381,2,752,"H3","291539",8,400,400,4112,0
2008,381,1,757,"H3","291539",8,4200,4200,35768,0
2008,381,2,757,"H3","291539",8,882905,882905,2077706,0
2008,381,2,752,"H3","282735",8,10000,10000,78070,0
2008,381,2,757,"H3","282735",8,5000,5000,38394,0
2008,381,2,757,"H3","282741",8,184000,184000,1061688,0
2008,381,1,752,"H3","291550",8,919040,919040,999834,0
2008,381,2,752,"H3","291550",8,1000,1000,2753,0
2008,381,2,757,"H3","291550",8,14400,14400,127699,0
2008,381,2,757,"H3","282749",8,1604919,1604919,509678,0
2008,381,2,757,"H3","282760",8,50,50,1799,0
2008,381,1,752,"H3","291570",8,49025,49025,195319,0
2008,381,2,752,"H3","291570",8,614200,614200,1257003,0
2008,381,1,757,"H3","291570",8,17917,17917,41222,0
2008,381,2,757,"H3","291570",8,1134022,1134022,2231405,0
2008,381,1,752,"H3","291590",8,1471983,1471983,3063944,0
2008,381,2,752,"H3","291590",8,400,400,4626,0
2008,381,1,757,"H3","291590",8,275955,275955,1354317,0
2008,381,2,757,"H3","291590",8,17681,17681,547649,0
2008,381,1,752,"H3","2916",8,34991,34991,204772,0
2008,381,2,752,"H3","2916",8,24013,24013,141467,0
2008,381,1,757,"H3","2916",8,69575,69575,2322279,0
2008,381,2,757,"H3","2916",8,213505,213505,1276655,0
2008,381,1,752,"H3","291614",8,22640,22640,46695,0
2008,381,1,757,"H3","291614",8,2859,2859,81128,0
2008,381,2,757,"H3","291614",8,2115,2115,21271,0
2008,381,1,752,"H3","291615",8,3800,3800,10833,0
2008,381,2,752,"H3","291615",8,1140,1140,3030,0
2008,381,2,757,"H3","291615",8,15565,15565,32010,0
2008,381,1,752,"H3","291619",8,1,1,263,0
2008,381,2,752,"H3","291619",8,25,25,128,0
2008,381,2,757,"H3","291619",8,30570,30570,370387,0
2008,381,2,757,"H3","291620",8,140,140,14631,0
2008,381,2,752,"H3","291631",8,20,20,267,0
2008,381,1,757,"H3","291631",8,31082,31082,138048,0
2008,381,2,757,"H3","291631",8,151320,151320,465283,0
2008,381,2,752,"H3","291632",8,16828,16828,106329,0
2008,381,2,757,"H3","291632",8,300,300,4449,0
2008,381,1,752,"H3","282890",8,4854,4854,42194,0
2008,381,2,752,"H3","282890",8,39120,39120,44995,0
2008,381,1,757,"H3","282890",8,4500,4500,2934,0
2008,381,2,757,"H3","2714",8,44790,44790,83708,0
2008,381,1,752,"H3","2917",8,37450,37450,81737,0
2008,381,2,752,"H3","2917",8,907578,907578,3080094,0
2008,381,1,757,"H3","2917",8,106822,106822,459548,0
2008,381,2,757,"H3","2917",8,7525911,7525911,27039127,0
2008,381,2,757,"H3","291711",8,780,780,14032,0
2008,381,2,757,"H3","282890",8,916578,916578,304093,0
2008,381,1,752,"H3","2829",8,191140,191140,250057,0
2008,381,2,752,"H3","2829",8,25238,25238,75439,0
2008,381,2,757,"H3","291713",8,948,948,115862,0
2008,381,2,757,"H3","2829",8,25380,25380,61518,0
2008,381,1,752,"H3","282911",8,182740,182740,237414,0
2008,381,2,752,"H3","282911",8,36,36,392,0
2008,381,2,757,"H3","282911",8,24000,24000,54617,0
2008,381,1,752,"H3","282919",8,8400,8400,12644,0
2008,381,2,752,"H3","291720",8,414100,414100,1868118,0
2008,381,2,757,"H3","291720",8,4552677,4552677,16072103,0
2008,381,2,752,"H3","291732",8,2945,2945,11299,0
2008,381,2,757,"H3","291732",8,25820,25820,41568,0
2008,381,2,752,"H3","282990",8,25202,25202,75047,0
2008,381,1,752,"H3","291734",8,3950,3950,7258,0
2008,381,1,757,"H3","291734",8,8400,8400,20022,0
2008,381,2,757,"H3","291734",8,600,600,1847,0
2008,381,2,757,"H3","291735",8,121800,121800,217277,0
2008,381,1,757,"H3","291736",8,102,102,1916,0
2008,381,1,757,"H3","291739",8,4800,4800,172668,0
2008,381,2,757,"H3","282990",8,1380,1380,6901,0
2008,381,1,757,"H3","280450",8,240,240,37741,0
2008,381,1,752,"H3","2830",8,15451,15451,57540,0
2008,381,2,752,"H3","291811",8,3300,3300,37762,0
2008,381,2,757,"H3","291811",8,45905,45905,135499,0
2008,381,2,752,"H3","291812",8,185000,185000,801237,0
2008,381,2,757,"H3","291812",8,122538,122538,624759,0
2008,381,2,752,"H3","291813",8,4000,4000,12920,0
2008,381,2,757,"H3","291813",8,2100,2100,15901,0
2008,381,1,752,"H3","283090",8,15451,15451,57540,0
2008,381,2,752,"H3","2832",8,118907,118907,80383,0
2008,381,2,752,"H3","291815",8,50,50,332,0
2008,381,2,757,"H3","291815",8,455945,455945,1373581,0
2008,381,1,757,"H3","2832",8,1040840,1040840,146000,0
2008,381,2,752,"H3","291819",8,338075,338075,1133385,0
2008,381,2,757,"H3","291819",8,17955,17955,4823992,0
2008,381,2,757,"H3","291823",8,1600,1600,5109,0
2008,381,2,752,"H3","291829",8,2400,2400,13767,0
2008,381,2,757,"H3","291829",8,19480,19480,69345,0
2008,381,1,757,"H3","291830",8,88802,88802,685885,0
2008,381,2,757,"H3","291830",8,1309,1309,378261,0
2008,381,2,752,"H3","291899",8,1,1,1,0
2008,381,1,757,"H3","291899",8,18767,18767,516405,0
2008,381,2,757,"H3","291899",8,20323,20323,5274558,0
2008,381,2,752,"H3","2919",8,47787,47787,248977,0
2008,381,2,757,"H3","2919",8,32190,32190,148205,0
2008,381,2,757,"H3","2832",8,722721,722721,592077,0
2008,381,1,752,"H3","2833",8,216219,216219,110360,0
2008,381,1,757,"H3","2920",8,254080,254080,1307931,0
2008,381,2,757,"H3","2920",8,2440,2440,16773,0
2008,381,1,757,"H3","292090",8,254080,254080,1307931,0
2008,381,2,757,"H3","292090",8,2440,2440,16773,0
2008,381,1,752,"H3","2921",8,1151107,1151107,4314612,0
2008,381,2,752,"H3","2921",8,731,731,5258,0
2008,381,1,757,"H3","2921",8,2568695,2568695,26257394,0
2008,381,2,757,"H3","2921",8,2265086,2265086,13687315,0
2008,381,1,752,"H3","292119",8,21765,21765,104007,0
2008,381,1,757,"H3","292119",8,341154,341154,3022670,0
2008,381,2,757,"H3","292119",8,13560,13560,43848,0
2008,381,1,752,"H3","292121",8,405776,405776,1219576,0
2008,381,2,752,"H3","2833",8,92930,92930,585244,0
2008,381,1,752,"H3","292129",8,723566,723566,2991028,0
2008,381,2,752,"H3","292129",8,81,81,1235,0
2008,381,1,757,"H3","292129",8,10794,10794,168547,0
2008,381,2,757,"H3","292129",8,23136,23136,137935,0
2008,381,1,757,"H3","292130",8,140,140,1737,0
2008,381,2,757,"H3","292130",8,12,12,10263,0
2008,381,1,757,"H3","2833",8,65796,65796,197538,0
2008,381,2,757,"H3","2833",8,893110,893110,967319,0
2008,381,1,757,"H3","292144",8,1690,1690,2978,0
2008,381,1,757,"H3","292149",8,2121708,2121708,22159640,0
2008,381,2,757,"H3","292149",8,1393715,1393715,10742755,0
2008,381,2,752,"H3","292151",8,650,650,4023,0
2008,381,1,757,"H3","292159",8,90709,90709,785239,0
2008,381,2,757,"H3","292159",8,420,420,3098,0
2008,381,1,752,"H3","2922",8,1728775,1728775,9857998,0
2008,381,2,752,"H3","2922",8,17557,17557,1099560,0
2008,381,1,757,"H3","2922",8,90692,90692,89219833,0
2008,381,2,757,"H3","2922",8,301688,301688,7451717,0
2008,381,2,757,"H3","283311",8,146600,146600,35169,0
2008,381,1,752,"H3","290516",8,331064,331064,659564,0
2008,381,2,757,"H3","283319",8,374650,374650,113643,0
2008,381,2,757,"H3","290544",8,44000,44000,73212,0
2008,381,1,752,"H3","290545",8,258670,258670,235226,0
2008,381,1,752,"H3","292219",8,641899,641899,5582376,0
2008,381,2,752,"H3","292219",8,101,101,5118,0
2008,381,1,757,"H3","292219",8,1789,1789,798268,0
2008,381,2,757,"H3","292219",8,228607,228607,2385820,0
2008,381,1,757,"H3","290545",8,2500,2500,5066,0
2008,381,1,757,"H3","292229",8,100,100,41343,0
2008,381,2,757,"H3","292229",8,105,105,36265,0
2008,381,1,757,"H3","292231",8,1105,1105,659831,0
2008,381,2,757,"H3","292239",8,2,2,3744,0
2008,381,1,752,"H3","292249",8,1279,1279,50931,0
2008,381,2,752,"H3","292249",8,4690,4690,83925,0
2008,381,1,757,"H3","292249",8,70951,70951,83572276,0
2008,381,2,757,"H3","292249",8,54503,54503,3272209,0
2008,381,1,752,"H3","292250",8,56877,56877,1515296,0
2008,381,2,752,"H3","292250",8,12766,12766,1010517,0
2008,381,1,757,"H3","292250",8,13782,13782,4123147,0
2008,381,2,757,"H3","292250",8,3181,3181,1704826,0
2008,381,1,752,"H3","2923",8,118834,118834,2449065,0
2008,381,2,752,"H3","2923",8,18450,18450,50741,0
2008,381,1,757,"H3","2923",8,2800,2800,107381,0
2008,381,2,757,"H3","2923",8,5782,5782,769202,0
2008,381,2,757,"H3","290545",8,1435303,1435303,2147522,0
2008,381,1,752,"H3","292320",8,5034,5034,1947639,0
2008,381,2,752,"H3","292320",8,5000,5000,7781,0
2008,381,1,757,"H3","292320",8,5,5,2091,0
2008,381,2,757,"H3","292320",8,3132,3132,761992,0
2008,381,1,752,"H3","292390",8,113800,113800,501425,0
2008,381,2,752,"H3","292390",8,13450,13450,42960,0
2008,381,1,757,"H3","292390",8,2793,2793,91565,0
2008,381,2,757,"H3","292390",8,2650,2650,7210,0
2008,381,1,752,"H3","2924",8,345,345,13500,0
2008,381,2,752,"H3","2924",8,308147,308147,3652472,0
2008,381,1,757,"H3","2924",8,154419,154419,34747900,0
2008,381,2,757,"H3","2924",8,96877,96877,3578218,0
2008,381,2,752,"H3","283510",8,15,15,310,0
2008,381,1,757,"H3","283510",8,52500,52500,230828,0
2008,381,2,752,"H3","292419",8,82087,82087,178205,0
2008,381,1,757,"H3","292419",8,80190,80190,824425,0
2008,381,2,757,"H3","292419",8,38188,38188,220395,0
2008,381,2,757,"H3","283510",8,23225,23225,96439,0
2008,381,1,752,"H3","2911",8,21,21,123513,0
2008,381,1,752,"H3","292429",8,6,6,145,0
2008,381,2,752,"H3","292429",8,224111,224111,3445491,0
2008,381,1,757,"H3","292429",8,74229,74229,33923475,0
2008,381,2,757,"H3","292429",8,44129,44129,3123590,0
2008,381,1,752,"H3","2925",8,25,25,211,0
2008,381,2,752,"H3","2925",8,9605,9605,84322,0
2008,381,1,757,"H3","2925",8,4305,4305,638291,0
2008,381,2,757,"H3","2925",8,144793,144793,1158114,0
2008,381,2,752,"H3","2911",8,6000,6000,23433,0
2008,381,1,757,"H3","291221",8,840,840,2368,0
2008,381,2,757,"H3","292519",8,53357,53357,159181,0
2008,381,1,752,"H3","292529",8,25,25,211,0
2008,381,2,752,"H3","292529",8,9605,9605,84322,0
2008,381,1,757,"H3","292529",8,2161,2161,59011,0
2008,381,2,757,"H3","292529",8,90436,90436,962932,0
2008,381,2,757,"H3","2926",8,58021,58021,346529,0
2008,381,2,752,"H3","291411",8,38161,38161,157924,0
2008,381,2,757,"H3","292690",8,52021,52021,320541,0
2008,381,2,752,"H3","2927",8,160,160,987,0
2008,381,2,757,"H3","2927",8,1285,1285,168565,0
2008,381,2,752,"H3","292700",8,160,160,987,0
2008,381,2,757,"H3","292700",8,1285,1285,168565,0
2008,381,2,752,"H3","2928",8,2,2,3472,0
2008,381,1,757,"H3","2928",8,8300,8300,10559945,0
2008,381,2,757,"H3","2928",8,18309,18309,3245261,0
2008,381,1,757,"H3","291411",8,241,241,14768,0
2008,381,2,757,"H3","291411",8,1795755,1795755,1956343,0
2008,381,1,757,"H3","291412",8,2080,2080,9343,0
2008,381,1,752,"H3","2929",8,1240,1240,6265,0
2008,381,2,752,"H3","2929",8,3985,3985,57793,0
2008,381,1,757,"H3","2929",8,29980,29980,79693,0
2008,381,2,757,"H3","2929",8,321770,321770,1047693,0
2008,381,1,752,"H3","292910",8,1240,1240,6265,0
2008,381,2,757,"H3","291412",8,6400,6400,12121,0
2008,381,1,752,"H3","291719",8,33500,33500,74479,0
2008,381,2,752,"H3","291719",8,350053,350053,636469,0
2008,381,1,757,"H3","292990",8,25,25,3061,0
2008,381,2,757,"H3","292990",8,280,280,1982,0
2008,381,1,752,"H3","2930",8,589,589,14902,0
2008,381,2,752,"H3","2930",8,22976,22976,228187,0
2008,381,1,757,"H3","2930",8,4226,4226,1659421,0
2008,381,2,757,"H3","2930",8,2185804,2185804,16898893,0
2008,381,2,752,"H3","293020",8,650,650,2995,0
2008,381,2,757,"H3","293020",8,77140,77140,90469,0
2008,381,1,757,"H3","291719",8,7800,7800,37038,0
2008,381,2,757,"H3","291719",8,514996,514996,4039122,0
2008,381,2,752,"H3","293040",8,450,450,3964,0
2008,381,2,757,"H3","293040",8,7225,7225,54059,0
2008,381,2,752,"H3","2918",8,532826,532826,1999405,0
2008,381,1,757,"H3","2918",8,114119,114119,1241511,0
2008,381,1,752,"H3","293090",8,580,580,13953,0
2008,381,2,752,"H3","293090",8,8001,8001,127710,0
2008,381,1,757,"H3","293090",8,4194,4194,1655119,0
2008,381,2,757,"H3","293090",8,2100417,2100417,16743713,0
2008,381,2,752,"H3","2931",8,104495,104495,549135,0
2008,381,1,757,"H3","2931",8,116492,116492,1140313,0
2008,381,2,757,"H3","2931",8,313355,313355,840196,0
2008,381,2,752,"H3","293100",8,104495,104495,549135,0
2008,381,1,757,"H3","293100",8,116492,116492,1140313,0
2008,381,2,757,"H3","293100",8,313355,313355,840196,0
2008,381,1,752,"H3","2932",8,6652,6652,33358,0
2008,381,2,752,"H3","2932",8,102,102,441856,0
2008,381,1,757,"H3","2932",8,445013,445013,23272323,0
2008,381,2,757,"H3","2932",8,136264,136264,8467128,0
2008,381,2,757,"H3","293211",8,41400,41400,182957,0
2008,381,2,757,"H3","293219",8,41,41,13309,0
2008,381,1,752,"H3","293229",8,6400,6400,27837,0
2008,381,1,757,"H3","293229",8,4560,4560,12122505,0
2008,381,2,757,"H3","293229",8,93340,93340,6257575,0
2008,381,2,757,"H3","2918",8,710431,710431,12740221,0
2008,381,1,752,"H3","283526",8,301000,301000,324177,0
2008,381,1,757,"H3","283526",8,17700,17700,108873,0
2008,381,2,757,"H3","283526",8,2731070,2731070,3591329,0
2008,381,1,752,"H3","2933",8,355231,355231,1826784,0
2008,381,2,752,"H3","2933",8,175157,175157,871817,0
2008,381,1,757,"H3","2933",8,880509,880509,1052331997,0
2008,381,2,757,"H3","2933",8,409007,409007,46607656,0
2008,381,2,757,"H3","292620",8,6000,6000,25987,0
2008,381,2,752,"H3","293030",8,13875,13875,93517,0
2008,381,2,757,"H3","293030",8,1022,1022,10652,0
2008,381,2,752,"H3","293321",8,1150,1150,48097,0
2008,381,2,757,"H3","293321",8,2,2,3083,0
2008,381,2,752,"H3","293329",8,589,589,54081,0
2008,381,1,757,"H3","293329",8,657,657,959656,0
2008,381,2,757,"H3","293329",8,215135,215135,3317065,0
2008,381,2,757,"H3","293331",8,1185,1185,535102,0
2008,381,1,757,"H3","293333",8,1093,1093,85755143,0
2008,381,2,757,"H3","293333",8,832,832,785040,0
2008,381,2,752,"H3","293339",8,8176,8176,73398,0
2008,381,1,757,"H3","293339",8,70905,70905,15333971,0
2008,381,2,757,"H3","293339",8,66889,66889,9603330,0
2008,381,1,757,"H3","293349",8,630,630,175755,0
2008,381,2,757,"H3","293349",8,71,71,62409,0
2008,381,1,757,"H3","291814",8,4000,4000,7208,0
2008,381,2,757,"H3","291814",8,23276,23276,39216,0
2008,381,2,757,"H3","290513",8,16340,16340,29762,0
2008,381,1,752,"H3","293359",8,351017,351017,1698397,0
2008,381,2,752,"H3","293359",8,150347,150347,566623,0
2008,381,1,757,"H3","293359",8,5620,5620,33285505,0
2008,381,2,757,"H3","293359",8,17018,17018,15281306,0
2008,381,1,752,"H3","293369",8,180,180,2530,0
2008,381,2,752,"H3","293369",8,11703,11703,33361,0
2008,381,1,757,"H3","293369",8,94798,94798,262646,0
2008,381,2,757,"H3","293369",8,38892,38892,568108,0
2008,381,2,752,"H3","293379",8,2596,2596,68045,0
2008,381,1,757,"H3","293379",8,11885,11885,1770687,0
2008,381,2,757,"H3","293379",8,6004,6004,642623,0
2008,381,2,752,"H3","293391",8,50,50,16738,0
2008,381,1,757,"H3","293391",8,849,849,12023665,0
2008,381,2,757,"H3","293391",8,2474,2474,1072580,0
2008,381,1,757,"H3","292310",8,2,2,13726,0
2008,381,1,757,"H3","280620",8,1067300,1067300,553894,0
2008,381,1,752,"H3","283429",8,19820,19820,40085,0
2008,381,2,752,"H3","283429",8,26400,26400,75027,0
2008,381,1,752,"H3","2934",8,268,268,127453,0
2008,381,2,752,"H3","2934",8,8489,8489,87684,0
2008,381,1,757,"H3","2934",8,36441,36441,16425539,0
2008,381,2,757,"H3","2934",8,579595,579595,22038962,0
2008,381,1,757,"H3","293410",8,6879,6879,1932664,0
2008,381,2,757,"H3","293410",8,6168,6168,1754121,0
2008,381,2,752,"H3","293420",8,7950,7950,41013,0
2008,381,2,757,"H3","293420",8,4360,4360,32126,0
2008,381,1,752,"H3","293430",8,237,237,30535,0
2008,381,2,752,"H3","293430",8,502,502,21751,0
2008,381,1,757,"H3","293430",8,530,530,219679,0
2008,381,2,757,"H3","293430",8,58,58,22977,0
2008,381,2,757,"H3","293491",8,350,350,60329,0
2008,381,1,752,"H3","293499",8,31,31,96918,0
2008,381,2,752,"H3","293499",8,37,37,24920,0
2008,381,1,757,"H3","293499",8,29032,29032,14273195,0
2008,381,2,757,"H3","293499",8,568659,568659,20169409,0
2008,381,2,752,"H3","2935",8,492091,492091,11616939,0
2008,381,1,757,"H3","2935",8,48164,48164,18497492,0
2008,381,2,757,"H3","2935",8,31058,31058,5822807,0
2008,381,2,752,"H3","293500",8,492091,492091,11616939,0
2008,381,1,757,"H3","293500",8,48164,48164,18497492,0
2008,381,2,757,"H3","293500",8,31058,31058,5822807,0
2008,381,2,752,"H3","2936",8,1409,1409,110017,0
2008,381,1,757,"H3","2936",8,255717,255717,14276230,0
2008,381,2,757,"H3","2936",8,49017,49017,11242566,0
2008,381,2,752,"H3","293621",8,3,3,470,0
2008,381,1,757,"H3","293621",8,3,3,13792,0
2008,381,2,757,"H3","293621",8,1951,1951,8522490,0
2008,381,2,757,"H3","283429",8,31350,31350,22720,0
2008,381,2,757,"H3","293311",8,1500,1500,18353,0
2008,381,2,752,"H3","292800",8,2,2,3472,0
2008,381,1,757,"H3","292800",8,8300,8300,10559945,0
2008,381,2,757,"H3","292800",8,18309,18309,3245261,0
2008,381,1,757,"H3","292142",8,2500,2500,116583,0
2008,381,2,757,"H3","292142",8,5003,5003,10683,0
2008,381,2,752,"H3","293627",8,425,425,7414,0
2008,381,2,757,"H3","293627",8,37000,37000,444351,0
2008,381,1,757,"H3","293628",8,1,1,2850,0
2008,381,2,757,"H3","293628",8,75,75,4184,0
2008,381,2,752,"H3","293629",8,130,130,2386,0
2008,381,1,757,"H3","293629",8,253181,253181,13819719,0
2008,381,2,757,"H3","293629",8,4948,4948,912937,0
2008,381,2,752,"H3","293690",8,528,528,12289,0
2008,381,1,757,"H3","293690",8,2371,2371,429223,0
2008,381,2,757,"H3","293690",8,4986,4986,1332291,0
2008,381,1,752,"H3","293399",8,4029,4029,124032,0
2008,381,2,752,"H3","2937",8,7,7,59315,0
2008,381,1,757,"H3","2937",8,24975,24975,496062633,0
2008,381,2,757,"H3","2937",8,32334,32334,75644640,0
2008,381,1,752,"H3","290542",8,82000,82000,168223,0
2008,381,1,757,"H3","292221",8,1200,1200,13103,0
2008,381,1,752,"H3","293719",8,6,6,10139,0
2008,381,1,757,"H3","293719",8,637,637,381622553,0
2008,381,2,757,"H3","293719",8,1,1,315491,0
2008,381,1,757,"H3","293721",8,1099,1099,720098,0
2008,381,2,757,"H3","293721",8,3355,3355,1908087,0
2008,381,2,752,"H3","293722",8,7,7,59315,0
2008,381,1,757,"H3","293722",8,4911,4911,35275934,0
2008,381,2,757,"H3","293722",8,5090,5090,32882759,0
2008,381,1,757,"H3","293723",8,17165,17165,19074853,0
2008,381,2,757,"H3","293723",8,18526,18526,19800664,0
2008,381,2,752,"H3","293399",8,546,546,11474,0
2008,381,1,752,"H3","290612",8,3,3,396,0
2008,381,1,757,"H3","293399",8,693118,693118,901984799,0
2008,381,1,757,"H3","293740",8,4,4,19368,0
2008,381,2,757,"H3","293740",8,4,4,16092,0
2008,381,2,757,"H3","293750",8,0,0,1615,0
2008,381,1,752,"H3","293790",8,1,1,396,0
2008,381,1,757,"H3","293790",8,32,32,1221005,0
2008,381,2,757,"H3","293790",8,924,924,8453621,0
2008,381,1,752,"H3","2938",8,74080,74080,295504,0
2008,381,1,757,"H3","2938",8,154505,154505,39061586,0
2008,381,2,757,"H3","2938",8,1408,1408,748935,0
2008,381,1,752,"H3","2807",8,28070,28070,45620,0
2008,381,1,752,"H3","293890",8,74080,74080,295504,0
2008,381,1,757,"H3","293890",8,28741,28741,16542637,0
2008,381,2,757,"H3","293890",8,1408,1408,748935,0
2008,381,2,752,"H3","2807",8,23120,23120,40423,0
2008,381,1,757,"H3","2807",8,191880,191880,80642,0
2008,381,2,757,"H3","2807",8,1435141,1435141,373723,0
2008,381,1,757,"H3","290619",8,4022,4022,520226,0
2008,381,1,757,"H3","293911",8,2711,2711,1186774,0
2008,381,2,757,"H3","293911",8,1260,1260,488652,0
2008,381,2,752,"H3","293919",8,280,280,39078,0
2008,381,1,757,"H3","293919",8,27,27,12163,0
2008,381,1,752,"H3","293930",8,42,42,145,0
2008,381,2,752,"H3","293930",8,325,325,4294,0
2008,381,1,757,"H3","293930",8,16559,16559,28106,0
2008,381,2,757,"H3","293930",8,400,400,6842,0
2008,381,2,757,"H3","290619",8,6845,6845,21299,0
2008,381,2,757,"H3","293949",8,23,23,112978,0
2008,381,2,757,"H3","293959",8,1450,1450,315088,0
2008,381,2,757,"H3","290621",8,420,420,1862,0
2008,381,2,757,"H3","293399",8,29905,29905,9760368,0
2008,381,1,757,"H3","293969",8,315,315,16430333,0
2008,381,2,757,"H3","293969",8,481,481,737093,0
2008,381,1,757,"H3","293999",8,113,113,824287,0
2008,381,2,757,"H3","293999",8,657,657,7006416,0
2008,381,1,752,"H3","2940",8,12,12,40,0
2008,381,2,752,"H3","2940",8,45050,45050,625680,0
2008,381,1,757,"H3","2940",8,324412,324412,4690374,0
2008,381,2,757,"H3","2940",8,38867,38867,963538,0
2008,381,1,752,"H3","294000",8,12,12,40,0
2008,381,2,752,"H3","294000",8,45050,45050,625680,0
2008,381,1,757,"H3","294000",8,324412,324412,4690374,0
2008,381,2,757,"H3","294000",8,38867,38867,963538,0
2008,381,2,752,"H3","293622",8,25,25,1285,0
2008,381,2,752,"H3","293623",8,2,2,238,0
2008,381,2,752,"H3","290713",8,217360,217360,473163,0
2008,381,1,757,"H3","290713",8,135200,135200,404339,0
2008,381,2,752,"H3","294110",8,15634,15634,4196825,0
2008,381,2,757,"H3","294110",8,4566,4566,809465,0
2008,381,2,752,"H3","294130",8,3945,3945,32847,0
2008,381,1,757,"H3","294130",8,1139,1139,87496,0
2008,381,2,757,"H3","294130",8,431,431,381304,0
2008,381,1,757,"H3","294140",8,113,113,33587,0
2008,381,2,757,"H3","294140",8,550,550,23557,0
2008,381,2,757,"H3","290713",8,45680,45680,94222,0
2008,381,2,752,"H3","292421",8,1949,1949,28777,0
2008,381,2,757,"H3","292421",8,2560,2560,202828,0
2008,381,2,757,"H3","290715",8,9750,9750,61823,0
2008,381,1,752,"H3","2942",8,4865,4865,122839,0
2008,381,1,757,"H3","2942",8,497,497,7117,6
2008,381,2,757,"H3","2942",8,1425,1425,667045,0
2008,381,1,752,"H3","294200",8,4865,4865,122839,0
2008,381,1,757,"H3","294200",8,497,497,7117,6
2008,381,2,757,"H3","294200",8,1425,1425,667045,0
2008,381,1,752,"H3","30",1,,,282650632,0
2008,381,2,752,"H3","30",1,,,138858332,0
2008,381,1,757,"H3","30",1,,,2689110360,0
2008,381,2,757,"H3","30",1,,,2397270824,0
2008,381,2,752,"H3","3001",8,5,5,26134,0
2008,381,1,757,"H3","3001",8,3,3,3524,0
2008,381,2,757,"H3","3001",8,162,162,185201,0
2008,381,2,752,"H3","300120",8,1,1,4410,0
2008,381,2,757,"H3","300120",8,129,129,77768,0
2008,381,2,752,"H3","300190",8,4,4,21724,0
2008,381,1,757,"H3","300190",8,3,3,3524,0
2008,381,2,757,"H3","300190",8,33,33,107433,0
2008,381,2,752,"H3","290719",8,1350,1350,347854,0
2008,381,1,757,"H3","293299",8,440453,440453,11149817,0
2008,381,2,757,"H3","293299",8,1483,1483,2013287,0
2008,381,1,757,"H3","290719",8,1471100,1471100,3718306,0
2008,381,1,752,"H3","300210",8,1100,1100,1685172,0
2008,381,2,752,"H3","300210",8,1219,1219,14405254,0
2008,381,1,757,"H3","300210",8,48286,48286,1252316328,0
2008,381,2,757,"H3","300210",8,1718,1718,19056240,0
2008,381,1,752,"H3","300220",8,1884,1884,615191,0
2008,381,1,757,"H3","300220",8,8849,8849,5940846,0
2008,381,2,757,"H3","300220",8,3889,3889,1607973,0
2008,381,2,757,"H3","300230",8,204,204,32578,0
2008,381,1,752,"H3","300290",8,297,297,46306,0
2008,381,2,752,"H3","300290",8,22290,22290,407108,0
2008,381,1,757,"H3","300290",8,18901,18901,1715202,0
2008,381,2,757,"H3","300290",8,9872,9872,850387,0
2008,381,2,757,"H3","290719",8,200,200,1542,0
2008,381,2,752,"H3","293624",8,25,25,551,0
2008,381,1,757,"H3","292511",8,2144,2144,579280,0
2008,381,2,757,"H3","292511",8,1000,1000,36000,0
2008,381,1,752,"H3","291100",8,21,21,123513,0
2008,381,2,752,"H3","300320",8,601,601,12384,0
2008,381,1,757,"H3","300320",8,62,62,485785,0
2008,381,2,757,"H3","300320",8,9599,9599,10530181,0
2008,381,2,757,"H3","300339",8,25,25,185773,0
2008,381,1,752,"H3","300390",8,29917,29917,48150181,0
2008,381,2,752,"H3","300390",8,5765060,5765060,8676635,0
2008,381,1,757,"H3","300390",8,372807,372807,26105801,0
2008,381,2,757,"H3","300390",8,122369,122369,5724380,0
2008,381,2,752,"H3","291100",8,6000,6000,23433,0
2008,381,2,757,"H3","291211",8,11648280,11648280,3547033,0
2008,381,2,757,"H3","291230",8,380,380,8834,0
2008,381,1,752,"H3","291242",8,1400,1400,31740,0
2008,381,2,752,"H3","300410",8,77307,77307,8701429,0
2008,381,1,757,"H3","300410",8,10568,10568,1324454,0
2008,381,2,757,"H3","300410",8,31841,31841,1336189,0
2008,381,1,757,"H3","291250",8,250420,250420,3052817,0
2008,381,2,757,"H3","291250",8,49700,49700,140096,0
2008,381,1,752,"H3","291260",8,951,951,25369,0
2008,381,2,757,"H3","291260",8,43990,43990,61042,0
2008,381,1,757,"H3","293624",8,161,161,10647,0
2008,381,2,752,"H3","293625",8,270,270,85091,0
2008,381,2,752,"H3","300432",8,9252,9252,791038,0
2008,381,1,757,"H3","300432",8,12588,12588,1927553,0
2008,381,2,757,"H3","300432",8,4398,4398,407855,0
2008,381,1,752,"H3","300439",8,396,396,867585,0
2008,381,2,752,"H3","300439",8,8699,8699,1488333,0
2008,381,1,757,"H3","300439",8,48210,48210,69349919,0
2008,381,2,757,"H3","300439",8,123774,123774,802651294,0
2008,381,1,752,"H3","300440",8,9310,9310,912835,0
2008,381,2,752,"H3","300440",8,4263,4263,7814931,0
2008,381,1,757,"H3","300440",8,17738,17738,14162014,0
2008,381,2,757,"H3","300440",8,4941,4941,3077289,0
2008,381,1,752,"H3","300450",8,6077,6077,5345544,0
2008,381,2,752,"H3","300450",8,56,56,9076,0
2008,381,1,757,"H3","300450",8,28974,28974,2905729,0
2008,381,2,757,"H3","300450",8,65792,65792,3274032,0
2008,381,1,752,"H3","300490",8,1402169,1402169,201159801,0
2008,381,2,752,"H3","300490",8,1289307,1289307,71952179,0
2008,381,1,757,"H3","300490",8,3896525,3896525,1151299609,0
2008,381,2,757,"H3","300490",8,9266644,9266644,1505182864,0
2008,381,2,757,"H3","293625",8,57,57,26313,0
2008,381,2,757,"H3","291413",8,14192,14192,26859,0
2008,381,2,757,"H3","291421",8,1000,1000,5007,0
2008,381,1,757,"H3","290322",8,34980,34980,11252,0
2008,381,1,752,"H3","300510",8,145005,145005,4355060,0
2008,381,2,752,"H3","300510",8,25182,25182,619083,0
2008,381,1,757,"H3","300510",8,87552,87552,8842709,0
2008,381,2,757,"H3","300510",8,870394,870394,7861506,0
2008,381,2,757,"H3","291423",8,1560,1560,18483,0
2008,381,1,752,"H3","2915",8,11397784,11397784,14406229,0
2008,381,2,752,"H3","2915",8,619890,619890,1294576,0
2008,381,1,757,"H3","2915",8,1619882,1619882,3226257,0
2008,381,2,757,"H3","2915",8,2341051,2341051,5726571,0
2008,381,1,752,"H3","291511",8,377922,377922,593545,0
2008,381,1,757,"H3","291511",8,43240,43240,27460,0
2008,381,2,757,"H3","291511",8,13694,13694,30828,0
2008,381,1,752,"H3","300610",8,66,66,27575,0
2008,381,2,752,"H3","300610",8,25,25,18494,0
2008,381,1,757,"H3","300610",8,659,659,670344,0
2008,381,2,757,"H3","300610",8,189,189,148805,0
2008,381,2,752,"H3","300620",8,2,2,2834,0
2008,381,1,757,"H3","300620",8,9708,9708,1511478,0
2008,381,2,757,"H3","300620",8,68,68,39703,0
2008,381,1,752,"H3","300630",8,1,1,1746,0
2008,381,2,752,"H3","300630",8,37997,37997,3505617,0
2008,381,1,757,"H3","300630",8,8902,8902,3303060,0
2008,381,2,757,"H3","300630",8,34952,34952,7571111,0
2008,381,1,752,"H3","300640",8,438,438,83391,0
2008,381,2,752,"H3","300640",8,2591,2591,132783,0
2008,381,1,757,"H3","300640",8,14172,14172,4057796,0
2008,381,2,757,"H3","300640",8,292164,292164,12293916,0
2008,381,1,752,"H3","291512",8,2024325,2024325,1212963,0
2008,381,2,757,"H3","291512",8,2250,2250,2295,0
2008,381,1,757,"H3","291524",8,923160,923160,1358324,0
2008,381,2,757,"H3","300660",8,54,54,4465,0
2008,381,2,752,"H3","300670",8,7,7,21,0
2008,381,1,757,"H3","300670",8,49,49,18426,0
2008,381,2,757,"H3","300670",8,492,492,1700,0
2008,381,1,757,"H3","291531",8,56360,56360,45648,0
2008,381,1,752,"H3","291540",8,6555289,6555289,8339751,0
2008,381,1,757,"H3","291540",8,10000,10000,55710,0
2008,381,2,757,"H3","291540",8,105,105,13076,0
2008,381,1,752,"H3","291639",8,8550,8550,146981,0
2008,381,2,752,"H3","291639",8,6000,6000,31713,0
2008,381,1,757,"H3","3101",8,12810,12810,35103,0
2008,381,2,757,"H3","3101",8,2051689,2051689,723650,0
2008,381,1,757,"H3","310100",8,12810,12810,35103,0
2008,381,2,757,"H3","310100",8,2051689,2051689,723650,0
2008,381,1,752,"H3","3102",8,99120,99120,97247,0
2008,381,2,752,"H3","3102",8,191440,191440,290555,0
2008,381,1,757,"H3","3102",8,555460,555460,111646,0
2008,381,2,757,"H3","3102",8,540752,540752,368801,0
2008,381,2,757,"H3","310210",8,46000,46000,45368,0
2008,381,1,757,"H3","291639",8,35634,35634,2103103,0
2008,381,2,757,"H3","291639",8,13495,13495,368625,0
2008,381,2,752,"H3","291712",8,140480,140480,564207,0
2008,381,1,757,"H3","291712",8,85720,85720,227905,0
2008,381,2,757,"H3","291712",8,2229590,2229590,6357620,0
2008,381,2,757,"H3","291714",8,3000,3000,6313,0
2008,381,1,757,"H3","293352",8,29,29,9136,0
2008,381,2,757,"H3","310290",8,6610,6610,16370,0
2008,381,2,757,"H3","3104",8,38800,38800,32046,0
2008,381,1,752,"H3","293050",8,9,9,949,0
2008,381,2,757,"H3","310490",8,2300,2300,4243,0
2008,381,1,752,"H3","3105",8,5110,5110,6851,0
2008,381,2,752,"H3","3105",8,776,776,352,0
2008,381,1,757,"H3","3105",8,320640,320640,2810517,0
2008,381,2,757,"H3","291733",8,75700,75700,173383,0
2008,381,1,757,"H3","293050",8,32,32,4302,0
2008,381,2,752,"H3","310520",8,48,48,144,0
2008,381,1,757,"H3","310520",8,18000,18000,27522,0
2008,381,2,757,"H3","310520",8,90503,90503,123215,0
2008,381,1,752,"H3","293299",8,252,252,5521,0
2008,381,2,752,"H3","293299",8,102,102,441856,0
2008,381,2,757,"H3","310560",8,71173,71173,187534,0
2008,381,1,757,"H3","310590",8,302640,302640,2782996,0
2008,381,2,757,"H3","310590",8,97566,97566,84605,0
2008,381,1,752,"H3","32",1,,,12430791,0
2008,381,2,752,"H3","32",1,,,26619186,0
2008,381,1,757,"H3","32",1,,,52895876,0
2008,381,2,757,"H3","32",1,,,60794958,0
2008,381,2,752,"H3","3201",8,3318,3318,9339,0
2008,381,1,757,"H3","3201",8,3155,3155,53351,0
2008,381,2,757,"H3","3201",8,8875,8875,109957,0
2008,381,2,752,"H3","320190",8,3318,3318,9339,0
2008,381,1,757,"H3","320190",8,3155,3155,53351,0
2008,381,2,757,"H3","320190",8,8875,8875,109957,0
2008,381,1,757,"H3","293353",8,520,520,518221,0
2008,381,1,752,"H3","293355",8,5,5,1825,0
2008,381,1,757,"H3","291816",8,2550,2550,32013,0
2008,381,2,752,"H3","291990",8,47787,47787,248977,0
2008,381,2,757,"H3","291990",8,32190,32190,148205,0
2008,381,2,752,"H3","320290",8,744,744,781,0
2008,381,2,757,"H3","320290",8,12500,12500,13434,0
2008,381,1,752,"H3","3203",8,3288,3288,14542,0
2008,381,2,752,"H3","3203",8,13487,13487,92356,0
2008,381,1,757,"H3","3203",8,1222,1222,5594,6
2008,381,2,757,"H3","3203",8,7160,7160,113297,0
2008,381,1,752,"H3","320300",8,3288,3288,14542,0
2008,381,2,752,"H3","320300",8,13487,13487,92356,0
2008,381,1,757,"H3","320300",8,1222,1222,5594,6
2008,381,2,757,"H3","320300",8,7160,7160,113297,0
2008,381,2,757,"H3","292122",8,829240,829240,2738734,0
2008,381,1,752,"H3","2937",8,7,7,10535,0
2008,381,2,757,"H3","292212",8,8000,8000,23227,0
2008,381,1,752,"H3","290541",8,1141270,1141270,2124929,0
2008,381,1,757,"H3","292213",8,1765,1765,11864,0
2008,381,2,757,"H3","292213",8,1290,1290,9062,0
2008,381,1,757,"H3","293729",8,934,934,10388371,0
2008,381,2,757,"H3","293729",8,4434,4434,12261187,0
2008,381,2,757,"H3","293739",8,0,0,2936,0
2008,381,1,752,"H3","2939",1,,42,145,0
2008,381,2,752,"H3","2939",1,,605,43372,0
2008,381,1,757,"H3","320413",8,99574,99574,586409,0
2008,381,2,757,"H3","320413",8,125,125,3209,0
2008,381,1,757,"H3","2939",1,,,18852876,0
2008,381,2,757,"H3","2939",1,,4271,8667070,0
2008,381,1,757,"H3","293961",1,,,8866,0
2008,381,1,752,"H3","320416",8,400,400,5866,0
2008,381,2,752,"H3","320416",8,67,67,1029,0
2008,381,1,757,"H3","320416",8,56460,56460,1332325,0
2008,381,2,757,"H3","320416",8,12513,12513,96978,0
2008,381,1,757,"H3","293962",8,8,8,360262,0
2008,381,1,752,"H3","2941",8,210,210,543872,0
2008,381,2,752,"H3","2941",8,19581,19581,4233544,0
2008,381,1,757,"H3","2941",8,158532,158532,632234291,0
2008,381,2,757,"H3","2941",8,248750,248750,53797644,0
2008,381,1,752,"H3","294190",8,210,210,543872,0
2008,381,2,752,"H3","294190",8,2,2,3872,0
2008,381,1,752,"H3","320420",8,31900,31900,51078,0
2008,381,2,752,"H3","320420",8,2287057,2287057,2865625,0
2008,381,1,757,"H3","320420",8,194291,194291,684326,0
2008,381,2,757,"H3","320420",8,59500,59500,189316,0
2008,381,1,757,"H3","320490",8,4431,4431,296417,0
2008,381,1,752,"H3","3205",8,1016,1016,18103,0
2008,381,2,752,"H3","3205",8,1,1,12,0
2008,381,1,757,"H3","3205",8,1028,1028,14194,0
2008,381,2,757,"H3","3205",8,973,973,25648,0
2008,381,1,752,"H3","320500",8,1016,1016,18103,0
2008,381,2,752,"H3","320500",8,1,1,12,0
2008,381,1,757,"H3","320500",8,1028,1028,14194,0
2008,381,2,757,"H3","320500",8,973,973,25648,0
2008,381,1,757,"H3","294190",8,157280,157280,632113207,0
2008,381,2,757,"H3","294190",8,243203,243203,52583317,0
2008,381,1,752,"H3","3003",8,29917,29917,48150181,0
2008,381,2,752,"H3","3003",8,5765661,5765661,8689019,0
2008,381,1,752,"H3","320611",8,1079873,1079873,2778015,0
2008,381,1,757,"H3","320611",8,5935,5935,16144,0
2008,381,1,752,"H3","320619",8,174730,174730,271111,0
2008,381,2,752,"H3","320619",8,129754,129754,377468,0
2008,381,1,757,"H3","320619",8,1000,1000,7048,0
2008,381,2,757,"H3","320619",8,149589,149589,511028,0
2008,381,2,752,"H3","320620",8,750,750,1542,0
2008,381,1,757,"H3","320620",8,6921,6921,22722,0
2008,381,2,757,"H3","320620",8,12756,12756,137803,0
2008,381,1,757,"H3","3003",8,372869,372869,26591586,0
2008,381,1,757,"H3","290941",8,2100,2100,3715,0
2008,381,2,757,"H3","3003",8,132411,132411,16484374,0
2008,381,2,757,"H3","320642",8,3774,3774,28620,0
2008,381,1,752,"H3","320649",8,443,443,2848,0
2008,381,2,752,"H3","320649",8,8931,8931,71206,0
2008,381,1,757,"H3","320649",8,70127,70127,1611778,0
2008,381,2,757,"H3","320649",8,320870,320870,2889819,0
2008,381,1,757,"H3","320650",8,37,37,17642,0
2008,381,2,757,"H3","320650",8,122,122,6862,0
2008,381,2,757,"H3","300310",8,418,418,44039,0
2008,381,1,757,"H3","293319",8,405,405,252812,0
2008,381,2,752,"H3","300431",8,29032,29032,4668361,0
2008,381,1,757,"H3","300431",8,2706,2706,86680,0
2008,381,2,752,"H3","320710",8,302950,302950,610281,0
2008,381,1,757,"H3","320710",8,1241,1241,55725,0
2008,381,2,757,"H3","320710",8,106458,106458,665204,0
2008,381,1,752,"H3","320720",8,33,33,182,0
2008,381,1,757,"H3","320720",8,200,200,7248,0
2008,381,2,752,"H3","320730",8,40,40,1012,0
2008,381,2,757,"H3","320730",8,633,633,4102,0
2008,381,2,752,"H3","320740",8,17111,17111,137976,0
2008,381,2,757,"H3","320740",8,11053,11053,94282,0
2008,381,2,752,"H3","292910",8,3985,3985,57793,0
2008,381,1,757,"H3","292910",8,29955,29955,76632,0
2008,381,1,752,"H3","3006",8,1337,1337,238597,0
2008,381,2,752,"H3","3006",8,40750,40750,3660724,0
2008,381,1,757,"H3","3006",8,33490,33490,9561104,0
2008,381,2,757,"H3","3006",8,328669,328669,20073621,0
2008,381,1,757,"H3","291513",8,780,780,3757,0
2008,381,2,757,"H3","291513",8,25120,25120,49643,0
2008,381,1,752,"H3","320820",8,54691,54691,286000,0
2008,381,2,752,"H3","320820",8,440131,440131,2311921,0
2008,381,1,757,"H3","320820",8,183968,183968,2208419,0
2008,381,2,757,"H3","320820",8,389231,389231,3902246,0
2008,381,2,752,"H3","291560",8,1000,1000,3474,0
2008,381,2,757,"H3","291560",8,2060,2060,7222,0
2008,381,1,752,"H3","310240",8,99120,99120,97247,0
2008,381,2,752,"H3","310240",8,190950,190950,289922,0
2008,381,2,757,"H3","310240",8,948,948,3000,0
2008,381,2,757,"H3","292910",8,321490,321490,1045711,0
2008,381,2,757,"H3","293319",8,29100,29100,4958287,0
2008,381,2,757,"H3","310420",8,36500,36500,27803,0
2008,381,1,757,"H3","320210",8,126250,126250,558553,0
2008,381,2,757,"H3","320210",8,43300,43300,93316,0
2008,381,2,752,"H3","293626",8,1,1,294,0
2008,381,2,757,"H3","292211",8,6000,6000,16564,0
2008,381,1,752,"H3","292212",8,1028720,1028720,2709396,0
2008,381,2,757,"H3","292411",8,12000,12000,31405,0
2008,381,1,757,"H3","293941",8,5,5,2085,0
2008,381,2,752,"H3","320419",8,151449,151449,454958,0
2008,381,1,757,"H3","320419",8,32175,32175,412010,0
2008,381,2,757,"H3","320419",8,180874,180874,1256764,0
2008,381,1,752,"H3","3206",8,1255046,1255046,3051975,0
2008,381,2,752,"H3","3206",8,141793,141793,463481,0
2008,381,1,757,"H3","3206",8,84540,84540,1687375,0
2008,381,2,757,"H3","3206",8,488858,488858,3590834,0
2008,381,2,752,"H3","320641",8,2358,2358,13265,0
2008,381,1,757,"H3","320641",8,520,520,12042,0
2008,381,1,752,"H3","3211",8,595,595,2075,0
2008,381,2,752,"H3","3211",8,382180,382180,2007283,0
2008,381,1,757,"H3","3211",8,5174,5174,116946,0
2008,381,1,752,"H3","321100",8,595,595,2075,0
2008,381,2,752,"H3","321100",8,382180,382180,2007283,0
2008,381,1,757,"H3","321100",8,5174,5174,116946,0
2008,381,2,757,"H3","320641",8,1747,1747,16702,0
2008,381,1,752,"H3","3005",8,147183,147183,4448931,0
2008,381,2,752,"H3","3005",8,27053,27053,665935,0
2008,381,1,757,"H3","3005",8,154488,154488,10705359,0
2008,381,2,757,"H3","3005",8,910631,910631,8900281,0
2008,381,1,752,"H3","31",1,,,124785,0
2008,381,2,752,"H3","31",1,,,290907,0
2008,381,1,757,"H3","31",1,,,2957266,0
2008,381,1,752,"H3","321290",8,65772,65772,364890,0
2008,381,2,752,"H3","321290",8,6062,6062,79141,0
2008,381,1,757,"H3","321290",8,8000,8000,47878,0
2008,381,2,757,"H3","321290",8,30785,30785,297742,0
2008,381,2,757,"H3","31",1,,,1525103,0
2008,381,2,757,"H3","3105",8,262167,262167,400605,0
2008,381,1,752,"H3","292412",8,339,339,13354,0
2008,381,2,752,"H3","321310",8,3454,3454,29280,0
2008,381,2,757,"H3","321310",8,10655,10655,83354,0
2008,381,2,752,"H3","321390",8,51254,51254,206867,0
2008,381,1,757,"H3","321390",8,1539,1539,35123,0
2008,381,2,757,"H3","321390",8,18638,18638,83934,0
2008,381,1,757,"H3","3210",8,75913,75913,286609,0
2008,381,2,757,"H3","3210",8,259162,259162,1233559,0
2008,381,1,757,"H3","321000",8,75913,75913,286609,0
2008,381,2,757,"H3","321000",8,259162,259162,1233559,0
2008,381,1,757,"H3","293711",8,193,193,47740451,0
2008,381,2,752,"H3","321410",8,159400,159400,407297,0
2008,381,1,757,"H3","321410",8,964482,964482,4510196,0
2008,381,2,757,"H3","321410",8,778925,778925,2783398,0
2008,381,1,752,"H3","321490",8,709559,709559,421209,0
2008,381,2,752,"H3","321490",8,790411,790411,375537,0
2008,381,1,757,"H3","321490",8,234139,234139,459560,0
2008,381,2,757,"H3","321490",8,59031632,59031632,12447333,0
2008,381,2,752,"H3","320411",8,70,70,270,0
2008,381,1,757,"H3","320411",8,126861,126861,1370895,0
2008,381,2,757,"H3","293711",8,0,0,2189,0
2008,381,2,757,"H3","320411",8,62385,62385,854897,0
2008,381,1,752,"H3","321511",8,26963,26963,433446,0
2008,381,2,752,"H3","321511",8,13181,13181,54959,0
2008,381,1,757,"H3","321511",8,89471,89471,555901,0
2008,381,2,757,"H3","321511",8,335234,335234,993223,0
2008,381,1,752,"H3","320412",8,983,983,140754,0
2008,381,2,752,"H3","320412",8,14143,14143,220476,0
2008,381,1,757,"H3","320990",8,1325976,1325976,7428730,0
2008,381,1,757,"H3","320412",8,2064472,2064472,17321430,0
2008,381,1,757,"H3","293810",8,125764,125764,22518949,0
2008,381,2,757,"H3","320412",8,99231,99231,1037164,0
2008,381,2,752,"H3","320414",8,114505,114505,777466,0
2008,381,1,757,"H3","320414",8,303511,303511,2094775,0
2008,381,1,752,"H3","33",1,,,2536458,0
2008,381,2,752,"H3","33",1,,,26932614,0
2008,381,1,757,"H3","33",1,,,77955987,0
2008,381,2,757,"H3","33",1,,,99060517,0
2008,381,2,757,"H3","320414",8,49583,49583,288455,0
2008,381,2,757,"H3","320990",8,398963,398963,2246702,0
2008,381,1,752,"H3","320417",8,1305,1305,14620,0
2008,381,2,752,"H3","320417",8,36739,36739,416478,0
2008,381,2,752,"H3","330112",8,3012,3012,20710,0
2008,381,1,757,"H3","330112",8,1008,1008,40654,0
2008,381,2,757,"H3","330112",8,6973,6973,117083,0
2008,381,2,752,"H3","330113",8,4650,4650,169810,0
2008,381,2,757,"H3","330113",8,100013,100013,3866150,0
2008,381,2,752,"H3","330119",8,100,100,11179,0
2008,381,1,757,"H3","330119",8,200,200,8544,0
2008,381,2,757,"H3","330119",8,63795,63795,6775283,0
2008,381,1,752,"H3","330129",8,8,8,184,0
2008,381,2,752,"H3","330129",8,100,100,2393,0
2008,381,1,757,"H3","330129",8,58,58,53337,0
2008,381,2,757,"H3","330129",8,10911,10911,530000,0
2008,381,1,752,"H3","330190",8,400,400,7010,0
2008,381,2,752,"H3","330190",8,4320,4320,40975,0
2008,381,1,757,"H3","330190",8,12102,12102,187916,0
2008,381,2,757,"H3","330190",8,16112,16112,382560,0
2008,381,1,752,"H3","3302",8,127113,127113,921995,0
2008,381,2,752,"H3","3302",8,21732,21732,246928,0
2008,381,1,757,"H3","3302",8,508594,508594,22028822,0
2008,381,2,757,"H3","3302",8,318583,318583,6705342,0
2008,381,1,757,"H3","320417",8,18537,18537,826454,0
2008,381,2,757,"H3","320417",8,960715,960715,6168867,0
2008,381,1,752,"H3","3210",8,15005,15005,35838,0
2008,381,1,752,"H3","3214",8,764851,764851,744965,0
2008,381,2,752,"H3","3210",8,6507,6507,22784,0
2008,381,2,752,"H3","3214",8,949811,949811,782835,0
2008,381,1,757,"H3","330290",8,105904,105904,6775224,0
2008,381,2,757,"H3","330290",8,148110,148110,4258992,0
2008,381,1,757,"H3","3214",8,1198621,1198621,4969756,0
2008,381,1,752,"H3","3002",8,3281,3281,2346669,0
2008,381,2,752,"H3","3002",8,23509,23509,14812362,0
2008,381,1,757,"H3","3002",8,76036,76036,1259972376,0
2008,381,2,757,"H3","3002",8,15683,15683,21547178,0
2008,381,2,757,"H3","3214",8,59810557,59810557,15230731,0
2008,381,1,752,"H3","321410",8,55292,55292,323755,0
2008,381,1,752,"H3","3004",8,1426663,1426663,227134807,0
2008,381,1,752,"H3","3304",8,16932,16932,1392266,0
2008,381,2,752,"H3","3304",8,571374,571374,9289546,0
2008,381,1,757,"H3","3304",8,958281,958281,28468627,0
2008,381,2,757,"H3","3304",8,1349225,1349225,23822362,0
2008,381,1,752,"H3","330410",8,833,833,154229,0
2008,381,2,752,"H3","330410",8,3345,3345,277633,0
2008,381,1,757,"H3","330410",8,1908,1908,197510,0
2008,381,2,757,"H3","330410",8,127452,127452,2428960,0
2008,381,1,752,"H3","330420",8,1411,1411,216346,0
2008,381,2,752,"H3","330420",8,9271,9271,805234,0
2008,381,1,757,"H3","330420",8,5580,5580,743404,0
2008,381,2,757,"H3","330420",8,63193,63193,1585659,0
2008,381,1,752,"H3","330430",8,4427,4427,352038,0
2008,381,2,752,"H3","330430",8,22029,22029,708498,0
2008,381,1,757,"H3","330430",8,88510,88510,3942075,0
2008,381,2,757,"H3","330430",8,5525,5525,233696,0
2008,381,2,752,"H3","330491",8,12292,12292,390118,0
2008,381,2,757,"H3","330491",8,8018,8018,272939,0
2008,381,2,752,"H3","3004",8,1474381,1474381,110969811,0
2008,381,1,757,"H3","3004",8,4689846,4689846,1382276411,0
2008,381,2,757,"H3","3004",8,9684502,9684502,2330080170,0
2008,381,1,752,"H3","300420",8,8711,8711,18849042,0
2008,381,2,752,"H3","300420",8,56465,56465,15544463,0
2008,381,1,757,"H3","300420",8,672537,672537,141220452,0
2008,381,2,757,"H3","300420",8,187112,187112,14150647,0
2008,381,1,752,"H3","320810",8,84213,84213,528229,0
2008,381,1,752,"H3","330510",8,193,193,593,0
2008,381,2,752,"H3","330510",8,310664,310664,1178473,0
2008,381,1,757,"H3","330510",8,3800,3800,41777,0
2008,381,2,757,"H3","330510",8,131997,131997,1299882,0
2008,381,1,752,"H3","330520",8,6818,6818,80499,0
2008,381,2,752,"H3","330520",8,35371,35371,181677,0
2008,381,2,757,"H3","330520",8,3321,3321,44109,0
2008,381,2,752,"H3","330530",8,8368,8368,68718,0
2008,381,1,757,"H3","330530",8,140,140,7026,0
2008,381,2,757,"H3","330530",8,9360,9360,96872,0
2008,381,2,752,"H3","320810",8,376653,376653,2474889,0
2008,381,1,757,"H3","320810",8,10072,10072,114329,0
2008,381,1,752,"H3","300650",8,54,54,1777,0
2008,381,2,752,"H3","300650",8,72,72,722,0
2008,381,1,752,"H3","3306",8,981,981,20308,0
2008,381,2,752,"H3","3306",8,509842,509842,2452563,0
2008,381,1,757,"H3","3306",8,1750467,1750467,3833798,0
2008,381,2,757,"H3","3306",8,311896,311896,2055137,0
2008,381,1,752,"H3","330610",8,322,322,1683,0
2008,381,2,752,"H3","330610",8,65929,65929,250790,0
2008,381,1,757,"H3","330610",8,2017,2017,70396,0
2008,381,2,757,"H3","330610",8,103287,103287,551936,0
2008,381,1,752,"H3","330620",8,3,3,135,0
2008,381,2,752,"H3","330620",8,40,40,805,0
2008,381,1,757,"H3","330620",8,713,713,29058,0
2008,381,2,757,"H3","330620",8,17719,17719,382416,0
2008,381,1,752,"H3","330690",8,656,656,18490,0
2008,381,2,752,"H3","330690",8,443873,443873,2200969,0
2008,381,1,757,"H3","330690",8,1747737,1747737,3734344,0
2008,381,2,757,"H3","330690",8,190890,190890,1120785,0
2008,381,2,757,"H3","300650",8,750,750,13920,0
2008,381,2,757,"H3","320810",8,133135,133135,919942,0
2008,381,1,752,"H3","320890",8,694206,694206,3938143,0
2008,381,1,752,"H3","300691",8,778,778,124109,0
2008,381,2,752,"H3","330710",8,316354,316354,1549099,0
2008,381,1,757,"H3","330710",8,9309,9309,543278,0
2008,381,2,752,"H3","300691",8,56,56,254,0
2008,381,1,752,"H3","330720",8,72,72,1135,0
2008,381,2,752,"H3","330720",8,40756,40756,448451,0
2008,381,1,757,"H3","330720",8,57404,57404,1397550,0
2008,381,2,757,"H3","330720",8,196630,196630,6451902,0
2008,381,2,752,"H3","320890",8,2240217,2240217,10450218,0
2008,381,1,757,"H3","320890",8,363186,363186,3903958,0
2008,381,2,757,"H3","320890",8,1559289,1559289,8781635,0
2008,381,1,752,"H3","3209",8,20556,20556,180982,0
2008,381,1,757,"H3","330741",8,483,483,70712,0
2008,381,2,757,"H3","330741",8,3297,3297,57113,0
2008,381,2,752,"H3","3209",8,345486,345486,1180146,0
2008,381,1,757,"H3","3209",8,1384723,1384723,7825678,0
2008,381,2,757,"H3","3209",8,983005,983005,5712894,0
2008,381,1,752,"H3","320910",8,17636,17636,153610,0
2008,381,1,752,"H3","310510",8,5110,5110,6851,0
2008,381,2,752,"H3","310530",8,728,728,208,0
2008,381,2,757,"H3","310530",8,2925,2925,5252,0
2008,381,2,752,"H3","320910",8,13029,13029,72651,0
2008,381,1,757,"H3","320910",8,58747,58747,396947,0
2008,381,2,757,"H3","320910",8,584042,584042,3466192,0
2008,381,1,752,"H3","320990",8,2920,2920,27372,0
2008,381,2,752,"H3","320990",8,332457,332457,1107494,0
2008,381,1,752,"H3","3215",8,265547,265547,2857161,0
2008,381,2,752,"H3","3215",8,24114,24114,292691,0
2008,381,1,757,"H3","3215",8,765999,765999,6022893,0
2008,381,2,757,"H3","3215",8,1279524,1279524,9359103,0
2008,381,1,752,"H3","330290",8,52,52,1269,0
2008,381,2,752,"H3","330290",8,50,50,890,0
2008,381,1,752,"H3","3303",8,900,900,20954,0
2008,381,2,752,"H3","3303",8,67002,67002,3939826,0
2008,381,1,752,"H3","340119",8,106,106,201,0
2008,381,2,752,"H3","340119",8,115125,115125,524940,0
2008,381,1,757,"H3","340119",8,77314,77314,144163,0
2008,381,2,757,"H3","340119",8,672447,672447,1599262,0
2008,381,1,757,"H3","3303",8,216483,216483,18948657,0
2008,381,2,757,"H3","3303",8,658055,658055,31519624,0
2008,381,1,752,"H3","330300",8,900,900,20954,0
2008,381,2,752,"H3","330300",8,67002,67002,3939826,0
2008,381,2,752,"H3","340130",8,5014,5014,14394,0
2008,381,1,757,"H3","340130",8,4014,4014,28711,0
2008,381,2,757,"H3","340130",8,97943,97943,349377,0
2008,381,1,757,"H3","330300",8,216483,216483,18948657,0
2008,381,2,757,"H3","330300",8,658055,658055,31519624,0
2008,381,1,752,"H3","3307",8,7297,7297,26622,0
2008,381,2,752,"H3","3307",8,1347115,1347115,6083827,0
2008,381,1,757,"H3","3307",8,109430,109430,3163258,0
2008,381,2,757,"H3","3307",8,1129755,1129755,15924876,0
2008,381,2,757,"H3","310250",8,46840,46840,15578,0
2008,381,2,752,"H3","3401",8,332825,332825,1325844,0
2008,381,1,752,"H3","340212",8,342821,342821,1170353,0
2008,381,2,752,"H3","340212",8,4704517,4704517,4419958,0
2008,381,1,757,"H3","340212",8,83347,83347,358924,0
2008,381,2,757,"H3","340212",8,1715003,1715003,1975823,0
2008,381,1,757,"H3","3401",8,328526,328526,2129327,0
2008,381,2,757,"H3","3401",8,1523838,1523838,4834860,0
2008,381,2,757,"H3","330710",8,68109,68109,1327029,0
2008,381,1,752,"H3","3401",8,149283,149283,411491,0
2008,381,1,752,"H3","340111",8,88510,88510,276040,0
2008,381,2,752,"H3","340111",8,124449,124449,511089,0
2008,381,1,757,"H3","340111",8,246866,246866,1939304,0
2008,381,2,757,"H3","340111",8,154341,154341,1018937,0
2008,381,1,752,"H3","340220",8,50499,50499,141449,0
2008,381,2,752,"H3","340220",8,19455916,19455916,26272720,0
2008,381,1,757,"H3","340220",8,278839,278839,1598137,0
2008,381,2,757,"H3","340220",8,19516985,19516985,22269367,0
2008,381,1,752,"H3","340120",8,60667,60667,135249,0
2008,381,2,752,"H3","340120",8,88237,88237,275420,0
2008,381,1,757,"H3","340120",8,332,332,17148,0
2008,381,2,757,"H3","340120",8,599107,599107,1867284,0
2008,381,1,752,"H3","3403",8,110689,110689,646941,0
2008,381,2,752,"H3","3403",8,898007,898007,2701500,0
2008,381,1,757,"H3","3403",8,3100222,3100222,15008975,0
2008,381,2,757,"H3","3403",8,490000,490000,1884286,0
2008,381,1,752,"H3","340311",8,1115,1115,2028,0
2008,381,2,752,"H3","340311",8,4,4,19,0
2008,381,1,757,"H3","340311",8,5245,5245,29050,0
2008,381,2,757,"H3","340311",8,87455,87455,274694,0
2008,381,1,752,"H3","340319",8,31079,31079,169333,0
2008,381,2,752,"H3","340319",8,751025,751025,2172517,0
2008,381,1,757,"H3","340319",8,2167450,2167450,10916819,0
2008,381,2,757,"H3","340319",8,133229,133229,699372,0
2008,381,1,752,"H3","340213",8,1977340,1977340,5595000,0
2008,381,2,752,"H3","340391",8,42658,42658,126888,0
2008,381,1,757,"H3","340391",8,53770,53770,263140,0
2008,381,2,757,"H3","340391",8,52605,52605,109725,0
2008,381,2,752,"H3","340213",8,326514,326514,1050208,0
2008,381,1,757,"H3","340213",8,288164,288164,3295922,0
2008,381,1,752,"H3","321590",8,72,72,10964,0
2008,381,2,752,"H3","321590",8,1563,1563,89952,0
2008,381,1,757,"H3","321590",8,1017,1017,42513,0
2008,381,2,757,"H3","321590",8,133827,133827,1886408,0
2008,381,1,752,"H3","3301",8,408,408,7193,0
2008,381,2,752,"H3","3301",8,12182,12182,245067,0
2008,381,2,757,"H3","340420",8,382,382,5676,0
2008,381,1,757,"H3","3301",8,13368,13368,290451,0
2008,381,2,757,"H3","3301",8,197804,197804,11671076,0
2008,381,1,752,"H3","330210",8,127061,127061,920726,0
2008,381,2,752,"H3","330210",8,21682,21682,246039,0
2008,381,1,752,"H3","3405",8,10967,10967,33173,0
2008,381,2,752,"H3","3405",8,23076,23076,129927,0
2008,381,1,757,"H3","3405",8,110612,110612,1061872,0
2008,381,1,757,"H3","330210",8,402690,402690,15253597,0
2008,381,1,752,"H3","340510",8,23,23,139,0
2008,381,2,752,"H3","340510",8,1492,1492,18862,0
2008,381,1,757,"H3","340510",8,1354,1354,18746,0
2008,381,2,757,"H3","340510",8,8972,8972,121561,0
2008,381,1,752,"H3","340520",8,4708,4708,10934,0
2008,381,2,752,"H3","340520",8,267,267,665,0
2008,381,1,757,"H3","340520",8,893,893,78705,0
2008,381,2,757,"H3","340520",8,1554,1554,17755,0
2008,381,2,757,"H3","330210",8,170473,170473,2446350,0
2008,381,1,752,"H3","340391",8,60,60,122,0
2008,381,1,752,"H3","3208",8,833110,833110,4752372,0
2008,381,1,752,"H3","340540",8,889,889,1643,0
2008,381,2,752,"H3","340540",8,369,369,1241,0
2008,381,1,757,"H3","340540",8,1260,1260,9730,0
2008,381,2,757,"H3","340540",8,369186,369186,1019929,0
2008,381,1,752,"H3","340590",8,2738,2738,6930,0
2008,381,2,752,"H3","340590",8,20948,20948,109160,0
2008,381,1,757,"H3","340590",8,29092,29092,473258,0
2008,381,2,757,"H3","340590",8,28833,28833,171044,0
2008,381,2,752,"H3","3208",8,3057001,3057001,15237028,0
2008,381,1,757,"H3","3208",8,557226,557226,6226706,0
2008,381,2,757,"H3","3208",8,2081655,2081655,13603823,0
2008,381,2,757,"H3","340213",8,762196,762196,2171365,0
2008,381,1,752,"H3","330730",8,772,772,10573,0
2008,381,2,752,"H3","3213",8,54708,54708,236147,0
2008,381,2,752,"H3","330730",8,715688,715688,1796570,0
2008,381,1,757,"H3","330730",8,20001,20001,516088,0
2008,381,1,752,"H3","3407",8,666,666,3699,0
2008,381,1,757,"H3","3407",8,21805,21805,951776,0
2008,381,2,757,"H3","3407",8,15467,15467,170011,0
2008,381,1,757,"H3","3213",8,1539,1539,35123,0
2008,381,2,752,"H3","310230",8,490,490,633,0
2008,381,1,757,"H3","310230",8,555460,555460,111646,0
2008,381,1,752,"H3","35",1,,,5405007,0
2008,381,2,752,"H3","35",1,,,9450733,0
2008,381,1,757,"H3","35",1,,,13060804,0
2008,381,2,757,"H3","35",1,,,19116664,0
2008,381,1,752,"H3","3501",8,2520,2520,6431,0
2008,381,2,752,"H3","3501",8,65970,65970,168045,0
2008,381,2,757,"H3","3501",8,1550,1550,7498,0
2008,381,1,752,"H3","350190",8,2520,2520,6431,0
2008,381,2,752,"H3","350190",8,65970,65970,168045,0
2008,381,2,757,"H3","350190",8,1550,1550,7498,0
2008,381,1,752,"H3","3502",8,90,90,5481,0
2008,381,2,752,"H3","3502",8,69384,69384,772833,0
2008,381,1,757,"H3","3502",8,2600,2600,445477,0
2008,381,2,757,"H3","3502",8,168100,168100,1999542,0
2008,381,2,757,"H3","310230",8,440354,440354,288486,0
2008,381,2,757,"H3","330730",8,233041,233041,1157471,0
2008,381,1,752,"H3","330749",8,9,9,46,0
2008,381,2,752,"H3","330749",8,237543,237543,1434715,0
2008,381,1,757,"H3","330749",8,1245,1245,152164,0
2008,381,2,757,"H3","330749",8,279011,279011,2469790,0
2008,381,2,757,"H3","3213",8,29293,29293,167289,0
2008,381,1,752,"H3","3503",8,14709,14709,75554,0
2008,381,2,752,"H3","3503",8,62453,62453,278032,0
2008,381,1,757,"H3","3503",8,4664,4664,197442,0
2008,381,2,757,"H3","3503",8,98155,98155,571538,0
2008,381,1,752,"H3","350300",8,14709,14709,75554,0
2008,381,2,752,"H3","350300",8,62453,62453,278032,0
2008,381,1,757,"H3","350300",8,4664,4664,197442,0
2008,381,2,757,"H3","350300",8,98155,98155,571538,0
2008,381,1,752,"H3","3504",8,50351,50351,325228,0
2008,381,1,757,"H3","3504",8,2210743,2210743,4835377,0
2008,381,2,757,"H3","3504",8,167101,167101,705107,0
2008,381,1,752,"H3","350400",8,50351,50351,325228,0
2008,381,1,757,"H3","350400",8,2210743,2210743,4835377,0
2008,381,2,757,"H3","350400",8,167101,167101,705107,0
2008,381,2,757,"H3","3204",8,1424926,1424926,9895651,0
2008,381,1,752,"H3","340490",8,19152,19152,136330,0
2008,381,2,752,"H3","340490",8,40819,40819,150572,0
2008,381,1,757,"H3","340490",8,6386,6386,85869,0
2008,381,1,752,"H3","350510",8,178309,178309,219690,0
2008,381,2,752,"H3","350510",8,152815,152815,219654,0
2008,381,1,757,"H3","350510",8,12875,12875,31003,0
2008,381,2,757,"H3","350510",8,1670640,1670640,1434651,0
2008,381,2,757,"H3","340490",8,162030,162030,908196,0
2008,381,2,757,"H3","3405",8,468828,468828,1642474,0
2008,381,1,752,"H3","340530",8,2609,2609,13526,0
2008,381,1,757,"H3","340530",8,78013,78013,481433,0
2008,381,1,752,"H3","340290",8,1201004,1201004,3247045,0
2008,381,2,752,"H3","340290",8,1458141,1458141,3401778,0
2008,381,1,752,"H3","350610",8,7859,7859,85812,0
2008,381,2,752,"H3","350610",8,21996,21996,85511,0
2008,381,1,757,"H3","350610",8,11491,11491,215081,0
2008,381,2,757,"H3","350610",8,372068,372068,823091,0
2008,381,1,757,"H3","340290",8,953842,953842,3060664,0
2008,381,2,757,"H3","340290",8,5585085,5585085,7597951,0
2008,381,2,757,"H3","340530",8,60283,60283,312184,0
2008,381,1,752,"H3","340600",8,141640,141640,480088,0
2008,381,2,752,"H3","340600",8,27003,27003,161682,0
2008,381,1,757,"H3","340600",8,9956,9956,179842,0
2008,381,2,757,"H3","340600",8,709078,709078,2817292,0
2008,381,1,752,"H3","340700",8,666,666,3699,0
2008,381,1,757,"H3","340700",8,21805,21805,951776,0
2008,381,2,757,"H3","340700",8,15467,15467,170011,0
2008,381,1,752,"H3","3204",8,34588,34588,212317,0
2008,381,2,752,"H3","3204",8,2604030,2604030,4736302,0
2008,381,1,752,"H3","350710",8,34566,34566,404976,0
2008,381,2,757,"H3","350710",8,43609,43609,612489,0
2008,381,1,752,"H3","350790",8,2252,2252,229514,0
2008,381,2,752,"H3","350790",8,63,63,794,0
2008,381,1,757,"H3","350790",8,103141,103141,3834355,0
2008,381,2,757,"H3","350790",8,19033,19033,350024,0
2008,381,1,752,"H3","36",1,,,2591864,0
2008,381,2,752,"H3","36",1,,,69020,0
2008,381,1,757,"H3","36",1,,,656604,0
2008,381,2,757,"H3","36",1,,,554975,0
2008,381,1,757,"H3","3204",8,2900312,2900312,24925041,0
2008,381,2,752,"H3","3505",8,152815,152815,219654,0
2008,381,1,757,"H3","3505",8,12875,12875,31003,0
2008,381,2,757,"H3","3505",8,1696496,1696496,1461944,0
2008,381,1,752,"H3","3505",8,178399,178399,219782,0
2008,381,1,752,"H3","340399",8,78435,78435,475459,0
2008,381,1,752,"H3","3603",8,30828,30828,1307681,0
2008,381,2,752,"H3","3603",8,176,176,3685,0
2008,381,2,757,"H3","3603",8,529,529,24616,0
2008,381,1,752,"H3","360300",8,30828,30828,1307681,0
2008,381,2,752,"H3","360300",8,176,176,3685,0
2008,381,2,757,"H3","360300",8,529,529,24616,0
2008,381,1,752,"H3","3604",8,20547,20547,928022,0
2008,381,2,752,"H3","3604",8,886,886,65253,0
2008,381,1,757,"H3","3604",8,13355,13355,129914,0
2008,381,2,757,"H3","3604",8,24274,24274,522571,0
2008,381,1,757,"H3","360410",8,13351,13351,122088,0
2008,381,2,757,"H3","360410",8,20483,20483,492378,0
2008,381,1,752,"H3","360490",8,20547,20547,928022,0
2008,381,2,752,"H3","360490",8,886,886,65253,0
2008,381,1,757,"H3","360490",8,4,4,7826,0
2008,381,2,757,"H3","360490",8,3791,3791,30192,0
2008,381,1,752,"H3","360100",8,1500,1500,100583,0
2008,381,2,752,"H3","340399",8,104320,104320,402077,0
2008,381,1,757,"H3","340399",8,873757,873757,3799966,0
2008,381,2,752,"H3","340219",8,18924,18924,34983,0
2008,381,1,752,"H3","321519",8,238512,238512,2412751,0
2008,381,2,752,"H3","321519",8,9370,9370,147779,0
2008,381,1,757,"H3","321519",8,675511,675511,5424479,0
2008,381,2,757,"H3","321519",8,810463,810463,6479473,0
2008,381,2,757,"H3","340399",8,216711,216711,800496,0
2008,381,1,757,"H3","360100",8,3044,3044,88142,0
2008,381,1,752,"H3","3602",8,2480,2480,46419,0
2008,381,1,752,"H3","350520",8,90,90,93,0
2008,381,2,757,"H3","350520",8,25856,25856,27292,0
2008,381,1,752,"H3","3506",8,1243625,1243625,4138040,0
2008,381,2,752,"H3","3506",8,3538750,3538750,7965101,0
2008,381,1,752,"H3","3701",1,,,559342,0
2008,381,2,752,"H3","3701",1,,1069,10794,4
2008,381,1,757,"H3","3701",1,,19534,778047,0
2008,381,2,757,"H3","3701",1,,25448,1185162,0
2008,381,1,752,"H3","370110",2,24896,14065,515910,4
2008,381,1,757,"H3","370110",2,211780,6957,399451,0
2008,381,2,757,"H3","370110",2,28674,22031,1069851,0
2008,381,1,752,"H3","370130",2,1163,,11824,0
2008,381,2,752,"H3","370130",2,1728,1069,10794,4
2008,381,1,757,"H3","370130",2,41188,12327,343357,0
2008,381,2,757,"H3","370130",2,1293,1651,18492,0
2008,381,1,752,"H3","370199",1,,2695,31608,0
2008,381,1,757,"H3","370199",1,,250,35239,0
2008,381,2,757,"H3","370199",1,,1766,96819,0
2008,381,1,752,"H3","3702",1,,623,19337,0
2008,381,2,752,"H3","3702",1,,1564,50876,4
2008,381,1,757,"H3","3702",1,,4901,130069,0
2008,381,2,757,"H3","3702",1,,36768,758815,0
2008,381,1,752,"H3","370232",1,,26,680,0
2008,381,2,752,"H3","370232",1,,46,1166,0
2008,381,2,757,"H3","370232",1,,24,1803,0
2008,381,1,752,"H3","370239",2,4136,597,18658,2
2008,381,1,757,"H3","370239",2,2089,223,9424,2
2008,381,1,757,"H3","370243",2,10999,4057,103022,0
2008,381,1,757,"H3","370244",2,16,621,17624,0
2008,381,2,757,"H3","370244",2,169539,36691,749203,0
2008,381,2,757,"H3","370252",1,,37,6031,0
2008,381,1,757,"H3","3506",8,741614,741614,3717149,0
2008,381,1,757,"H3","340219",8,40669,40669,123073,0
2008,381,2,757,"H3","370295",1,,16,1778,0
2008,381,1,752,"H3","3703",8,30,30,286,0
2008,381,2,752,"H3","3703",8,18430,18430,168250,0
2008,381,1,757,"H3","3703",8,871,871,218981,0
2008,381,2,757,"H3","3703",8,133080,133080,397086,0
2008,381,1,752,"H3","370310",8,29,29,269,0
2008,381,2,752,"H3","370310",8,636,636,2976,0
2008,381,1,757,"H3","370310",8,843,843,214091,0
2008,381,2,757,"H3","370310",8,5665,5665,22543,0
2008,381,1,752,"H3","370320",8,1,1,18,0
2008,381,2,752,"H3","370320",8,17794,17794,165274,0
2008,381,1,757,"H3","370320",8,28,28,4889,0
2008,381,2,757,"H3","370320",8,140,140,2051,0
2008,381,2,757,"H3","340219",8,423438,423438,800814,0
2008,381,1,757,"H3","3704",8,45,45,3647,0
2008,381,2,757,"H3","3704",8,165,165,14264,0
2008,381,1,757,"H3","370400",8,45,45,3647,0
2008,381,2,757,"H3","370400",8,165,165,14264,0
2008,381,2,752,"H3","3705",8,24,24,4438,0
2008,381,1,757,"H3","3705",8,91,91,236966,0
2008,381,2,757,"H3","3705",8,3604,3604,188912,0
2008,381,2,757,"H3","3506",8,9153377,9153377,13408522,0
2008,381,1,752,"H3","350691",8,979703,979703,2902976,0
2008,381,1,752,"H3","321000",8,15005,15005,35838,0
2008,381,2,752,"H3","321000",8,6507,6507,22784,0
2008,381,2,752,"H3","350691",8,3438381,3438381,7187877,0
2008,381,1,757,"H3","350691",8,614450,614450,3132031,0
2008,381,2,752,"H3","3706",4,9481841,,4370524,0
2008,381,1,757,"H3","3706",4,264800,25185,25023,0
2008,381,2,757,"H3","3706",4,4409742,30572,2761559,0
2008,381,2,752,"H3","370610",4,9481841,,4370524,0
2008,381,1,757,"H3","370610",4,263200,25126,11808,0
2008,381,2,757,"H3","370610",4,4281971,29078,2643148,0
2008,381,1,757,"H3","370690",4,1600,59,13215,0
2008,381,2,757,"H3","370690",4,127771,1494,118411,0
2008,381,2,757,"H3","350691",8,6860989,6860989,10343286,0
2008,381,1,752,"H3","3402",8,6354924,6354924,16251023,0
2008,381,2,752,"H3","3402",8,26713020,26713020,37064212,0
2008,381,1,757,"H3","3402",8,1771185,1771185,9156132,0
2008,381,1,752,"H3","370710",8,318,318,2985,0
2008,381,2,752,"H3","370710",8,1759,1759,7693,0
2008,381,1,757,"H3","370710",8,12570,12570,161992,0
2008,381,2,757,"H3","370710",8,4490,4490,77935,0
2008,381,1,752,"H3","370790",8,293,293,66828,0
2008,381,2,752,"H3","370790",8,15132,15132,278539,0
2008,381,1,757,"H3","370790",8,11439,11439,452848,0
2008,381,2,757,"H3","370790",8,15791,15791,593823,0
2008,381,1,752,"H3","3212",8,65779,65779,365032,0
2008,381,2,752,"H3","3212",8,17497,17497,465826,0
2008,381,1,752,"H3","3207",8,33,33,182,0
2008,381,2,752,"H3","3207",8,320101,320101,749269,0
2008,381,1,752,"H3","3801",8,39821,39821,48636,0
2008,381,2,752,"H3","3801",8,20301,20301,26476,0
2008,381,1,757,"H3","3801",8,391438,391438,1483841,0
2008,381,2,757,"H3","3801",8,53030,53030,239598,0
2008,381,1,752,"H3","380110",8,39821,39821,48636,0
2008,381,2,752,"H3","380110",8,493,493,628,0
2008,381,1,757,"H3","380110",8,391438,391438,1483841,0
2008,381,2,757,"H3","380110",8,51958,51958,213289,0
2008,381,2,752,"H3","380120",8,19808,19808,25848,0
2008,381,2,757,"H3","380120",8,995,995,4040,0
2008,381,1,752,"H3","330499",8,10261,10261,669653,0
2008,381,2,752,"H3","330499",8,524437,524437,7108063,0
2008,381,1,757,"H3","330499",8,862283,862283,23585638,0
2008,381,1,757,"H3","3207",8,1441,1441,62972,0
2008,381,2,757,"H3","330499",8,1145037,1145037,19301107,0
2008,381,1,752,"H3","380210",8,327,327,809,0
2008,381,2,752,"H3","380210",8,1046,1046,2246,0
2008,381,1,757,"H3","380210",8,253653,253653,440095,0
2008,381,2,757,"H3","380210",8,600497,600497,941253,0
2008,381,2,752,"H3","380290",8,288125,288125,276585,0
2008,381,1,757,"H3","380290",8,3000,3000,9691,0
2008,381,2,757,"H3","380290",8,659316,659316,470900,0
2008,381,1,752,"H3","3305",8,20811,20811,139099,0
2008,381,2,752,"H3","3305",8,647594,647594,4144529,0
2008,381,1,757,"H3","3305",8,59369,59369,1222373,0
2008,381,2,757,"H3","3305",8,725649,725649,7362102,0
2008,381,2,757,"H3","3207",8,118144,118144,763588,0
2008,381,1,752,"H3","3406",8,141640,141640,480088,0
2008,381,1,757,"H3","3212",8,9673,9673,105086,0
2008,381,2,757,"H3","3212",8,51593,51593,881833,0
2008,381,2,752,"H3","3406",8,27003,27003,161682,0
2008,381,1,757,"H3","3406",8,9956,9956,179842,0
2008,381,1,752,"H3","321210",8,7,7,142,0
2008,381,2,752,"H3","321210",8,11435,11435,386685,0
2008,381,1,752,"H3","300590",8,2178,2178,93871,0
2008,381,2,752,"H3","300590",8,1871,1871,46852,0
2008,381,1,757,"H3","300590",8,66936,66936,1862650,0
2008,381,2,757,"H3","300590",8,40237,40237,1038775,0
2008,381,2,757,"H3","3406",8,709078,709078,2817292,0
2008,381,1,752,"H3","330590",8,13800,13800,58007,0
2008,381,2,752,"H3","330590",8,293191,293191,2715661,0
2008,381,1,757,"H3","330590",8,55429,55429,1173570,0
2008,381,2,757,"H3","330590",8,580971,580971,5921238,0
2008,381,2,757,"H3","3402",8,31162196,31162196,39423007,0
2008,381,1,752,"H3","340211",8,2681580,2681580,5835355,0
2008,381,2,752,"H3","340211",8,749008,749008,1884565,0
2008,381,1,757,"H3","340211",8,126324,126324,719412,0
2008,381,1,752,"H3","350699",8,256063,256063,1149252,0
2008,381,2,752,"H3","380850",8,42,42,402,0
2008,381,1,757,"H3","380850",8,2054,2054,30454,0
2008,381,2,757,"H3","380850",8,20025,20025,142897,0
2008,381,1,752,"H3","380891",8,58649,58649,315457,0
2008,381,2,752,"H3","380891",8,87575,87575,773559,0
2008,381,1,757,"H3","380891",8,280960,280960,16770150,0
2008,381,2,757,"H3","380891",8,567245,567245,3381324,0
2008,381,1,757,"H3","380892",8,890141,890141,30162305,0
2008,381,2,757,"H3","380892",8,215460,215460,2109507,0
2008,381,2,752,"H3","380893",8,39977,39977,120673,0
2008,381,1,757,"H3","380893",8,356137,356137,17602906,0
2008,381,2,757,"H3","380893",8,357424,357424,1796464,0
2008,381,1,752,"H3","380894",8,54022,54022,247220,0
2008,381,2,752,"H3","380894",8,13989,13989,57191,0
2008,381,1,757,"H3","380894",8,198920,198920,1703430,0
2008,381,2,757,"H3","380894",8,78267,78267,218780,0
2008,381,1,752,"H3","380899",8,320,320,5027,0
2008,381,2,752,"H3","380899",8,13240,13240,31486,0
2008,381,1,757,"H3","380899",8,138816,138816,3380257,0
2008,381,2,757,"H3","380899",8,345989,345989,1195892,0
2008,381,2,752,"H3","350699",8,78373,78373,691712,0
2008,381,1,757,"H3","321210",8,1673,1673,57208,0
2008,381,2,757,"H3","321210",8,20808,20808,584091,0
2008,381,1,757,"H3","350699",8,115673,115673,370038,0
2008,381,2,757,"H3","350699",8,1920320,1920320,2242145,0
2008,381,1,752,"H3","3507",8,36818,36818,634490,0
2008,381,2,752,"H3","3507",8,63,63,794,0
2008,381,1,752,"H3","380991",8,225,225,636,0
2008,381,2,752,"H3","380991",8,15291,15291,32641,0
2008,381,1,757,"H3","380991",8,2107625,2107625,7354718,0
2008,381,2,757,"H3","380991",8,525408,525408,906568,0
2008,381,1,757,"H3","3507",8,103141,103141,3834355,0
2008,381,2,752,"H3","350211",8,7510,7510,97066,0
2008,381,1,757,"H3","350211",8,2600,2600,445477,0
2008,381,2,757,"H3","350211",8,167200,167200,1997668,0
2008,381,2,757,"H3","340211",8,3159489,3159489,4607686,0
2008,381,1,752,"H3","350290",8,90,90,5481,0
2008,381,2,752,"H3","350290",8,1274,1274,16133,0
2008,381,1,752,"H3","3810",8,1309938,1309938,2175883,0
2008,381,2,752,"H3","3810",8,13258,13258,25644,0
2008,381,1,757,"H3","3810",8,6731,6731,1822366,0
2008,381,2,757,"H3","3810",8,82398,82398,337815,0
2008,381,1,752,"H3","381010",8,1308926,1308926,2173561,0
2008,381,2,752,"H3","381010",8,7531,7531,15004,0
2008,381,1,757,"H3","381010",8,2637,2637,1807481,0
2008,381,2,757,"H3","381010",8,80259,80259,312284,0
2008,381,1,752,"H3","381090",8,1012,1012,2323,0
2008,381,2,752,"H3","381090",8,5727,5727,10640,0
2008,381,1,757,"H3","381090",8,4094,4094,14884,0
2008,381,2,757,"H3","381090",8,2139,2139,25531,0
2008,381,1,752,"H3","3811",8,13542,13542,61072,0
2008,381,2,752,"H3","3811",8,3491356,3491356,10904243,0
2008,381,1,757,"H3","3811",8,4579,4579,58054,0
2008,381,2,757,"H3","3811",8,565619,565619,1973792,0
2008,381,1,752,"H3","330790",8,6444,6444,14868,0
2008,381,1,752,"H3","360200",8,2480,2480,46419,0
2008,381,2,752,"H3","330790",8,36774,36774,854993,0
2008,381,1,757,"H3","330790",8,20988,20988,483467,0
2008,381,2,757,"H3","330790",8,349667,349667,4461572,0
2008,381,2,752,"H3","3202",8,744,744,781,0
2008,381,2,752,"H3","381129",8,26,26,75,0
2008,381,1,757,"H3","381129",8,2574,2574,44059,0
2008,381,2,757,"H3","381129",8,570,570,5380,0
2008,381,1,757,"H3","3202",8,126250,126250,558553,0
2008,381,2,757,"H3","3202",8,55800,55800,106750,0
2008,381,1,752,"H3","34",1,,,18005170,0
2008,381,2,752,"H3","34",1,,,42046360,0
2008,381,2,757,"H3","3507",8,62642,62642,962514,0
2008,381,1,752,"H3","3601",8,1500,1500,100583,0
2008,381,1,757,"H3","34",1,,,28573792,0
2008,381,1,757,"H3","3601",8,3044,3044,88142,0
2008,381,2,752,"H3","381210",8,158614,158614,761744,0
2008,381,2,757,"H3","381210",8,23570,23570,119161,0
2008,381,2,757,"H3","34",1,,,51685801,0
2008,381,1,752,"H3","340219",8,101680,101680,261821,0
2008,381,2,757,"H3","360500",8,57,57,3935,0
2008,381,1,752,"H3","3606",8,433,433,429,0
2008,381,2,752,"H3","3606",8,60,60,82,0
2008,381,1,757,"H3","3606",8,118071,118071,438548,0
2008,381,2,757,"H3","3606",8,355,355,3854,0
2008,381,2,757,"H3","360610",8,205,205,1628,0
2008,381,1,752,"H3","360690",8,433,433,429,0
2008,381,2,752,"H3","360690",8,60,60,82,0
2008,381,1,752,"H3","3814",8,34849,34849,69473,0
2008,381,2,752,"H3","3814",8,10537,10537,32045,0
2008,381,1,757,"H3","3814",8,243357,243357,426432,0
2008,381,2,757,"H3","3814",8,346047,346047,982972,0
2008,381,1,757,"H3","360690",8,118071,118071,438548,0
2008,381,1,752,"H3","3404",8,19152,19152,136330,0
2008,381,2,752,"H3","3404",8,40819,40819,150572,0
2008,381,1,757,"H3","3404",8,6386,6386,85869,0
2008,381,2,757,"H3","3404",8,162412,162412,913872,0
2008,381,2,757,"H3","360690",8,150,150,2226,0
2008,381,1,752,"H3","37",1,,,660590,0
2008,381,2,752,"H3","37",1,,,4891116,0
2008,381,1,757,"H3","37",1,,,2007572,0
2008,381,2,757,"H3","37",1,,,5977556,0
2008,381,2,757,"H3","370390",8,127275,127275,372492,0
2008,381,2,752,"H3","370590",8,23,23,4112,0
2008,381,1,757,"H3","370590",8,61,61,115928,0
2008,381,1,752,"H3","381519",8,12015,12015,597502,0
2008,381,2,752,"H3","381519",8,8952,8952,49292,0
2008,381,1,757,"H3","381519",8,6079,6079,118314,0
2008,381,2,757,"H3","381519",8,7224,7224,215051,0
2008,381,1,752,"H3","381590",8,39421,39421,229369,0
2008,381,2,752,"H3","381590",8,34319,34319,883800,0
2008,381,1,757,"H3","381590",8,4057,4057,237593,0
2008,381,2,757,"H3","381590",8,338418,338418,3733730,0
2008,381,1,752,"H3","3816",8,1975870,1975870,2382649,0
2008,381,2,752,"H3","3816",8,1010825,1010825,835040,0
2008,381,1,757,"H3","3816",8,111457,111457,97705,0
2008,381,2,757,"H3","3816",8,1828126,1828126,960420,0
2008,381,1,752,"H3","381600",8,1975870,1975870,2382649,0
2008,381,2,752,"H3","381600",8,1010825,1010825,835040,0
2008,381,1,757,"H3","381600",8,111457,111457,97705,0
2008,381,2,757,"H3","381600",8,1828126,1828126,960420,0
2008,381,1,757,"H3","3818",8,7393,7393,4214808,0
2008,381,2,757,"H3","3818",8,2918,2918,2612614,0
2008,381,1,757,"H3","381800",8,7393,7393,4214808,0
2008,381,2,757,"H3","381800",8,2918,2918,2612614,0
2008,381,1,752,"H3","3819",8,25872,25872,43074,0
2008,381,2,752,"H3","3819",8,159182,159182,252337,0
2008,381,1,757,"H3","3819",8,135228,135228,685386,0
2008,381,2,757,"H3","3819",8,41455,41455,108377,0
2008,381,1,752,"H3","381900",8,25872,25872,43074,0
2008,381,2,752,"H3","381900",8,159182,159182,252337,0
2008,381,1,757,"H3","381900",8,135228,135228,685386,0
2008,381,2,757,"H3","381900",8,41455,41455,108377,0
2008,381,1,752,"H3","3820",8,51791,51791,169638,0
2008,381,2,752,"H3","3820",8,17945,17945,33038,0
2008,381,1,757,"H3","3820",8,12480,12480,36125,0
2008,381,2,757,"H3","3820",8,130552,130552,269082,0
2008,381,2,757,"H3","370590",8,3514,3514,159933,0
2008,381,1,752,"H3","3707",8,611,611,69813,0
2008,381,2,752,"H3","3707",8,16891,16891,286232,0
2008,381,1,757,"H3","3707",8,24009,24009,614840,0
2008,381,2,757,"H3","3707",8,20281,20281,671758,0
2008,381,1,752,"H3","38",1,,,54652063,0
2008,381,2,752,"H3","38",1,,,29835347,0
2008,381,1,757,"H3","38",1,,,117367447,0
2008,381,2,757,"H3","38",1,,,115456415,0
2008,381,1,752,"H3","3803",8,607633,607633,853156,0
2008,381,1,752,"H3","380630",8,4785455,4785455,8866571,0
2008,381,2,752,"H3","380630",8,64475,64475,20788,0
2008,381,2,757,"H3","380630",8,1500,1500,9367,0
2008,381,1,752,"H3","380700",8,19500,19500,16950,0
2008,381,1,752,"H3","3809",8,73386,73386,119154,0
2008,381,2,752,"H3","3809",8,34699,34699,116700,0
2008,381,1,757,"H3","3809",8,2335480,2335480,8398014,0
2008,381,2,757,"H3","3809",8,1168433,1168433,1692089,0
2008,381,2,752,"H3","380993",8,15370,15370,79540,0
2008,381,1,757,"H3","380993",8,55850,55850,594121,0
2008,381,2,757,"H3","380993",8,121285,121285,395948,0
2008,381,2,752,"H3","381230",8,338896,338896,2680906,0
2008,381,1,757,"H3","381230",8,150036,150036,1493724,0
2008,381,2,757,"H3","381230",8,3678144,3678144,28986129,0
2008,381,2,752,"H3","381300",8,164241,164241,270108,0
2008,381,2,757,"H3","381300",8,12840,12840,31254,0
2008,381,2,757,"H3","380190",8,77,77,22268,0
2008,381,1,752,"H3","381220",8,1000,1000,2810,0
2008,381,2,757,"H3","381220",8,317901,317901,839532,0
2008,381,1,752,"H3","381230",8,18892,18892,44510,0
2008,381,2,757,"H3","3605",8,57,57,3935,0
2008,381,2,752,"H3","3813",8,164241,164241,270108,0
2008,381,2,757,"H3","3813",8,12840,12840,31254,0
2008,381,1,752,"H3","381511",8,484,484,46987,0
2008,381,1,757,"H3","381511",8,14,14,2239,0
2008,381,2,752,"H3","381512",8,11203,11203,2256938,0
2008,381,2,752,"H3","370254",4,83278,1508,48642,6
2008,381,2,752,"H3","370256",1,,10,1069,0
2008,381,1,757,"H3","381512",8,9,9,18354,0
2008,381,2,752,"H3","370510",8,1,1,326,0
2008,381,1,757,"H3","370510",8,30,30,121038,0
2008,381,2,757,"H3","370510",8,90,90,28979,0
2008,381,2,757,"H3","381512",8,15262,15262,6995989,0
2008,381,1,752,"H3","3802",8,327,327,809,0
2008,381,2,752,"H3","3802",8,289171,289171,278831,0
2008,381,1,757,"H3","3802",8,256653,256653,449785,0
2008,381,2,757,"H3","3802",8,1259813,1259813,1412153,0
2008,381,1,752,"H3","380300",8,607633,607633,853156,0
2008,381,1,752,"H3","3804",8,554042,554042,1021382,0
2008,381,1,757,"H3","3804",8,561030,561030,162828,0
2008,381,1,752,"H3","380400",8,554042,554042,1021382,0
2008,381,1,757,"H3","380400",8,561030,561030,162828,0
2008,381,2,757,"H3","3805",8,100,100,10379,0
2008,381,1,752,"H3","3806",8,6588603,6588603,10513564,0
2008,381,2,752,"H3","3806",8,64475,64475,20788,0
2008,381,1,757,"H3","3806",8,400,400,15802,0
2008,381,2,757,"H3","3806",8,93910,93910,69235,0
2008,381,1,752,"H3","380610",8,1801334,1801334,1642211,0
2008,381,2,757,"H3","380610",8,87790,87790,50624,0
2008,381,1,752,"H3","380690",8,1814,1814,4782,0
2008,381,1,757,"H3","380690",8,400,400,15802,0
2008,381,2,757,"H3","380690",8,4620,4620,9244,0
2008,381,1,752,"H3","3807",8,19500,19500,16950,0
2008,381,1,752,"H3","3808",8,112991,112991,567704,0
2008,381,2,752,"H3","3808",8,154823,154823,983311,0
2008,381,1,757,"H3","3808",8,1867028,1867028,69649502,0
2008,381,2,757,"H3","3808",8,1584410,1584410,8844865,0
2008,381,1,752,"H3","380910",8,1000,1000,1204,0
2008,381,1,757,"H3","380910",8,102680,102680,265185,0
2008,381,2,757,"H3","380910",8,2800,2800,13889,0
2008,381,2,752,"H3","350219",8,60600,60600,659635,0
2008,381,2,757,"H3","350219",8,900,900,1873,0
2008,381,2,752,"H3","381119",8,26,26,154,0
2008,381,2,757,"H3","381119",8,1440,1440,4651,0
2008,381,1,752,"H3","381190",8,342,342,991,0
2008,381,2,752,"H3","381190",8,51040,51040,380236,0
2008,381,1,757,"H3","381190",8,1935,1935,10901,0
2008,381,2,757,"H3","381190",8,78289,78289,489013,0
2008,381,1,752,"H3","3812",8,19892,19892,47320,0
2008,381,2,752,"H3","3812",8,497510,497510,3442650,0
2008,381,1,757,"H3","3812",8,150036,150036,1493724,0
2008,381,2,757,"H3","3812",8,4019615,4019615,29944822,0
2008,381,1,752,"H3","381400",8,34849,34849,69473,0
2008,381,2,752,"H3","381400",8,10537,10537,32045,0
2008,381,1,757,"H3","381400",8,243357,243357,426432,0
2008,381,2,757,"H3","381400",8,346047,346047,982972,0
2008,381,1,752,"H3","3815",8,51920,51920,873858,0
2008,381,2,752,"H3","3815",8,54474,54474,3190031,0
2008,381,1,757,"H3","3815",8,10159,10159,376500,0
2008,381,2,757,"H3","3815",8,360904,360904,10944770,0
2008,381,2,757,"H3","380590",8,100,100,10379,0
2008,381,1,752,"H3","380992",8,72161,72161,117314,0
2008,381,2,752,"H3","380992",8,4038,4038,4519,0
2008,381,1,757,"H3","380992",8,69325,69325,183991,0
2008,381,2,757,"H3","380992",8,518940,518940,375684,0
2008,381,1,752,"H3","381121",8,13200,13200,60081,0
2008,381,2,752,"H3","381121",8,3440264,3440264,10523778,0
2008,381,1,757,"H3","381121",8,70,70,3094,0
2008,381,2,757,"H3","381121",8,485320,485320,1474748,0
2008,381,1,752,"H3","382000",8,51791,51791,169638,0
2008,381,2,752,"H3","382000",8,17945,17945,33038,0
2008,381,1,757,"H3","382000",8,12480,12480,36125,0
2008,381,2,757,"H3","382000",8,130552,130552,269082,0
2008,381,1,752,"H3","3821",8,778,778,361361,0
2008,381,2,752,"H3","3821",8,1231,1231,34426,0
2008,381,1,757,"H3","3821",8,8722,8722,85737,0
2008,381,2,757,"H3","3821",8,13775,13775,646170,0
2008,381,1,752,"H3","382100",8,778,778,361361,0
2008,381,2,752,"H3","382100",8,1231,1231,34426,0
2008,381,1,757,"H3","382100",8,8722,8722,85737,0
2008,381,2,757,"H3","382100",8,13775,13775,646170,0
2008,381,1,752,"H3","3822",8,111095,111095,25147735,0
2008,381,2,752,"H3","3822",8,13218,13218,2007838,0
2008,381,1,757,"H3","3822",8,72866,72866,7249914,0
2008,381,2,757,"H3","3822",8,126090,126090,5337776,0
2008,381,1,752,"H3","382200",8,111095,111095,25147735,0
2008,381,2,752,"H3","382200",8,13218,13218,2007838,0
2008,381,1,757,"H3","382200",8,72866,72866,7249914,0
2008,381,2,757,"H3","382200",8,126090,126090,5337776,0
2008,381,1,752,"H3","3823",8,244263,244263,315072,0
2008,381,2,752,"H3","3823",8,5040,5040,8445,0
2008,381,1,757,"H3","3823",8,2860,2860,482198,0
2008,381,2,757,"H3","3823",8,1088065,1088065,1618350,0
2008,381,2,757,"H3","382311",8,557650,557650,782628,0
2008,381,2,757,"H3","382312",8,122680,122680,173135,0
2008,381,1,752,"H3","382313",8,244002,244002,314750,0
2008,381,1,752,"H3","382319",8,261,261,322,0
2008,381,2,752,"H3","382319",8,5040,5040,8445,0
2008,381,1,757,"H3","382319",8,2860,2860,482198,0
2008,381,2,757,"H3","382319",8,407735,407735,662587,0
2008,381,1,752,"H3","3824",8,4154540,4154540,9484316,0
2008,381,2,752,"H3","3824",8,3154046,3154046,7093171,0
2008,381,1,757,"H3","3824",8,2379918,2379918,19735293,0
2008,381,2,757,"H3","3824",8,58892828,58892828,47382022,0
2008,381,1,752,"H3","382410",8,5900,5900,19616,0
2008,381,2,752,"H3","382410",8,576,576,978,0
2008,381,1,757,"H3","382410",8,43020,43020,238804,0
2008,381,2,757,"H3","382410",8,1324539,1324539,3005071,0
2008,381,1,752,"H3","382430",8,23018,23018,1143687,0
2008,381,1,757,"H3","382430",8,5971,5971,117508,0
2008,381,1,752,"H3","382440",8,560446,560446,339939,0
2008,381,2,752,"H3","382440",8,1174012,1174012,1901050,0
2008,381,1,757,"H3","382440",8,108923,108923,297670,0
2008,381,2,757,"H3","382440",8,7056620,7056620,7866157,0
2008,381,2,752,"H3","382450",8,398939,398939,254998,0
2008,381,1,757,"H3","382450",8,50295,50295,54343,0
2008,381,2,757,"H3","382450",8,39661581,39661581,11302258,0
2008,381,2,752,"H3","382460",8,1950,1950,1426,0
2008,381,2,757,"H3","382460",8,358538,358538,310533,0
2008,381,2,757,"H3","382471",8,2110,2110,13941,0
2008,381,2,757,"H3","382478",8,36940,36940,212076,0
2008,381,2,752,"H3","382479",8,240,240,697,0
2008,381,1,757,"H3","382479",8,1,1,8118,0
2008,381,2,757,"H3","382479",8,87,87,83983,0
2008,381,1,752,"H3","382490",8,3565176,3565176,7981073,0
2008,381,2,752,"H3","382490",8,1578329,1578329,4934022,0
2008,381,1,757,"H3","382490",8,2171708,2171708,19018849,0
2008,381,2,757,"H3","382490",8,10452413,10452413,24588004,0
2008,381,1,752,"H3","3825",8,1,1,250,0
2008,381,2,752,"H3","3825",8,1224,1224,1797,0
2008,381,1,757,"H3","3825",8,1489520,1489520,443435,0
2008,381,2,757,"H3","3825",8,113561,113561,37864,0
2008,381,2,752,"H3","382510",8,1224,1224,1797,0
2008,381,2,757,"H3","382530",8,91220,91220,6696,0
2008,381,1,757,"H3","382569",8,1468550,1468550,416718,0
2008,381,1,752,"H3","382590",8,1,1,250,0
2008,381,1,757,"H3","382590",8,20970,20970,26717,0
2008,381,2,757,"H3","382590",8,22341,22341,31167,0
2008,381,1,752,"H3","39",1,,,168279037,0
2008,381,2,752,"H3","39",1,,,255401819,0
2008,381,1,757,"H3","39",1,,,441740936,0
2008,381,2,757,"H3","39",1,,,710291675,0
2008,381,1,752,"H3","3901",8,31527656,31527656,60764381,0
2008,381,2,752,"H3","3901",8,1116836,1116836,2129831,0
2008,381,1,757,"H3","3901",8,12815782,12815782,22460054,0
2008,381,2,757,"H3","3901",8,30667688,30667688,58917346,0
2008,381,1,752,"H3","390110",8,9517308,9517308,17692619,0
2008,381,2,752,"H3","390110",8,104300,104300,182998,0
2008,381,1,757,"H3","390110",8,12400228,12400228,20999468,0
2008,381,2,757,"H3","390110",8,19315268,19315268,36949824,0
2008,381,1,752,"H3","390120",8,21747362,21747362,42606958,0
2008,381,2,752,"H3","390120",8,979644,979644,1927373,0
2008,381,1,757,"H3","390120",8,61972,61972,120514,0
2008,381,2,757,"H3","390120",8,10655571,10655571,20375732,0
2008,381,1,752,"H3","390130",8,5900,5900,27664,0
2008,381,2,752,"H3","390130",8,32892,32892,19460,0
2008,381,1,757,"H3","390130",8,274322,274322,1060382,0
2008,381,2,757,"H3","390130",8,696849,696849,1591790,0
2008,381,1,752,"H3","390190",8,257086,257086,437140,0
2008,381,1,757,"H3","390190",8,79260,79260,279690,0
2008,381,1,752,"H3","3902",8,6913895,6913895,7769248,0
2008,381,2,752,"H3","3902",8,2200393,2200393,5222567,0
2008,381,1,757,"H3","3902",8,943262,943262,1392283,0
2008,381,2,757,"H3","3902",8,10403970,10403970,22620064,0
2008,381,1,752,"H3","390210",8,613223,613223,1097122,0
2008,381,2,752,"H3","390210",8,351632,351632,864843,0
2008,381,1,757,"H3","390210",8,814007,814007,1188782,0
2008,381,2,757,"H3","390210",8,1942134,1942134,4007328,0
2008,381,1,752,"H3","390220",8,547,547,658,0
2008,381,1,757,"H3","390220",8,5986,5986,13113,0
2008,381,2,757,"H3","390220",8,1200,1200,9250,0
2008,381,1,752,"H3","390230",8,6207915,6207915,6545991,0
2008,381,2,752,"H3","390230",8,1846596,1846596,4347409,0
2008,381,1,757,"H3","390230",8,73651,73651,136340,0
2008,381,2,757,"H3","390230",8,8279728,8279728,18254292,0
2008,381,1,752,"H3","390290",8,92210,92210,125478,0
2008,381,2,752,"H3","390290",8,2165,2165,10316,0
2008,381,1,757,"H3","390290",8,49618,49618,54048,0
2008,381,2,757,"H3","390290",8,180908,180908,349193,0
2008,381,1,752,"H3","3903",8,1212942,1212942,2207434,0
2008,381,2,752,"H3","3903",8,249938,249938,664213,0
2008,381,1,757,"H3","3903",8,1011398,1011398,1758150,0
2008,381,2,757,"H3","3903",8,3684446,3684446,6866057,0
2008,381,1,752,"H3","390311",8,22000,22000,41347,0
2008,381,2,757,"H3","390311",8,154898,154898,320853,0
2008,381,1,752,"H3","390319",8,539694,539694,811938,0
2008,381,2,752,"H3","390319",8,77615,77615,269675,0
2008,381,1,757,"H3","390319",8,547181,547181,588839,0
2008,381,2,757,"H3","390319",8,509666,509666,1052120,0
2008,381,1,752,"H3","390320",8,435650,435650,1022940,0
2008,381,2,752,"H3","390320",8,150600,150600,323556,0
2008,381,1,757,"H3","390320",8,18861,18861,32100,0
2008,381,2,757,"H3","390320",8,259279,259279,585818,0
2008,381,1,752,"H3","390330",8,31793,31793,60362,0
2008,381,2,752,"H3","390330",8,13872,13872,52538,0
2008,381,1,757,"H3","390330",8,347961,347961,479228,0
2008,381,2,757,"H3","390330",8,686877,686877,2250399,0
2008,381,1,752,"H3","390390",8,183805,183805,270847,0
2008,381,2,752,"H3","390390",8,7851,7851,18444,0
2008,381,1,757,"H3","390390",8,97395,97395,657983,0
2008,381,2,757,"H3","390390",8,2073726,2073726,2656868,0
2008,381,1,752,"H3","3904",8,1812685,1812685,3608665,0
2008,381,2,752,"H3","3904",8,539689,539689,3462606,0
2008,381,1,757,"H3","3904",8,879436,879436,4749022,0
2008,381,2,757,"H3","3904",8,5027077,5027077,14912847,0
2008,381,1,752,"H3","390410",8,1699634,1699634,2741145,0
2008,381,2,752,"H3","390410",8,69291,69291,155706,0
2008,381,1,757,"H3","390410",8,503788,503788,639509,0
2008,381,2,757,"H3","390410",8,1507681,1507681,1969906,0
2008,381,2,752,"H3","390421",8,15357,15357,38756,0
2008,381,1,757,"H3","390421",8,5085,5085,5826,0
2008,381,2,757,"H3","390421",8,937849,937849,1626433,0
2008,381,1,752,"H3","390430",8,338,338,420,0
2008,381,1,752,"H3","390440",8,2991,2991,257578,0
2008,381,2,752,"H3","390440",8,160,160,1200,0
2008,381,2,757,"H3","390440",8,61848,61848,133074,0
2008,381,1,752,"H3","390461",8,5,5,57,0
2008,381,2,752,"H3","390461",8,111555,111555,1741389,0
2008,381,1,757,"H3","390461",8,254915,254915,3833343,0
2008,381,2,757,"H3","390461",8,55527,55527,919833,0
2008,381,1,752,"H3","390469",8,956,956,45238,0
2008,381,2,752,"H3","390469",8,12832,12832,810217,0
2008,381,1,757,"H3","390469",8,300,300,4097,0
2008,381,2,757,"H3","390469",8,150880,150880,4920312,0
2008,381,1,752,"H3","390490",8,1250,1250,106290,0
2008,381,1,757,"H3","390490",8,2550,2550,34617,0
2008,381,2,757,"H3","390490",8,42398,42398,643722,0
2008,381,1,752,"H3","3905",8,718534,718534,2779517,0
2008,381,2,752,"H3","3905",8,198062,198062,786993,0
2008,381,1,757,"H3","3905",8,9688897,9688897,35450962,0
2008,381,2,757,"H3","3905",8,26473724,26473724,38420308,0
2008,381,1,752,"H3","390512",8,267015,267015,490995,0
2008,381,2,752,"H3","390512",8,48536,48536,56944,0
2008,381,1,757,"H3","390512",8,365392,365392,872244,0
2008,381,2,757,"H3","390512",8,447529,447529,589096,0
2008,381,1,752,"H3","390519",8,442550,442550,2238360,0
2008,381,2,752,"H3","390519",8,2000,2000,8868,0
2008,381,1,757,"H3","390519",8,4960,4960,11677,0
2008,381,2,757,"H3","390519",8,28415,28415,87023,0
2008,381,1,752,"H3","390521",8,200,200,468,0
2008,381,2,752,"H3","390521",8,40850,40850,57846,0
2008,381,1,757,"H3","390521",8,20190,20190,30128,0
2008,381,2,757,"H3","390521",8,4806130,4806130,6799683,0
2008,381,2,752,"H3","390529",8,1056,1056,3488,0
2008,381,1,757,"H3","390529",8,9296771,9296771,34495703,0
2008,381,2,757,"H3","390529",8,21131097,21131097,30716378,0
2008,381,1,752,"H3","390591",8,3169,3169,21556,0
2008,381,1,752,"H3","390599",8,5600,5600,28138,0
2008,381,2,752,"H3","390599",8,104620,104620,656836,0
2008,381,1,757,"H3","390599",8,1350,1350,35878,0
2008,381,2,757,"H3","390599",8,8753,8753,46401,0
2008,381,1,752,"H3","390610",8,22421,22421,34119,0
2008,381,1,757,"H3","390610",8,14167,14167,84987,0
2008,381,1,752,"H3","390710",8,74,74,219,0
2008,381,2,752,"H3","390710",8,48600,48600,160601,0
2008,381,1,757,"H3","390710",8,8310,8310,130972,0
2008,381,2,757,"H3","390710",8,91780,91780,321271,0
2008,381,1,752,"H3","390740",8,3041,3041,18141,0
2008,381,2,752,"H3","390740",8,388985,388985,1894434,0
2008,381,1,752,"H3","390750",8,157816,157816,457805,0
2008,381,2,752,"H3","390750",8,289240,289240,845787,0
2008,381,1,757,"H3","390750",8,22600,22600,100484,0
2008,381,2,757,"H3","390750",8,167661,167661,857973,0
2008,381,1,752,"H3","390760",8,12207,12207,19267,0
2008,381,2,752,"H3","390760",8,695309,695309,1484970,0
2008,381,1,757,"H3","390760",8,275339,275339,2841738,0
2008,381,2,757,"H3","390760",8,15130193,15130193,25111774,0
2008,381,1,752,"H3","390791",8,358637,358637,1274032,0
2008,381,2,752,"H3","390791",8,763668,763668,3352900,0
2008,381,1,757,"H3","390791",8,9630,9630,16245,0
2008,381,2,757,"H3","390791",8,1578319,1578319,4066622,0
2008,381,1,752,"H3","390810",8,99652,99652,106500,0
2008,381,2,752,"H3","390810",8,3010544,3010544,9844957,0
2008,381,1,757,"H3","390810",8,6171913,6171913,25435979,0
2008,381,2,757,"H3","390810",8,3250288,3250288,11814810,0
2008,381,1,752,"H3","390890",8,12805,12805,26567,0
2008,381,2,752,"H3","390890",8,298017,298017,1118758,0
2008,381,1,757,"H3","390890",8,2519494,2519494,29661217,0
2008,381,2,757,"H3","390890",8,663291,663291,2477583,0
2008,381,1,752,"H3","390910",8,1451256,1451256,2315811,0
2008,381,2,752,"H3","390910",8,41141,41141,69622,0
2008,381,1,757,"H3","390910",8,1800,1800,5471,0
2008,381,2,757,"H3","390910",8,30603939,30603939,17633906,0
2008,381,1,752,"H3","390920",8,1815470,1815470,4246941,0
2008,381,1,757,"H3","390920",8,37,37,3672,0
2008,381,2,757,"H3","390920",8,76010,76010,272513,0
2008,381,1,752,"H3","390930",8,408486,408486,683378,0
2008,381,2,752,"H3","390930",8,113764,113764,474606,0
2008,381,1,757,"H3","390930",8,795,795,9816,0
2008,381,2,757,"H3","390930",8,92643,92643,494192,0
2008,381,1,752,"H3","390940",8,470483,470483,1085525,0
2008,381,2,752,"H3","390940",8,700053,700053,1665267,0
2008,381,1,757,"H3","390940",8,28688,28688,296000,0
2008,381,2,757,"H3","390940",8,1038735,1038735,1079563,0
2008,381,1,752,"H3","3910",8,863,863,5825,0
2008,381,2,752,"H3","3910",8,26849,26849,412288,0
2008,381,1,757,"H3","3910",8,663669,663669,6258467,0
2008,381,2,757,"H3","3910",8,141219,141219,1077097,0
2008,381,1,752,"H3","391000",8,863,863,5825,0
2008,381,2,752,"H3","391000",8,26849,26849,412288,0
2008,381,1,757,"H3","391000",8,663669,663669,6258467,0
2008,381,2,757,"H3","391000",8,141219,141219,1077097,0
2008,381,1,752,"H3","391110",8,5177,5177,16007,0
2008,381,1,757,"H3","391110",8,500,500,6066,0
2008,381,2,757,"H3","391110",8,11003,11003,215133,0
2008,381,1,752,"H3","391190",8,241281,241281,285224,0
2008,381,2,752,"H3","391190",8,46681,46681,244280,0
2008,381,1,757,"H3","391190",8,413161,413161,945131,0
2008,381,2,757,"H3","391190",8,169432,169432,1519048,0
2008,381,1,752,"H3","3912",8,757470,757470,2377701,0
2008,381,2,752,"H3","3912",8,6396,6396,34241,0
2008,381,1,757,"H3","3912",8,58050,58050,82690,0
2008,381,2,757,"H3","3912",8,46733,46733,312794,0
2008,381,2,752,"H3","391212",8,2894,2894,22124,0
2008,381,2,757,"H3","391212",8,27466,27466,127822,0
2008,381,1,752,"H3","391231",8,32080,32080,140312,0
2008,381,1,757,"H3","391231",8,56738,56738,79737,0
2008,381,1,752,"H3","391239",8,565350,565350,2081553,0
2008,381,2,752,"H3","391239",8,179,179,1574,0
2008,381,2,757,"H3","391239",8,1207,1207,116401,0
2008,381,1,752,"H3","391290",8,160040,160040,155836,0
2008,381,2,752,"H3","391290",8,3323,3323,10543,0
2008,381,1,757,"H3","391290",8,1312,1312,2953,0
2008,381,2,757,"H3","391290",8,15180,15180,56309,0
2008,381,1,752,"H3","3913",8,238171,238171,6336551,0
2008,381,2,752,"H3","3913",8,282680,282680,1595144,0
2008,381,1,757,"H3","3913",8,46792,46792,784487,0
2008,381,2,757,"H3","3913",8,243426,243426,2673553,0
2008,381,1,752,"H3","391310",8,230756,230756,1912272,0
2008,381,2,752,"H3","391310",8,1686,1686,10844,0
2008,381,1,757,"H3","391310",8,45975,45975,303831,0
2008,381,2,757,"H3","391310",8,9585,9585,90763,0
2008,381,1,752,"H3","391390",8,7415,7415,4424279,0
2008,381,2,752,"H3","391390",8,280994,280994,1584300,0
2008,381,1,757,"H3","391390",8,817,817,480656,0
2008,381,2,757,"H3","391390",8,233841,233841,2582790,0
2008,381,1,752,"H3","3914",8,3820,3820,1568785,0
2008,381,2,752,"H3","3914",8,213359,213359,1496839,0
2008,381,1,757,"H3","3914",8,766,766,27331,0
2008,381,2,757,"H3","3914",8,183081,183081,1145003,0
2008,381,1,752,"H3","391400",8,3820,3820,1568785,0
2008,381,2,752,"H3","391400",8,213359,213359,1496839,0
2008,381,1,757,"H3","391400",8,766,766,27331,0
2008,381,2,757,"H3","391400",8,183081,183081,1145003,0
2008,381,1,752,"H3","3915",8,1157335,1157335,962973,0
2008,381,2,752,"H3","3915",8,18,18,12,0
2008,381,1,757,"H3","3915",8,6346590,6346590,4604192,0
2008,381,2,757,"H3","390720",8,1094075,1094075,4327852,0
2008,381,1,757,"H3","390720",8,46127,46127,138458,0
2008,381,2,752,"H3","390720",8,16777,16777,368086,0
2008,381,1,752,"H3","390720",8,221677,221677,637757,0
2008,381,2,757,"H3","3906",8,1899884,1899884,3390819,0
2008,381,1,757,"H3","3906",8,1144679,1144679,3340780,0
2008,381,2,752,"H3","3906",8,130330,130330,476344,0
2008,381,1,752,"H3","3906",8,1494551,1494551,7217877,0
2008,381,2,757,"H3","390422",8,2270894,2270894,4699568,0
2008,381,1,757,"H3","390422",8,112798,112798,231631,0
2008,381,2,752,"H3","390422",8,330494,330494,715338,0
2008,381,1,752,"H3","390422",8,5678,5678,20539,0
2008,381,2,757,"H3","390690",8,1899884,1899884,3390819,0
2008,381,1,757,"H3","390690",8,1130512,1130512,3255794,0
2008,381,2,752,"H3","390690",8,130330,130330,476344,0
2008,381,1,752,"H3","390690",8,1472130,1472130,7183758,0
2008,381,2,757,"H3","391220",8,2880,2880,12262,0
2008,381,2,757,"H3","3911",8,180435,180435,1734181,0
2008,381,1,757,"H3","3911",8,413661,413661,951196,0
2008,381,2,752,"H3","3911",8,46681,46681,244280,0
2008,381,1,752,"H3","3911",8,246458,246458,301232,0
2008,381,2,757,"H3","3909",8,33173563,33173563,25491222,0
2008,381,1,757,"H3","3909",8,1157565,1157565,5423457,0
2008,381,2,752,"H3","3909",8,1313666,1313666,5267344,0
2008,381,1,752,"H3","3909",8,4173302,4173302,8473062,0
2008,381,2,757,"H3","3908",8,3913579,3913579,14292393,0
2008,381,1,757,"H3","3908",8,8691407,8691407,55097196,0
2008,381,2,752,"H3","3908",8,3308561,3308561,10963716,0
2008,381,1,752,"H3","3908",8,112457,112457,133067,0
2008,381,2,757,"H3","390799",8,2210269,2210269,7925745,0
2008,381,1,757,"H3","390799",8,677175,677175,5440962,0
2008,381,2,752,"H3","390799",8,2058279,2058279,6683339,0
2008,381,1,752,"H3","390799",8,174893,174893,520217,0
2008,381,2,757,"H3","390770",8,38793,38793,156321,0
2008,381,1,757,"H3","390770",8,1793,1793,133324,0
2008,381,2,752,"H3","390770",8,17876,17876,67002,0
2008,381,2,757,"H3","390740",8,2250262,2250262,8996375,0
2008,381,1,757,"H3","390740",8,375762,375762,1021952,0
2008,381,2,757,"H3","390730",8,1284318,1284318,4055964,0
2008,381,1,757,"H3","390730",8,2242787,2242787,8691739,0
2008,381,2,752,"H3","390730",8,445922,445922,2001911,0
2008,381,1,752,"H3","390730",8,141712,141712,667756,0
2008,381,2,757,"H3","3907",8,23845670,23845670,55819897,0
2008,381,1,757,"H3","3907",8,3659523,3659523,18515875,0
2008,381,2,752,"H3","3907",8,4724656,4724656,16859030,0
2008,381,1,752,"H3","3907",8,1070057,1070057,3595194,0
2008,381,1,752,"H3","390450",8,101833,101833,437399,0
2008,381,2,757,"H3","390950",8,1362236,1362236,6011049,0
2008,381,1,757,"H3","390950",8,1126245,1126245,5108499,0
2008,381,2,752,"H3","390950",8,458708,458708,3057850,0
2008,381,1,752,"H3","390950",8,27607,27607,141407,0
2008,381,2,757,"H3","390530",8,51800,51800,181727,0
2008,381,1,757,"H3","390530",8,234,234,5331,0
2008,381,2,752,"H3","390530",8,1000,1000,3010,0
2008,381,2,757,"H3","3915",8,915200,915200,430858,0
2008,381,1,752,"H3","391510",8,110405,110405,117589,0
2008,381,1,757,"H3","391510",8,762328,762328,448095,0
2008,381,2,757,"H3","391510",8,36927,36927,14361,0
2008,381,1,752,"H3","391520",8,153570,153570,129135,0
2008,381,1,757,"H3","391520",8,135562,135562,110561,0
2008,381,2,757,"H3","391520",8,426160,426160,88547,0
2008,381,1,757,"H3","391530",8,203620,203620,98662,0
2008,381,2,757,"H3","391530",8,60450,60450,11054,0
2008,381,1,752,"H3","391590",8,893360,893360,716249,0
2008,381,2,752,"H3","391590",8,18,18,12,0
2008,381,1,757,"H3","391590",8,5245080,5245080,3946873,0
2008,381,2,757,"H3","391590",8,391663,391663,316896,0
2008,381,1,752,"H3","3916",8,27936,27936,294473,0
2008,381,2,752,"H3","3916",8,277455,277455,2189317,0
2008,381,1,757,"H3","3916",8,361146,361146,2813025,0
2008,381,2,757,"H3","3916",8,377439,377439,3318172,0
2008,381,1,752,"H3","391610",8,3178,3178,56460,0
2008,381,2,752,"H3","391610",8,15465,15465,94081,0
2008,381,1,757,"H3","391610",8,636,636,13557,0
2008,381,2,757,"H3","391610",8,6471,6471,117371,0
2008,381,1,752,"H3","391620",8,15160,15160,182927,0
2008,381,2,752,"H3","391620",8,43711,43711,221683,0
2008,381,1,757,"H3","391620",8,4332,4332,53374,0
2008,381,2,757,"H3","391620",8,176592,176592,1290623,0
2008,381,1,752,"H3","391690",8,9598,9598,55086,0
2008,381,2,752,"H3","391690",8,218279,218279,1873553,0
2008,381,1,757,"H3","391690",8,356178,356178,2746094,0
2008,381,2,757,"H3","391690",8,194376,194376,1910178,0
2008,381,1,752,"H3","3917",8,1014754,1014754,8413474,0
2008,381,2,752,"H3","3917",8,3983626,3983626,26423316,0
2008,381,1,757,"H3","3917",8,3474614,3474614,27663717,0
2008,381,2,757,"H3","3917",8,18583080,18583080,70393598,0
2008,381,1,752,"H3","391710",8,40,40,394,0
2008,381,2,752,"H3","391710",8,1143,1143,10229,0
2008,381,1,757,"H3","391710",8,2487,2487,62052,0
2008,381,2,757,"H3","391710",8,98581,98581,2110434,0
2008,381,1,752,"H3","391721",8,726130,726130,4783074,0
2008,381,2,752,"H3","391721",8,185611,185611,1180538,0
2008,381,1,757,"H3","391721",8,430549,430549,2948672,0
2008,381,2,757,"H3","391721",8,7197498,7197498,22706328,0
2008,381,1,752,"H3","391722",8,13050,13050,132520,0
2008,381,2,752,"H3","391722",8,32776,32776,198545,0
2008,381,1,757,"H3","391722",8,20872,20872,185615,0
2008,381,2,757,"H3","391722",8,246057,246057,1088148,0
2008,381,1,752,"H3","391723",8,2745,2745,14538,0
2008,381,2,752,"H3","391723",8,323114,323114,1415935,0
2008,381,1,757,"H3","391723",8,11221,11221,618076,0
2008,381,2,757,"H3","391723",8,4027851,4027851,9676915,0
2008,381,1,752,"H3","391729",8,6031,6031,141123,0
2008,381,2,752,"H3","391729",8,26369,26369,495114,0
2008,381,1,757,"H3","391729",8,10265,10265,458489,0
2008,381,2,757,"H3","391729",8,129897,129897,1102670,0
2008,381,1,752,"H3","391731",8,546,546,101972,0
2008,381,2,752,"H3","391731",8,96068,96068,2000516,0
2008,381,1,757,"H3","391731",8,1233743,1233743,6140075,0
2008,381,2,757,"H3","391731",8,1299914,1299914,5212036,0
2008,381,1,752,"H3","391732",8,119960,119960,1131581,0
2008,381,2,752,"H3","391732",8,2401517,2401517,12022781,0
2008,381,1,757,"H3","391732",8,547172,547172,3551315,0
2008,381,2,757,"H3","391732",8,3583865,3583865,12200888,0
2008,381,1,752,"H3","391733",8,63630,63630,527588,0
2008,381,2,752,"H3","391733",8,10891,10891,59752,0
2008,381,1,757,"H3","391733",8,119649,119649,2448160,0
2008,381,2,757,"H3","391733",8,57624,57624,495007,0
2008,381,1,752,"H3","391739",8,49593,49593,352669,0
2008,381,2,752,"H3","391739",8,399811,399811,3254808,0
2008,381,1,757,"H3","391739",8,997215,997215,7976898,0
2008,381,2,757,"H3","391739",8,885358,885358,6349694,0
2008,381,1,752,"H3","391740",8,33029,33029,1228017,0
2008,381,2,752,"H3","391740",8,506326,506326,5785099,0
2008,381,1,757,"H3","391740",8,101441,101441,3274365,0
2008,381,2,757,"H3","391740",8,1056435,1056435,9451480,0
2008,381,1,752,"H3","3918",8,3285868,3285868,8892512,6
2008,381,2,752,"H3","3918",8,27922,27922,95816,6
2008,381,1,757,"H3","3918",8,367481,367481,2376501,0
2008,381,2,757,"H3","3918",8,218206,218206,915744,0
2008,381,1,752,"H3","391810",8,3207370,3207370,8700096,6
2008,381,2,752,"H3","391810",8,18854,18854,58677,6
2008,381,1,757,"H3","391810",8,333480,333480,2162683,0
2008,381,2,757,"H3","391810",8,81053,81053,420690,0
2008,381,1,752,"H3","391890",8,78498,78498,192416,6
2008,381,2,752,"H3","391890",8,9067,9067,37140,6
2008,381,1,757,"H3","391890",8,34001,34001,213818,0
2008,381,2,757,"H3","391890",8,137153,137153,495054,0
2008,381,1,752,"H3","3919",8,68297,68297,645636,0
2008,381,2,752,"H3","3919",8,2518695,2518695,12231513,0
2008,381,1,757,"H3","3919",8,180455,180455,3560076,0
2008,381,2,757,"H3","3919",8,2762566,2762566,18063068,0
2008,381,1,752,"H3","391910",8,17147,17147,451696,0
2008,381,2,752,"H3","391910",8,1469920,1469920,8368783,0
2008,381,1,757,"H3","391910",8,43013,43013,2044322,0
2008,381,2,757,"H3","391910",8,1571656,1571656,10737420,0
2008,381,1,752,"H3","391990",8,51150,51150,193940,0
2008,381,2,752,"H3","391990",8,1048775,1048775,3862729,0
2008,381,1,757,"H3","391990",8,137442,137442,1515754,0
2008,381,2,757,"H3","391990",8,1190910,1190910,7325648,0
2008,381,1,752,"H3","3920",8,2565950,2565950,10664242,0
2008,381,2,752,"H3","3920",8,18219160,18219160,63309702,0
2008,381,1,757,"H3","3920",8,14006285,14006285,64677039,0
2008,381,2,757,"H3","3920",8,24767429,24767429,89695736,0
2008,381,1,752,"H3","392010",8,1997024,1997024,7052034,0
2008,381,2,752,"H3","392010",8,13614080,13614080,40335488,0
2008,381,1,757,"H3","392010",8,7336112,7336112,22667740,0
2008,381,2,757,"H3","392010",8,11713713,11713713,34171361,0
2008,381,1,752,"H3","392020",8,31046,31046,101775,0
2008,381,2,752,"H3","392020",8,2590289,2590289,10469901,0
2008,381,1,757,"H3","392020",8,1149838,1149838,5632587,0
2008,381,2,757,"H3","392020",8,3834127,3834127,15715024,0
2008,381,1,752,"H3","392030",8,46450,46450,261015,0
2008,381,2,752,"H3","392030",8,67451,67451,260373,0
2008,381,1,757,"H3","392030",8,51808,51808,171255,0
2008,381,2,757,"H3","392030",8,1070836,1070836,4791841,0
2008,381,1,752,"H3","392043",8,67172,67172,285343,0
2008,381,2,752,"H3","392043",8,148879,148879,769539,0
2008,381,1,757,"H3","392043",8,712797,712797,2943466,0
2008,381,2,757,"H3","392043",8,506145,506145,2357435,0
2008,381,1,752,"H3","392049",8,20861,20861,242247,0
2008,381,2,752,"H3","392049",8,349117,349117,1605333,0
2008,381,1,757,"H3","392049",8,1098091,1098091,10651619,0
2008,381,2,757,"H3","392049",8,1341160,1341160,5946797,0
2008,381,1,752,"H3","392051",8,7822,7822,125961,0
2008,381,2,752,"H3","392051",8,44374,44374,315792,0
2008,381,1,757,"H3","392051",8,3814,3814,31969,0
2008,381,2,757,"H3","392051",8,137812,137812,854628,0
2008,381,2,752,"H3","392059",8,3233,3233,55202,0
2008,381,1,757,"H3","392059",8,55524,55524,401273,0
2008,381,2,757,"H3","392059",8,106740,106740,452054,0
2008,381,1,752,"H3","392061",8,291186,291186,1728196,0
2008,381,2,752,"H3","392061",8,29257,29257,288799,0
2008,381,1,757,"H3","392061",8,3247720,3247720,18226447,0
2008,381,2,757,"H3","392061",8,31498,31498,330491,0
2008,381,1,752,"H3","392062",8,54962,54962,203828,0
2008,381,2,752,"H3","392062",8,531406,531406,5682579,0
2008,381,1,757,"H3","392062",8,120414,120414,920945,0
2008,381,2,757,"H3","392062",8,3200659,3200659,10641205,0
2008,381,1,752,"H3","392063",8,107,107,1276,0
2008,381,1,757,"H3","392063",8,29,29,2244,0
2008,381,2,757,"H3","392063",8,44145,44145,143615,0
2008,381,1,752,"H3","392069",8,31731,31731,174717,0
2008,381,2,752,"H3","392069",8,16229,16229,130545,0
2008,381,1,757,"H3","392069",8,12692,12692,314517,0
2008,381,2,757,"H3","392069",8,326136,326136,2025209,0
2008,381,1,752,"H3","392073",8,9170,9170,354750,0
2008,381,2,752,"H3","392073",8,13045,13045,360262,0
2008,381,2,757,"H3","392073",8,30713,30713,313432,0
2008,381,1,752,"H3","392079",8,7385,7385,126777,0
2008,381,2,752,"H3","392079",8,647,647,10073,0
2008,381,1,757,"H3","392079",8,6241,6241,123010,0
2008,381,2,757,"H3","392079",8,4147,4147,72233,0
2008,381,2,752,"H3","392092",8,359296,359296,1843599,0
2008,381,1,757,"H3","392092",8,23288,23288,242027,0
2008,381,2,757,"H3","392092",8,1049257,1049257,6142137,0
2008,381,1,752,"H3","392112",8,278307,278307,1591042,0
2008,381,2,752,"H3","392112",8,3530,3530,34017,0
2008,381,1,757,"H3","392112",8,893449,893449,3331007,0
2008,381,2,757,"H3","392112",8,2962789,2962789,22160890,0
2008,381,1,752,"H3","392114",8,552903,552903,5491827,0
2008,381,2,752,"H3","392114",8,18989,18989,272870,0
2008,381,1,752,"H3","392190",8,84600,84600,339993,0
2008,381,2,752,"H3","392190",8,3065921,3065921,27707038,0
2008,381,1,757,"H3","392190",8,4260477,4260477,17150641,0
2008,381,2,757,"H3","392190",8,5138669,5138669,24244930,0
2008,381,1,752,"H3","392210",8,8443,8443,178110,0
2008,381,2,752,"H3","392210",8,33874,33874,336658,0
2008,381,1,757,"H3","392210",8,21101,21101,428093,0
2008,381,2,757,"H3","392210",8,217294,217294,5139408,0
2008,381,1,752,"H3","392290",8,10176,10176,94726,0
2008,381,2,752,"H3","392290",8,77333,77333,780315,0
2008,381,1,757,"H3","392290",8,103421,103421,1692214,0
2008,381,2,757,"H3","392290",8,159027,159027,2014776,0
2008,381,1,752,"H3","392350",8,251923,251923,1207887,0
2008,381,2,752,"H3","392350",8,702683,702683,10473080,0
2008,381,1,757,"H3","392350",8,1211239,1211239,11662486,0
2008,381,2,757,"H3","392350",8,2047568,2047568,14842191,0
2008,381,1,752,"H3","392390",8,4157,4157,143704,0
2008,381,2,752,"H3","392390",8,294565,294565,1110986,0
2008,381,1,757,"H3","392390",8,334868,334868,6732496,0
2008,381,2,757,"H3","392390",8,927263,927263,4884973,0
2008,381,2,752,"H3","392510",8,38822,38822,226636,0
2008,381,1,757,"H3","392510",8,24651,24651,167320,0
2008,381,2,757,"H3","392510",8,274760,274760,2012742,0
2008,381,1,752,"H3","392520",1,,,231902,0
2008,381,2,752,"H3","392520",8,3436,3436,25350,6
2008,381,1,757,"H3","392520",1,,26443,247041,0
2008,381,2,757,"H3","392520",8,3790764,3790764,27610804,0
2008,381,1,752,"H3","392530",8,25409,25409,253728,0
2008,381,2,752,"H3","392530",8,5019,5019,80044,0
2008,381,1,757,"H3","392530",8,1496,1496,30438,0
2008,381,2,757,"H3","392530",8,55187,55187,731636,0
2008,381,1,752,"H3","392610",8,17593,17593,446454,0
2008,381,2,752,"H3","392610",8,3694,3694,32066,0
2008,381,1,757,"H3","392610",8,33196,33196,306895,0
2008,381,2,757,"H3","392610",8,68762,68762,755730,0
2008,381,1,752,"H3","392620",8,4413,4413,101854,0
2008,381,2,752,"H3","392620",8,7447,7447,603682,0
2008,381,1,757,"H3","392620",8,4840,4840,64708,0
2008,381,2,757,"H3","392620",8,68336,68336,2339299,0
2008,381,1,752,"H3","392640",8,3617,3617,117128,0
2008,381,2,752,"H3","392640",8,9332,9332,249683,0
2008,381,1,757,"H3","392640",8,590,590,17721,0
2008,381,2,757,"H3","392640",8,266087,266087,1598008,0
2008,381,1,752,"H3","392690",8,743442,743442,12067203,0
2008,381,2,752,"H3","392690",8,3056581,3056581,29700586,0
2008,381,1,757,"H3","392690",8,1026049,1026049,22038203,0
2008,381,2,757,"H3","392690",8,10946653,10946653,103055525,0
2008,381,1,752,"H3","40",1,,,39354537,0
2008,381,2,752,"H3","40",1,,,110199536,0
2008,381,1,757,"H3","40",1,,,15442271,0
2008,381,2,757,"H3","40",1,,,110188336,0
2008,381,1,752,"H3","4001",8,3077,3077,14281,0
2008,381,2,752,"H3","4001",8,202,202,1129,0
2008,381,1,757,"H3","4001",8,6866,6866,9999,0
2008,381,2,757,"H3","4001",8,667652,667652,894424,0
2008,381,2,757,"H3","400122",8,16922,16922,58631,0
2008,381,1,752,"H3","400129",8,3077,3077,14281,0
2008,381,2,752,"H3","400129",8,42,42,69,0
2008,381,2,757,"H3","400129",8,401503,401503,307191,0
2008,381,1,752,"H3","4002",8,50072,50072,270503,0
2008,381,2,752,"H3","4002",8,3187992,3187992,8977527,0
2008,381,1,757,"H3","4002",8,322840,322840,1311439,0
2008,381,2,757,"H3","4002",8,3581126,3581126,11055286,0
2008,381,2,752,"H3","400211",8,600,600,854,0
2008,381,2,757,"H3","400211",8,126840,126840,179055,0
2008,381,1,752,"H3","400219",8,22477,22477,61972,0
2008,381,2,752,"H3","400219",8,2855882,2855882,7570678,0
2008,381,1,757,"H3","400219",8,8069,8069,31869,0
2008,381,2,757,"H3","400219",8,2996214,2996214,8528443,0
2008,381,1,752,"H3","400220",8,17509,17509,50389,0
2008,381,1,757,"H3","400220",8,65266,65266,157375,0
2008,381,1,757,"H3","400231",8,45797,45797,259607,0
2008,381,2,757,"H3","400239",8,29,29,3516,0
2008,381,2,757,"H3","400249",8,3300,3300,22118,0
2008,381,1,752,"H3","400270",8,900,900,2731,0
2008,381,1,757,"H3","400270",8,176914,176914,777799,0
2008,381,1,752,"H3","400280",8,700,700,18057,0
2008,381,2,752,"H3","400280",8,9725,9725,60057,0
2008,381,2,757,"H3","400280",8,65793,65793,956939,0
2008,381,1,752,"H3","400299",8,8486,8486,137353,0
2008,381,2,752,"H3","400299",8,321785,321785,1345938,0
2008,381,1,757,"H3","400299",8,12794,12794,45291,0
2008,381,2,757,"H3","400299",8,388750,388750,1361544,0
2008,381,2,757,"H3","4003",8,50,50,12452,0
2008,381,2,757,"H3","400300",8,50,50,12452,0
2008,381,2,752,"H3","4004",8,306924,306924,400061,0
2008,381,1,757,"H3","4004",8,51314,51314,711107,0
2008,381,2,757,"H3","4004",8,542775,542775,389865,0
2008,381,1,752,"H3","4005",8,691511,691511,3014092,0
2008,381,2,752,"H3","4005",8,428578,428578,1649856,0
2008,381,1,757,"H3","4005",8,174856,174856,801438,0
2008,381,2,757,"H3","4005",8,504477,504477,2466069,0
2008,381,1,752,"H3","400510",8,656841,656841,2872234,0
2008,381,2,752,"H3","400510",8,205506,205506,589350,0
2008,381,1,757,"H3","400510",8,30496,30496,250804,0
2008,381,2,757,"H3","400510",8,298252,298252,1104071,0
2008,381,1,752,"H3","400520",8,1,1,7,0
2008,381,2,752,"H3","400520",8,133540,133540,463637,0
2008,381,1,752,"H3","400599",8,3583,3583,11325,0
2008,381,2,752,"H3","400599",8,84800,84800,548402,0
2008,381,1,757,"H3","400599",8,139465,139465,504109,0
2008,381,2,757,"H3","400599",8,171022,171022,1089789,0
2008,381,1,752,"H3","4006",8,9728,9728,96903,0
2008,381,2,752,"H3","4006",8,270592,270592,1453048,0
2008,381,1,757,"H3","4006",8,386,386,12632,0
2008,381,2,757,"H3","4006",8,27171,27171,503485,0
2008,381,2,757,"H3","3926",8,11357369,11357369,107858805,0
2008,381,1,757,"H3","3926",8,1064841,1064841,22439834,0
2008,381,2,752,"H3","3926",8,3102677,3102677,31003679,0
2008,381,1,752,"H3","400690",8,1188,1188,59688,0
2008,381,2,752,"H3","400690",8,7863,7863,95144,0
2008,381,1,757,"H3","400690",8,386,386,12632,0
2008,381,2,757,"H3","400690",8,15363,15363,382085,0
2008,381,2,752,"H3","4007",8,4335,4335,32352,0
2008,381,2,757,"H3","4007",8,46552,46552,386690,0
2008,381,2,752,"H3","400700",8,4335,4335,32352,0
2008,381,2,757,"H3","400700",8,46552,46552,386690,0
2008,381,1,752,"H3","3926",8,789888,789888,13330952,0
2008,381,2,757,"H3","392321",8,1893587,1893587,6730872,0
2008,381,1,757,"H3","392321",8,241824,241824,1149657,0
2008,381,2,752,"H3","392321",8,1076953,1076953,3781793,0
2008,381,1,752,"H3","400811",8,6908,6908,79360,0
2008,381,2,752,"H3","400811",8,86421,86421,1072042,0
2008,381,1,757,"H3","400811",8,5860,5860,213066,0
2008,381,2,757,"H3","400811",8,50715,50715,431289,0
2008,381,1,752,"H3","400819",8,62828,62828,1027794,0
2008,381,2,752,"H3","400819",8,794,794,20255,0
2008,381,1,757,"H3","400819",8,271,271,5381,0
2008,381,2,757,"H3","400819",8,20652,20652,272720,0
2008,381,1,752,"H3","400821",8,11247,11247,83485,6
2008,381,2,752,"H3","400821",8,304778,304778,1456441,6
2008,381,1,757,"H3","400821",8,2389895,2389895,2708407,0
2008,381,2,757,"H3","400821",8,463867,463867,5630531,0
2008,381,1,752,"H3","400829",8,10444,10444,122258,0
2008,381,2,752,"H3","400829",8,3787,3787,41146,0
2008,381,1,757,"H3","400829",8,40413,40413,744107,0
2008,381,2,757,"H3","400829",8,72008,72008,465610,0
2008,381,1,752,"H3","392321",8,17147,17147,120146,0
2008,381,2,757,"H3","392310",8,1407405,1407405,5588758,0
2008,381,1,757,"H3","392310",8,5170191,5170191,4354715,0
2008,381,2,752,"H3","392310",8,634957,634957,2690476,0
2008,381,1,752,"H3","392310",8,212681,212681,1390863,0
2008,381,2,757,"H3","3923",8,9943690,9943690,55904070,6
2008,381,1,757,"H3","3923",8,25120050,25120050,125468793,0
2008,381,2,752,"H3","3923",8,3781197,3781197,21663627,6
2008,381,1,752,"H3","400912",8,210,210,1540,0
2008,381,2,752,"H3","400912",8,252,252,16067,0
2008,381,1,757,"H3","400912",8,365,365,8228,0
2008,381,2,757,"H3","400912",8,7176,7176,83974,0
2008,381,1,752,"H3","3923",8,706340,706340,3840178,6
2008,381,2,757,"H3","392113",8,368824,368824,2499867,0
2008,381,1,757,"H3","392113",8,222475,222475,1628500,0
2008,381,2,752,"H3","392113",8,35706,35706,360393,0
2008,381,1,752,"H3","400922",8,11349,11349,141029,0
2008,381,2,752,"H3","400922",8,96822,96822,1290794,0
2008,381,1,757,"H3","400922",8,506,506,21164,0
2008,381,2,757,"H3","400922",8,151987,151987,2233222,0
2008,381,1,752,"H3","392113",8,23909,23909,295975,0
2008,381,2,757,"H3","3921",8,9885358,9885358,55672247,0
2008,381,1,757,"H3","3921",8,5583517,5583517,23199147,0
2008,381,2,752,"H3","3921",8,3354382,3354382,29632276,0
2008,381,1,752,"H3","400932",8,1682,1682,142155,0
2008,381,2,752,"H3","400932",8,16759,16759,165840,0
2008,381,2,757,"H3","400932",8,16403,16403,193377,0
2008,381,1,752,"H3","400941",8,3993,3993,70892,0
2008,381,2,752,"H3","400941",8,418661,418661,3594506,0
2008,381,1,757,"H3","400941",8,709,709,9648,0
2008,381,2,757,"H3","400941",8,98072,98072,903799,0
2008,381,1,752,"H3","400942",8,939,939,39054,0
2008,381,2,752,"H3","400942",8,26066,26066,591161,0
2008,381,1,757,"H3","400942",8,8499,8499,428783,0
2008,381,2,757,"H3","400942",8,108586,108586,3696084,0
2008,381,1,752,"H3","4010",8,284963,284963,2316758,0
2008,381,2,752,"H3","4010",8,114836,114836,2701239,0
2008,381,1,757,"H3","4010",8,34212,34212,1331378,0
2008,381,2,757,"H3","4010",8,466243,466243,9952653,0
2008,381,1,752,"H3","3921",8,1024620,1024620,8265882,0
2008,381,2,757,"H3","392099",8,1359288,1359288,5679434,0
2008,381,1,757,"H3","392099",8,185581,185581,2309415,0
2008,381,1,752,"H3","401012",8,167853,167853,509592,0
2008,381,2,752,"H3","401012",8,74274,74274,496225,0
2008,381,1,757,"H3","401012",8,83,83,16645,0
2008,381,2,757,"H3","401012",8,21823,21823,399616,0
2008,381,1,752,"H3","401019",8,91238,91238,865997,0
2008,381,2,752,"H3","401019",8,4343,4343,97940,0
2008,381,1,757,"H3","401019",8,2165,2165,8424,0
2008,381,2,757,"H3","401019",8,37695,37695,385291,0
2008,381,2,752,"H3","392099",8,443355,443355,1148384,0
2008,381,1,752,"H3","392099",8,1034,1034,6322,0
2008,381,2,757,"H3","3925",1,,4513898,34481704,0
2008,381,1,757,"H3","3925",1,,91456,1760910,0
2008,381,1,752,"H3","401032",8,75,75,1621,0
2008,381,2,752,"H3","401032",8,396,396,16695,0
2008,381,1,757,"H3","401032",8,2711,2711,106888,0
2008,381,1,752,"H3","401033",8,1726,1726,51032,0
2008,381,2,752,"H3","401033",8,116,116,5333,0
2008,381,2,752,"H3","3925",1,,432406,2174157,4
2008,381,1,752,"H3","401035",8,3145,3145,308155,0
2008,381,2,752,"H3","401035",8,485,485,32399,0
2008,381,1,757,"H3","401035",8,4406,4406,246605,0
2008,381,2,757,"H3","401035",8,1955,1955,93604,0
2008,381,2,752,"H3","401036",8,284,284,18755,0
2008,381,1,757,"H3","401036",8,49,49,6004,0
2008,381,1,752,"H3","3925",1,,,590443,0
2008,381,1,752,"H3","400610",8,8540,8540,37215,0
2008,381,1,757,"H3","401039",8,24446,24446,936101,0
2008,381,2,757,"H3","401039",8,392902,392902,8374687,0
2008,381,2,757,"H3","400400",8,542775,542775,389865,0
2008,381,1,757,"H3","400400",8,51314,51314,711107,0
2008,381,2,752,"H3","400400",8,306924,306924,400061,0
2008,381,2,757,"H3","400291",8,200,200,3671,0
2008,381,1,752,"H3","401110",5,6431,79572,388519,4
2008,381,2,752,"H3","401110",5,389578,5252513,18326488,4
2008,381,1,757,"H3","401110",5,28432,253916,2345707,0
2008,381,2,757,"H3","401110",5,421379,3559904,18714448,0
2008,381,1,757,"H3","400291",8,14000,14000,39497,0
2008,381,2,757,"H3","400110",8,249227,249227,528602,0
2008,381,1,757,"H3","400110",8,6866,6866,9999,0
2008,381,2,752,"H3","400110",8,160,160,1060,0
2008,381,1,752,"H3","401130",5,12,130,2302,4
2008,381,2,757,"H3","401130",5,688,1448,62616,0
2008,381,2,752,"H3","401140",5,98,1500,6018,4
2008,381,2,757,"H3","401140",5,2583,12094,236243,0
2008,381,1,752,"H3","401150",5,500,349,1380,4
2008,381,2,752,"H3","401150",5,6683,13017,107992,4
2008,381,2,757,"H3","401150",5,14269,15658,218812,0
2008,381,1,752,"H3","401161",5,28,4578,17750,4
2008,381,2,752,"H3","401161",5,255,71891,262350,4
2008,381,1,757,"H3","401161",5,1,180,1885,0
2008,381,2,757,"H3","401161",5,233,1880,15626,0
2008,381,1,752,"H3","401162",5,8,1740,6271,4
2008,381,2,757,"H3","401162",5,50,1380,9604,0
2008,381,1,752,"H3","401163",5,20,4910,23615,4
2008,381,2,752,"H3","401163",5,58,16296,83144,4
2008,381,1,757,"H3","401163",5,60,4200,1736,0
2008,381,2,757,"H3","401163",5,73,9480,78264,0
2008,381,2,757,"H3","401169",5,102,7064,35463,0
2008,381,2,757,"H3","392630",8,7531,7531,110243,0
2008,381,1,757,"H3","392630",8,166,166,12307,0
2008,381,2,752,"H3","392630",8,25623,25623,417663,0
2008,381,1,752,"H3","392630",8,20823,20823,598313,0
2008,381,2,752,"H3","400610",8,262729,262729,1357904,0
2008,381,2,757,"H3","400610",8,11808,11808,121400,0
2008,381,1,752,"H3","4008",8,91427,91427,1312897,6
2008,381,2,752,"H3","4008",8,395780,395780,2589884,6
2008,381,2,757,"H3","392590",8,393187,393187,4126522,0
2008,381,1,757,"H3","392590",8,38866,38866,1316111,0
2008,381,2,752,"H3","392590",8,385129,385129,1842127,0
2008,381,1,752,"H3","401211",5,148,5072,10796,4
2008,381,2,752,"H3","401211",5,1353,14060,40810,4
2008,381,1,757,"H3","401211",5,2650,21840,8137,0
2008,381,2,757,"H3","401211",5,28127,279609,817038,0
2008,381,1,752,"H3","392590",8,8070,8070,104813,0
2008,381,1,752,"H3","401039",8,985,985,32084,0
2008,381,2,752,"H3","401039",8,26247,26247,1577888,0
2008,381,2,757,"H3","392490",8,1847052,1847052,10646158,0
2008,381,2,757,"H3","401213",5,430,35146,94460,0
2008,381,2,752,"H3","401219",5,489,143383,691505,4
2008,381,2,757,"H3","401219",5,6349,504595,1515458,0
2008,381,1,752,"H3","401220",5,316,5385,4640,4
2008,381,2,752,"H3","401220",5,196,183272,76091,4
2008,381,1,757,"H3","401220",5,64026,1041316,467812,0
2008,381,2,757,"H3","401220",5,192,14575,65141,0
2008,381,1,752,"H3","401290",8,14960,14960,54697,0
2008,381,2,752,"H3","401290",8,10907,10907,130241,0
2008,381,2,757,"H3","401290",8,39793,39793,220200,0
2008,381,1,752,"H3","4013",5,7354,34807,109707,4
2008,381,1,757,"H3","392490",8,367715,367715,3812274,0
2008,381,2,752,"H3","392490",8,2998152,2998152,11262461,0
2008,381,1,752,"H3","392490",8,8736,8736,73910,0
2008,381,2,757,"H3","392410",8,1429486,1429486,7866628,0
2008,381,1,757,"H3","392410",8,137634,137634,935833,0
2008,381,2,752,"H3","392410",8,347391,347391,1936997,0
2008,381,2,752,"H3","401320",5,1564,535,3251,4
2008,381,1,752,"H3","392410",8,24220,24220,168851,0
2008,381,2,757,"H3","3924",8,3276538,3276538,18512786,0
2008,381,1,757,"H3","3924",8,505349,505349,4748108,0
2008,381,1,752,"H3","4014",8,7720,7720,533725,0
2008,381,2,752,"H3","4014",8,726,726,13196,0
2008,381,1,757,"H3","4014",8,1967,1967,140293,0
2008,381,2,757,"H3","4014",8,560912,560912,3818746,0
2008,381,2,752,"H3","3924",8,3345543,3345543,13199459,0
2008,381,1,752,"H3","3924",8,32956,32956,242761,0
2008,381,2,757,"H3","392340",8,259107,259107,1580175,0
2008,381,1,757,"H3","392340",8,178003,178003,1403649,0
2008,381,2,752,"H3","392340",8,15982,15982,119521,0
2008,381,1,752,"H3","392340",8,32652,32652,247389,0
2008,381,2,757,"H3","392330",8,1461012,1461012,7379296,6
2008,381,1,752,"H3","4015",8,2080,2080,94807,6
2008,381,2,752,"H3","4015",8,6265,6265,65616,6
2008,381,1,757,"H3","4015",8,49,49,2746,0
2008,381,2,757,"H3","4015",8,46005,46005,525309,0
2008,381,2,757,"H3","401511",8,20079,20079,115330,0
2008,381,1,757,"H3","392330",8,17819410,17819410,98831540,0
2008,381,2,752,"H3","392330",8,237783,237783,911985,6
2008,381,1,752,"H3","392330",8,62845,62845,402615,6
2008,381,1,752,"H3","401590",8,1235,1235,90941,0
2008,381,2,752,"H3","401590",8,220,220,13190,0
2008,381,1,757,"H3","401590",8,49,49,2746,0
2008,381,2,757,"H3","401590",8,8811,8811,283032,0
2008,381,2,757,"H3","392329",8,1947748,1947748,14897804,0
2008,381,1,757,"H3","392329",8,164515,164515,1334250,0
2008,381,2,752,"H3","392329",8,818274,818274,2575787,0
2008,381,1,752,"H3","392329",8,124935,124935,327573,0
2008,381,1,752,"H3","401610",8,978,978,20889,0
2008,381,2,752,"H3","401610",8,26457,26457,108202,0
2008,381,1,757,"H3","401610",8,22791,22791,117646,0
2008,381,2,757,"H3","401610",8,115500,115500,894308,0
2008,381,1,757,"H3","4008",8,2436439,2436439,3670962,0
2008,381,2,757,"H3","4008",8,607242,607242,6800151,0
2008,381,1,752,"H3","4009",8,30145,30145,713797,0
2008,381,2,752,"H3","4009",8,5244233,5244233,37918951,0
2008,381,2,752,"H3","401692",8,265,265,4540,0
2008,381,1,757,"H3","4009",8,63313,63313,876157,0
2008,381,2,757,"H3","4009",8,1315495,1315495,14649468,0
2008,381,1,752,"H3","400911",8,1293,1293,21334,0
2008,381,2,752,"H3","400911",8,401330,401330,4379266,0
2008,381,1,752,"H3","401694",8,172,172,2511,0
2008,381,2,752,"H3","401694",8,84,84,702,0
2008,381,2,757,"H3","401694",8,43,43,4198,0
2008,381,1,757,"H3","400911",8,4076,4076,76519,0
2008,381,2,757,"H3","400911",8,280658,280658,2831248,0
2008,381,1,752,"H3","400921",8,1417,1417,6105,0
2008,381,2,752,"H3","400921",8,3571433,3571433,20606706,0
2008,381,2,757,"H3","392220",8,29309,29309,217121,0
2008,381,1,757,"H3","392220",8,5271,5271,17335,0
2008,381,2,752,"H3","392220",8,67571,67571,466093,0
2008,381,1,752,"H3","392220",8,284,284,2517,0
2008,381,1,752,"H3","4017",8,1901,1901,46682,0
2008,381,2,752,"H3","4017",8,4437,4437,81073,0
2008,381,1,757,"H3","4017",8,336,336,10912,0
2008,381,2,757,"H3","4017",8,70511,70511,1762067,0
2008,381,1,752,"H3","401700",8,1901,1901,46682,0
2008,381,2,752,"H3","401700",8,4437,4437,81073,0
2008,381,1,757,"H3","401700",8,336,336,10912,0
2008,381,2,757,"H3","401700",8,70511,70511,1762067,0
2008,381,2,757,"H3","3922",8,405630,405630,7371305,0
2008,381,1,757,"H3","3922",8,129793,129793,2137642,0
2008,381,2,752,"H3","3922",8,178778,178778,1583066,0
2008,381,1,752,"H3","3922",8,18903,18903,275353,0
2008,381,1,757,"H3","400921",8,47869,47869,273507,0
2008,381,2,757,"H3","400921",8,168090,168090,1358383,0
2008,381,2,752,"H3","401011",8,432,432,9333,0
2008,381,1,757,"H3","401011",8,350,350,7488,0
2008,381,2,757,"H3","401011",8,1895,1895,13737,0
2008,381,2,757,"H3","392094",8,7100,7100,22474,0
2008,381,2,757,"H3","392071",8,269,269,2456,0
2008,381,1,757,"H3","392071",8,811,811,16405,0
2008,381,1,752,"H3","410150",8,5285302,5285302,11379257,6
2008,381,1,757,"H3","410150",8,6276032,6276032,16260674,6
2008,381,2,757,"H3","410150",8,8,8,5435,6
2008,381,2,752,"H3","392071",8,624,624,2378,0
2008,381,1,752,"H3","4011",5,7906,148614,642325,4
2008,381,2,757,"H3","400591",8,35203,35203,272209,0
2008,381,2,757,"H3","4102",8,987,987,13471,0
2008,381,1,757,"H3","400591",8,4895,4895,46525,0
2008,381,1,757,"H3","4103",8,1500,1500,20703,0
2008,381,2,757,"H3","4103",8,719,719,134950,6
2008,381,2,757,"H3","410320",8,1,1,3579,6
2008,381,1,757,"H3","410390",8,1500,1500,20703,0
2008,381,2,757,"H3","410390",8,718,718,131371,0
2008,381,2,752,"H3","400591",8,4732,4732,48467,0
2008,381,1,752,"H3","400591",8,31086,31086,130526,0
2008,381,2,752,"H3","4011",5,425961,7786698,28613037,4
2008,381,1,757,"H3","4011",5,29148,262156,2385689,0
2008,381,2,757,"H3","4011",5,494313,4974287,26007619,0
2008,381,2,757,"H3","401031",8,9973,9973,685719,0
2008,381,2,752,"H3","401310",5,25263,47125,274992,4
2008,381,1,757,"H3","401310",5,16,40,9620,0
2008,381,2,757,"H3","401310",5,8832,10656,78518,0
2008,381,2,752,"H3","401490",8,726,726,13196,0
2008,381,1,757,"H3","401490",8,1403,1403,108773,0
2008,381,2,757,"H3","401490",8,560678,560678,3811193,0
2008,381,2,757,"H3","392111",8,625925,625925,2426942,0
2008,381,1,757,"H3","392111",8,54232,54232,271358,0
2008,381,2,752,"H3","392111",8,6275,6275,61625,0
2008,381,2,752,"H3","410449",8,97,97,1409,6
2008,381,1,757,"H3","410449",8,3029,3029,165026,0
2008,381,2,757,"H3","410449",8,6443,6443,477116,0
2008,381,1,752,"H3","392111",8,66253,66253,427025,0
2008,381,1,752,"H3","401031",8,19941,19941,548277,0
2008,381,2,752,"H3","401031",8,7576,7576,419241,0
2008,381,2,757,"H3","410510",8,16919,16919,192117,0
2008,381,1,757,"H3","401031",8,2,2,3224,0
2008,381,1,752,"H3","4016",8,1055294,1055294,29632284,0
2008,381,2,752,"H3","4016",8,1156373,1156373,23034920,0
2008,381,1,757,"H3","4016",8,846597,846597,3680020,0
2008,381,2,757,"H3","4016",8,1373298,1373298,27574184,0
2008,381,2,757,"H3","410190",8,26,26,4300,0
2008,381,2,757,"H3","410622",8,4343,4343,229657,0
2008,381,1,757,"H3","410632",8,228,228,12735,0
2008,381,1,757,"H3","410640",8,540,540,119700,0
2008,381,2,757,"H3","410640",8,44,44,120039,0
2008,381,1,757,"H3","410691",8,40,40,30855,0
2008,381,1,757,"H3","410692",8,432,432,25497,0
2008,381,2,757,"H3","410210",8,987,987,13471,0
2008,381,1,752,"H3","4104",8,74157,74157,272300,6
2008,381,2,752,"H3","4104",8,43272,43272,61459,6
2008,381,1,757,"H3","4104",8,449078,449078,2330664,0
2008,381,2,757,"H3","4104",8,187798,187798,2404364,0
2008,381,1,752,"H3","410411",8,11700,11700,38304,6
2008,381,2,752,"H3","410411",8,8479,8479,11663,6
2008,381,1,752,"H3","401120",5,320,16001,59379,4
2008,381,2,752,"H3","401120",5,21275,1100685,4560761,4
2008,381,1,757,"H3","401120",5,626,1010,24344,0
2008,381,2,757,"H3","401120",5,52320,1278276,6241197,0
2008,381,1,752,"H3","401192",5,549,36053,122854,4
2008,381,2,752,"H3","401192",5,5760,1275132,4974142,4
2008,381,2,757,"H3","401192",5,837,19126,107314,0
2008,381,1,752,"H3","401199",5,38,5281,20254,4
2008,381,2,752,"H3","401199",5,2254,55664,292140,4
2008,381,1,757,"H3","401199",5,29,2850,12017,0
2008,381,2,757,"H3","401199",5,1779,67977,288032,0
2008,381,2,752,"H3","410792",8,102335,102335,3314433,6
2008,381,1,757,"H3","410792",8,25886,25886,1801388,0
2008,381,2,757,"H3","410792",8,268465,268465,16293683,0
2008,381,1,752,"H3","4012",1,,57758,165545,4
2008,381,2,752,"H3","4012",1,,379244,1008567,4
2008,381,1,757,"H3","4012",1,,1114665,487877,0
2008,381,2,757,"H3","4012",1,,1093534,3291298,0
2008,381,1,752,"H3","401212",5,1308,32340,95412,4
2008,381,2,752,"H3","401212",5,283,27621,69919,4
2008,381,1,757,"H3","410411",8,96882,96882,525817,0
2008,381,1,757,"H3","401212",5,870,51509,11928,0
2008,381,2,757,"H3","401212",5,2803,219816,579001,0
2008,381,2,752,"H3","4013",5,33086,56918,341374,4
2008,381,1,757,"H3","4013",5,16,40,9620,0
2008,381,2,757,"H3","4013",5,9444,12956,98568,0
2008,381,2,757,"H3","410411",8,152056,152056,1419130,0
2008,381,1,752,"H3","401390",5,7354,34807,109707,4
2008,381,2,752,"H3","401390",5,6259,9257,63131,4
2008,381,2,757,"H3","401390",5,612,2300,20050,0
2008,381,1,752,"H3","401410",8,857,857,16985,0
2008,381,1,757,"H3","401410",8,564,564,31520,0
2008,381,2,757,"H3","401410",8,234,234,7554,0
2008,381,2,752,"H3","411320",8,36,36,793,6
2008,381,2,757,"H3","411320",8,774,774,29448,0
2008,381,1,757,"H3","411330",8,59,59,294864,6
2008,381,2,757,"H3","411330",8,3075,3075,8979674,0
2008,381,1,752,"H3","411390",8,384,384,50916,6
2008,381,2,752,"H3","411390",8,20,20,979,6
2008,381,1,757,"H3","411390",8,299,299,36048,0
2008,381,2,757,"H3","411390",8,6749,6749,1013159,0
2008,381,1,752,"H3","401490",8,6863,6863,516740,0
2008,381,2,752,"H3","410441",8,1763,1763,10279,6
2008,381,1,752,"H3","401519",8,845,845,3866,6
2008,381,2,752,"H3","401519",8,6045,6045,52425,6
2008,381,2,757,"H3","401519",8,17115,17115,126947,0
2008,381,2,757,"H3","410530",8,417,417,49663,0
2008,381,1,757,"H3","4106",1,,4259,398192,0
2008,381,2,757,"H3","4106",1,,4387,349695,0
2008,381,1,752,"H3","411420",8,55954,55954,669904,6
2008,381,2,752,"H3","411420",8,8760,8760,213132,6
2008,381,1,757,"H3","411420",8,2089,2089,149733,0
2008,381,2,757,"H3","411420",8,8192,8192,690508,0
2008,381,1,757,"H3","410622",8,3019,3019,209406,0
2008,381,1,752,"H3","401691",8,26248,26248,111190,0
2008,381,2,752,"H3","401691",8,2277,2277,5538,0
2008,381,1,757,"H3","401691",8,757926,757926,1075212,0
2008,381,2,757,"H3","401691",8,42538,42538,144785,0
2008,381,1,752,"H3","401693",8,182080,182080,7698978,0
2008,381,2,752,"H3","401693",8,112432,112432,3802178,0
2008,381,1,757,"H3","401693",8,17073,17073,1139234,0
2008,381,2,757,"H3","411520",8,8135,8135,125734,0
2008,381,2,757,"H3","401693",8,209014,209014,7905264,0
2008,381,1,752,"H3","401695",8,90,90,1277,0
2008,381,2,752,"H3","401695",8,35,35,304,0
2008,381,1,757,"H3","401695",8,120,120,4055,0
2008,381,1,752,"H3","4201",8,21511,21511,83001,0
2008,381,2,752,"H3","4201",8,52573,52573,4292512,0
2008,381,1,757,"H3","4201",8,2040,2040,25086,0
2008,381,2,757,"H3","4201",8,40680,40680,1716713,0
2008,381,1,752,"H3","420100",8,21511,21511,83001,0
2008,381,2,752,"H3","420100",8,52573,52573,4292512,0
2008,381,1,757,"H3","420100",8,2040,2040,25086,0
2008,381,2,757,"H3","420100",8,40680,40680,1716713,0
2008,381,2,757,"H3","401695",8,28,28,2793,0
2008,381,1,752,"H3","401699",8,845726,845726,21797439,0
2008,381,2,752,"H3","401699",8,1014823,1014823,19113456,0
2008,381,1,757,"H3","401699",8,48687,48687,1343873,0
2008,381,2,757,"H3","401699",8,1006175,1006175,18622837,0
2008,381,1,752,"H3","4101",8,5848914,5848914,13420622,6
2008,381,2,757,"H3","392119",8,789151,789151,4339618,0
2008,381,1,757,"H3","392119",8,152884,152884,817641,0
2008,381,2,752,"H3","392119",8,223961,223961,1196334,0
2008,381,1,752,"H3","392119",8,18648,18648,120019,0
2008,381,2,752,"H3","4101",8,342,342,493,6
2008,381,1,757,"H3","4101",8,9735734,9735734,32240077,6
2008,381,1,752,"H3","400931",8,9262,9262,291688,0
2008,381,2,752,"H3","400931",8,712910,712910,7274612,0
2008,381,1,757,"H3","410441",8,2452,2452,70936,0
2008,381,2,757,"H3","410441",8,10394,10394,206383,0
2008,381,1,752,"H3","4105",8,7479,7479,220872,6
2008,381,1,757,"H3","4105",8,7077,7077,527517,0
2008,381,1,757,"H3","400931",8,1289,1289,58308,0
2008,381,2,757,"H3","400931",8,484523,484523,3349381,0
2008,381,2,757,"H3","4101",8,61,61,12126,6
2008,381,2,757,"H3","4105",8,17336,17336,241781,0
2008,381,1,752,"H3","410530",8,7479,7479,220872,6
2008,381,1,757,"H3","410530",8,7077,7077,527517,0
2008,381,2,757,"H3","392091",8,3684,3684,33908,0
2008,381,1,757,"H3","392091",8,1525,1525,22120,0
2008,381,2,752,"H3","392091",8,7878,7878,31455,0
2008,381,1,752,"H3","410190",8,23524,23524,7945,0
2008,381,1,752,"H3","420231",8,1503,1503,1065077,0
2008,381,2,752,"H3","420231",8,3141,3141,652452,0
2008,381,1,757,"H3","420231",8,24469,24469,12331852,0
2008,381,2,757,"H3","420231",8,529775,529775,145600217,0
2008,381,1,757,"H3","410190",8,1401764,1401764,4520999,0
2008,381,2,752,"H3","410711",8,46824,46824,1526668,6
2008,381,1,757,"H3","410711",8,6614,6614,274482,0
2008,381,2,757,"H3","410711",8,21422,21422,1686193,0
2008,381,1,752,"H3","411410",8,1134,1134,53848,6
2008,381,2,752,"H3","411410",8,43860,43860,1039923,6
2008,381,1,757,"H3","411410",8,4372,4372,339284,0
2008,381,2,757,"H3","411410",8,28254,28254,1780299,0
2008,381,1,752,"H3","42",1,,,4508218,0
2008,381,2,752,"H3","42",1,,,24721795,0
2008,381,1,757,"H3","42",1,,,115801308,0
2008,381,2,757,"H3","42",1,,,1090125464,0
2008,381,1,752,"H3","4107",8,76417,76417,1329635,6
2008,381,2,752,"H3","420292",8,51113,51113,1254583,0
2008,381,1,757,"H3","420292",8,16809,16809,724570,0
2008,381,2,757,"H3","420292",8,90995,90995,3866655,0
2008,381,1,752,"H3","420299",8,803,803,10024,0
2008,381,2,752,"H3","420299",8,6587,6587,146637,0
2008,381,1,757,"H3","420299",8,24502,24502,1165974,0
2008,381,2,757,"H3","420299",8,163299,163299,7747320,0
2008,381,2,752,"H3","4107",8,289163,289163,8663434,6
2008,381,1,757,"H3","4107",8,63798,63798,3969109,0
2008,381,2,757,"H3","4107",8,698635,698635,34769065,0
2008,381,2,752,"H3","401034",8,683,683,27430,0
2008,381,1,752,"H3","420292",8,26721,26721,300048,0
2008,381,1,752,"H3","4202",1,,96142,3607805,4
2008,381,2,752,"H3","4202",1,,246370,11855578,4
2008,381,1,757,"H3","4202",1,,382346,96674165,0
2008,381,1,752,"H3","420321",8,1190,1190,64636,6
2008,381,2,752,"H3","420321",8,3517,3517,225954,6
2008,381,1,757,"H3","420321",8,278,278,30636,0
2008,381,2,757,"H3","420321",8,2684,2684,566639,6
2008,381,2,757,"H3","4202",1,,4892675,924836499,0
2008,381,1,752,"H3","420211",5,6019,4142,196530,6
2008,381,2,752,"H3","420211",5,1692,2299,256874,6
2008,381,1,757,"H3","420211",5,26141,4239,1086410,2
2008,381,2,757,"H3","420211",5,142233,107447,17290356,2
2008,381,1,752,"H3","4203",8,24549,24549,733348,6
2008,381,2,752,"H3","4203",8,80973,80973,7667477,6
2008,381,1,757,"H3","4203",8,42458,42458,18049386,0
2008,381,2,757,"H3","4203",8,692133,692133,149742678,6
2008,381,1,752,"H3","420239",8,26,26,846,0
2008,381,1,752,"H3","420310",8,805,805,88668,0
2008,381,1,752,"H3","411200",8,1702,1702,77272,6
2008,381,2,752,"H3","411200",8,2686,2686,190571,6
2008,381,1,757,"H3","411200",8,121,121,47828,0
2008,381,2,757,"H3","411200",8,2741,2741,663399,0
2008,381,1,752,"H3","4113",8,384,384,50916,6
2008,381,2,752,"H3","4113",8,370,370,19921,6
2008,381,1,752,"H3","410419",8,62458,62458,233997,6
2008,381,2,752,"H3","410419",8,32934,32934,38107,6
2008,381,1,757,"H3","4113",8,513,513,346153,6
2008,381,2,757,"H3","4113",8,29478,29478,12238447,0
2008,381,2,752,"H3","411310",8,314,314,18148,6
2008,381,1,757,"H3","411310",8,155,155,15241,0
2008,381,2,757,"H3","411310",8,18880,18880,2216166,0
2008,381,1,757,"H3","410419",8,346715,346715,1568884,0
2008,381,2,757,"H3","410419",8,18905,18905,301735,0
2008,381,1,752,"H3","4301",8,17,17,54180,0
2008,381,2,752,"H3","4301",8,50,50,3760,6
2008,381,1,757,"H3","4301",8,850,850,17567,6
2008,381,2,757,"H3","4301",8,19,19,42284,0
2008,381,2,757,"H3","430110",8,19,19,42284,0
2008,381,2,752,"H3","420239",8,2304,2304,71293,0
2008,381,1,757,"H3","430160",8,850,850,17567,6
2008,381,1,757,"H3","420239",8,264,264,121621,0
2008,381,2,757,"H3","420239",8,5996,5996,383333,0
2008,381,2,752,"H3","420310",8,14767,14767,2711882,0
2008,381,1,757,"H3","420310",8,11378,11378,6580891,0
2008,381,2,757,"H3","420310",8,151927,151927,75267239,0
2008,381,1,752,"H3","41",1,,,16240576,0
2008,381,1,752,"H3","430211",8,6,6,3083,6
2008,381,2,752,"H3","430211",8,19,19,7781,6
2008,381,1,757,"H3","430211",8,4123,4123,2047937,0
2008,381,2,757,"H3","430211",8,688,688,465669,6
2008,381,1,752,"H3","430219",8,36,36,2727,6
2008,381,2,752,"H3","430219",8,46,46,71290,6
2008,381,1,757,"H3","430219",8,927,927,91519,0
2008,381,2,757,"H3","430219",8,24542,24542,1095812,0
2008,381,2,752,"H3","430230",8,43,43,1866,6
2008,381,1,757,"H3","430230",8,20,20,14743,0
2008,381,2,757,"H3","430230",8,927,927,311830,0
2008,381,2,752,"H3","41",1,,,10761199,0
2008,381,1,757,"H3","41",1,,,40380092,0
2008,381,2,757,"H3","41",1,,,53464104,0
2008,381,1,752,"H3","420212",5,51774,24606,153490,6
2008,381,2,752,"H3","420212",5,86523,110996,1648450,6
2008,381,1,757,"H3","420212",5,131589,15303,1287997,2
2008,381,2,757,"H3","420212",5,364364,285879,13217427,2
2008,381,1,752,"H3","430390",8,7,7,5618,0
2008,381,2,752,"H3","430390",8,55,55,13189,0
2008,381,1,757,"H3","430390",8,905,905,284326,0
2008,381,2,757,"H3","430390",8,2017,2017,1587061,0
2008,381,1,752,"H3","420219",1,,980,14704,0
2008,381,2,752,"H3","420219",1,,16116,135934,0
2008,381,1,757,"H3","420219",1,,1906,64505,0
2008,381,2,757,"H3","420219",1,,79251,2022011,0
2008,381,1,752,"H3","420221",5,7139,31609,1787781,4
2008,381,2,752,"H3","420221",5,34284,20054,4455121,4
2008,381,1,757,"H3","420221",5,184533,188418,58622341,0
2008,381,2,757,"H3","420221",5,2523820,2118506,519505264,0
2008,381,1,752,"H3","420222",5,1573,4411,45241,4
2008,381,2,752,"H3","420222",5,66967,17813,2027534,4
2008,381,2,752,"H3","4401",8,9901,9901,6222,0
2008,381,1,757,"H3","4401",8,252346701,252346701,7716872,0
2008,381,2,757,"H3","4401",8,653852,653852,222760,0
2008,381,1,752,"H3","410120",8,540088,540088,2033420,6
2008,381,2,752,"H3","410120",8,342,342,493,6
2008,381,1,757,"H3","420222",5,110355,62284,12879065,0
2008,381,2,757,"H3","420222",5,1593829,1128968,146233788,0
2008,381,1,752,"H3","420229",5,5031,718,7618,4
2008,381,1,757,"H3","440122",8,74972010,74972010,2862132,0
2008,381,2,757,"H3","440122",8,140883,140883,71493,0
2008,381,2,752,"H3","440130",8,9118,9118,4286,0
2008,381,1,757,"H3","440130",8,174364891,174364891,4522944,0
2008,381,2,757,"H3","440130",8,416444,416444,121247,0
2008,381,1,757,"H3","4402",8,673,673,3776,0
2008,381,2,757,"H3","4402",8,295700,295700,226466,0
2008,381,1,757,"H3","410120",8,2057938,2057938,11458404,0
2008,381,2,752,"H3","420229",5,3934,2945,164269,4
2008,381,1,757,"H3","420229",5,2852,1845,315421,0
2008,381,2,757,"H3","420229",5,167825,61802,6234023,0
2008,381,2,757,"H3","410120",8,27,27,2390,0
2008,381,1,752,"H3","44",1,,,76751764,0
2008,381,2,752,"H3","44",1,,,12223241,0
2008,381,1,757,"H3","44",1,,,140607012,0
2008,381,2,757,"H3","44",1,,,123036494,0
2008,381,2,752,"H3","440121",8,783,783,1937,0
2008,381,1,757,"H3","440121",8,40000,40000,6149,0
2008,381,2,757,"H3","440121",8,63075,63075,17934,0
2008,381,1,757,"H3","440399",12,51753,45238895,6940417,0
2008,381,2,757,"H3","440399",12,2285,1819220,883747,0
2008,381,1,752,"H3","4403",12,801,2074792,321941,4
2008,381,1,757,"H3","4403",12,618784,542623918,76759261,0
2008,381,2,757,"H3","4403",12,2468,1965651,1003575,0
2008,381,1,757,"H3","420330",8,30217,30217,11201494,0
2008,381,1,752,"H3","440420",8,15170,15170,29018,0
2008,381,2,757,"H3","440420",8,315699,315699,213440,0
2008,381,2,757,"H3","4405",8,16500,16500,9824,0
2008,381,2,757,"H3","440500",8,16500,16500,9824,0
2008,381,2,757,"H3","420330",8,522093,522093,68009130,0
2008,381,1,752,"H3","420340",8,5,5,580,0
2008,381,2,752,"H3","420340",8,456,456,59484,0
2008,381,1,757,"H3","420232",8,2679,2679,929643,0
2008,381,2,757,"H3","420232",8,124140,124140,18014131,0
2008,381,1,752,"H3","410791",8,4615,4615,39280,6
2008,381,2,752,"H3","410791",8,12988,12988,234709,6
2008,381,1,752,"H3","440710",12,143182,98266897,57214233,4
2008,381,2,752,"H3","440710",12,49,29795,15495,4
2008,381,1,757,"H3","440710",12,105023,67355557,21652422,0
2008,381,2,757,"H3","440710",12,5828,3208121,3241888,0
2008,381,2,757,"H3","440721",12,9,6800,13505,0
2008,381,1,757,"H3","410791",8,2194,2194,65805,0
2008,381,2,757,"H3","440725",12,60,50550,286532,0
2008,381,2,757,"H3","410791",8,5140,5140,99179,0
2008,381,1,752,"H3","410799",8,13004,13004,336277,6
2008,381,1,752,"H3","440729",12,61,4900,55256,2
2008,381,2,752,"H3","440729",12,11,11657,27583,4
2008,381,1,757,"H3","440729",12,1,280,2246,0
2008,381,2,757,"H3","440729",12,279,175496,374211,2
2008,381,2,752,"H3","410799",8,17918,17918,384990,6
2008,381,1,757,"H3","410799",8,422,422,21980,0
2008,381,2,757,"H3","410799",8,50866,50866,2022758,0
2008,381,1,752,"H3","4112",8,1702,1702,77272,6
2008,381,2,752,"H3","440792",12,58,68932,48586,4
2008,381,1,757,"H3","440792",12,10178,8717070,3291858,0
2008,381,2,757,"H3","440792",12,138,108060,151241,0
2008,381,2,752,"H3","440793",12,4,1835,3146,2
2008,381,1,757,"H3","440793",12,239,338285,187305,2
2008,381,2,757,"H3","440793",12,194,85800,169793,2
2008,381,1,757,"H3","440794",12,4,18300,4866,2
2008,381,2,757,"H3","440794",12,114,69112,140183,2
2008,381,2,752,"H3","440795",12,105,28190,62895,2
2008,381,1,757,"H3","440795",12,27,51030,17398,2
2008,381,2,757,"H3","440795",12,64,33500,38514,2
2008,381,1,752,"H3","440799",12,2618,1126676,1033742,4
2008,381,2,752,"H3","440799",12,4,3101,5588,4
2008,381,1,757,"H3","440799",12,503,371718,272921,0
2008,381,2,757,"H3","440799",12,1708,1239810,2330008,0
2008,381,2,752,"H3","4112",8,2686,2686,190571,6
2008,381,1,757,"H3","4112",8,121,121,47828,0
2008,381,2,757,"H3","4112",8,2741,2741,663399,0
2008,381,2,752,"H3","440810",8,24532,24532,101846,6
2008,381,1,757,"H3","440810",8,68974,68974,538710,0
2008,381,2,757,"H3","440810",8,3775,3775,66060,0
2008,381,2,757,"H3","440831",8,250,250,9097,0
2008,381,2,752,"H3","440839",8,10188,10188,67432,6
2008,381,2,757,"H3","440839",8,19793,19793,138619,0
2008,381,2,752,"H3","440890",8,32532,32532,291895,6
2008,381,1,757,"H3","440890",8,237198,237198,1321381,0
2008,381,2,757,"H3","440890",8,289221,289221,1656001,0
2008,381,1,752,"H3","4409",8,659354,659354,842952,6
2008,381,2,752,"H3","4409",8,253855,253855,1522186,6
2008,381,1,757,"H3","4409",8,94949,94949,401663,0
2008,381,2,757,"H3","4409",8,3810806,3810806,15848295,0
2008,381,1,752,"H3","440910",8,597125,597125,600769,6
2008,381,2,752,"H3","440910",8,150785,150785,683220,6
2008,381,1,757,"H3","440910",8,52139,52139,103299,0
2008,381,2,757,"H3","440910",8,2869517,2869517,7772970,0
2008,381,2,752,"H3","440921",8,2059,2059,26334,0
2008,381,2,757,"H3","440921",8,46630,46630,191828,0
2008,381,1,752,"H3","440929",8,62229,62229,242183,6
2008,381,2,752,"H3","440929",8,101011,101011,812632,6
2008,381,1,757,"H3","440929",8,42810,42810,298364,0
2008,381,2,757,"H3","440929",8,894659,894659,7883496,0
2008,381,1,752,"H3","4410",8,991889,991889,593008,6
2008,381,2,752,"H3","4410",8,887420,887420,839221,6
2008,381,1,757,"H3","4410",8,11994669,11994669,5555509,6
2008,381,2,757,"H3","4410",8,756586,756586,2011946,0
2008,381,2,757,"H3","4206",8,686,686,207302,0
2008,381,2,757,"H3","420600",8,686,686,207302,0
2008,381,2,752,"H3","430130",8,2,2,260,6
2008,381,1,752,"H3","430180",8,17,17,54180,0
2008,381,2,752,"H3","441012",8,64022,64022,28629,6
2008,381,1,757,"H3","441012",8,4044,4044,5248,6
2008,381,2,757,"H3","441012",8,62841,62841,191900,0
2008,381,2,752,"H3","430180",8,48,48,3500,0
2008,381,1,752,"H3","420291",8,593,593,25278,0
2008,381,2,752,"H3","420291",8,3691,3691,612708,0
2008,381,1,757,"H3","420291",8,39628,39628,7144764,0
2008,381,2,752,"H3","441090",8,219509,219509,259188,6
2008,381,1,757,"H3","441090",8,9940,9940,7732,6
2008,381,2,757,"H3","441090",8,330223,330223,1060816,0
2008,381,2,757,"H3","420291",8,196617,196617,44721972,0
2008,381,1,752,"H3","420329",8,21914,21914,261069,6
2008,381,2,752,"H3","420329",8,2772,2772,478939,6
2008,381,1,757,"H3","420329",8,220,220,156527,0
2008,381,1,752,"H3","441112",8,5212,5212,3192,6
2008,381,2,752,"H3","441112",8,146139,146139,143957,6
2008,381,1,757,"H3","441112",8,2711389,2711389,1681788,6
2008,381,2,757,"H3","441112",8,386062,386062,301268,0
2008,381,2,752,"H3","441113",8,22483,22483,14866,6
2008,381,1,757,"H3","441113",8,933154,933154,966788,6
2008,381,2,757,"H3","441113",8,117919,117919,246842,0
2008,381,1,752,"H3","441114",8,31240,31240,20379,6
2008,381,2,752,"H3","441114",8,6012,6012,3124,6
2008,381,1,757,"H3","441114",8,446293,446293,338179,6
2008,381,2,757,"H3","441114",8,433242,433242,630625,0
2008,381,1,752,"H3","441192",8,90088,90088,71837,6
2008,381,1,757,"H3","441192",8,2781785,2781785,2897319,6
2008,381,2,757,"H3","441192",8,5122081,5122081,2669397,0
2008,381,2,757,"H3","420329",8,9173,9173,3434351,0
2008,381,1,752,"H3","420330",8,635,635,318395,0
2008,381,2,752,"H3","420330",8,59461,59461,4191218,0
2008,381,2,757,"H3","440349",12,4,3040,3593,0
2008,381,1,757,"H3","440110",8,2969800,2969800,325647,0
2008,381,2,757,"H3","440110",8,33450,33450,12086,0
2008,381,1,757,"H3","440392",12,167084,170360468,20275490,0
2008,381,1,752,"H3","420232",8,30,30,1167,0
2008,381,2,752,"H3","420232",8,9311,9311,429723,0
2008,381,1,752,"H3","4407",12,145925,99515288,58428419,6
2008,381,2,752,"H3","441231",12,793,900186,1451446,4
2008,381,2,757,"H3","441231",12,956,451558,1408531,0
2008,381,1,752,"H3","441232",12,42,15018,15175,4
2008,381,2,752,"H3","441232",12,200,158806,172968,4
2008,381,1,757,"H3","441232",12,90,67270,148894,0
2008,381,2,757,"H3","441232",12,447,226646,538057,0
2008,381,2,752,"H3","441239",12,80,155757,130774,4
2008,381,2,757,"H3","441239",12,652,325131,710397,0
2008,381,2,752,"H3","4407",12,401,499428,561640,6
2008,381,1,757,"H3","4407",12,117104,77887300,25903127,2
2008,381,1,752,"H3","441299",8,4368,4368,7355,6
2008,381,2,752,"H3","441299",8,7935,7935,18863,6
2008,381,1,757,"H3","441299",8,53369,53369,196927,0
2008,381,2,757,"H3","441299",8,2105110,2105110,4345148,0
2008,381,1,752,"H3","4413",8,623764,623764,413922,6
2008,381,2,757,"H3","4413",8,1122771,1122771,652545,0
2008,381,1,752,"H3","441300",8,623764,623764,413922,6
2008,381,2,757,"H3","441300",8,1122771,1122771,652545,0
2008,381,1,752,"H3","4414",8,2791,2791,20829,0
2008,381,2,752,"H3","4414",8,19310,19310,155503,0
2008,381,1,757,"H3","4414",8,273,273,6240,0
2008,381,2,757,"H3","4414",8,363712,363712,2765257,0
2008,381,1,757,"H3","420340",8,365,365,79839,0
2008,381,1,752,"H3","410712",8,58799,58799,954078,6
2008,381,2,752,"H3","410712",8,88281,88281,2692706,6
2008,381,1,757,"H3","410712",8,13037,13037,692539,0
2008,381,1,752,"H3","4415",1,,1228113,2162933,4
2008,381,2,752,"H3","4415",1,,3465686,3146918,4
2008,381,1,757,"H3","4415",1,,7197814,4425039,0
2008,381,2,757,"H3","4415",1,,8168831,7748491,0
2008,381,1,752,"H3","441510",1,,418371,1392769,0
2008,381,2,752,"H3","441510",5,18682,439694,667176,2
2008,381,1,757,"H3","441510",1,,336912,707491,0
2008,381,2,757,"H3","441510",5,81963,1273306,2927119,2
2008,381,2,757,"H3","410712",8,343106,343106,14192455,0
2008,381,2,752,"H3","410719",8,20816,20816,509929,6
2008,381,1,757,"H3","410719",8,15645,15645,1112915,0
2008,381,2,757,"H3","410719",8,9636,9636,474797,0
2008,381,2,752,"H3","4416",8,2708,2708,3980,0
2008,381,1,757,"H3","4416",8,45850,45850,279401,0
2008,381,2,757,"H3","4416",8,32452,32452,483559,0
2008,381,2,752,"H3","441600",8,2708,2708,3980,0
2008,381,1,757,"H3","441600",8,45850,45850,279401,0
2008,381,2,757,"H3","441600",8,32452,32452,483559,0
2008,381,2,757,"H3","4407",12,8839,5231340,7426920,2
2008,381,1,752,"H3","440791",12,48,77704,67191,4
2008,381,2,752,"H3","440791",12,170,355918,398346,4
2008,381,1,757,"H3","440791",12,1130,1035060,474111,2
2008,381,1,752,"H3","441700",8,49,49,292,0
2008,381,2,752,"H3","441700",8,1060,1060,17632,0
2008,381,1,757,"H3","441700",8,1040,1040,5613,0
2008,381,2,757,"H3","441700",8,5174,5174,127077,0
2008,381,2,757,"H3","440791",12,346,191001,515159,2
2008,381,2,752,"H3","4408",8,67252,67252,461173,6
2008,381,1,757,"H3","4408",8,306172,306172,1860091,0
2008,381,2,757,"H3","4408",8,313039,313039,1869777,0
2008,381,1,752,"H3","441810",8,2693,2693,16123,6
2008,381,1,757,"H3","441810",8,19444,19444,270443,6
2008,381,2,757,"H3","441810",8,131853,131853,1300814,0
2008,381,2,757,"H3","420340",8,6256,6256,2465318,0
2008,381,1,752,"H3","4205",8,301,301,36966,0
2008,381,2,752,"H3","4205",8,1629,1629,175963,0
2008,381,1,757,"H3","4205",8,3531,3531,1052672,0
2008,381,2,757,"H3","4205",8,78154,78154,13622274,0
2008,381,1,752,"H3","420500",8,301,301,36966,0
2008,381,1,752,"H3","441850",8,872,872,1062,0
2008,381,2,757,"H3","441850",8,43570,43570,247702,0
2008,381,2,752,"H3","420500",8,1629,1629,175963,0
2008,381,1,757,"H3","420500",8,3531,3531,1052672,0
2008,381,2,757,"H3","420500",8,78154,78154,13622274,0
2008,381,1,752,"H3","43",1,,,66605,0
2008,381,2,757,"H3","441871",8,31017,31017,192414,0
2008,381,1,752,"H3","441872",8,1700444,1700444,6646343,6
2008,381,2,752,"H3","441872",8,45500,45500,143402,6
2008,381,1,757,"H3","441872",8,1623,1623,19688,0
2008,381,2,757,"H3","441872",8,760766,760766,2014244,0
2008,381,1,752,"H3","441879",8,624086,624086,2149961,6
2008,381,2,752,"H3","441879",8,13928,13928,51929,6
2008,381,1,757,"H3","441879",8,94726,94726,86456,0
2008,381,2,757,"H3","441879",8,844686,844686,2426633,0
2008,381,2,752,"H3","43",1,,,513842,0
2008,381,1,757,"H3","43",1,,,4546901,0
2008,381,2,757,"H3","43",1,,,19896944,0
2008,381,1,752,"H3","4302",8,43,43,5810,6
2008,381,1,752,"H3","4419",8,8079,8079,81373,0
2008,381,2,752,"H3","4419",8,4009,4009,27382,0
2008,381,1,757,"H3","4419",8,87205,87205,326040,0
2008,381,2,757,"H3","4419",8,26914,26914,225817,0
2008,381,1,752,"H3","441900",8,8079,8079,81373,0
2008,381,2,752,"H3","4302",8,107,107,80938,6
2008,381,1,757,"H3","4302",8,5070,5070,2154200,0
2008,381,2,757,"H3","4302",8,26157,26157,1873311,6
2008,381,1,752,"H3","4303",8,7,7,5618,0
2008,381,2,752,"H3","4303",8,399,399,413863,0
2008,381,1,757,"H3","4303",8,1965,1965,2375134,0
2008,381,2,757,"H3","4303",8,21277,21277,17962412,0
2008,381,1,752,"H3","442010",8,2523,2523,34037,0
2008,381,2,752,"H3","442010",8,387,387,13462,0
2008,381,1,757,"H3","442010",8,188,188,13987,0
2008,381,2,757,"H3","442010",8,7158,7158,249667,0
2008,381,2,752,"H3","430310",8,344,344,400674,0
2008,381,1,757,"H3","430310",8,1060,1060,2090809,0
2008,381,2,757,"H3","430310",8,19260,19260,16375351,0
2008,381,1,752,"H3","441011",8,10248,10248,5706,6
2008,381,1,752,"H3","441860",8,28247,28247,34614,0
2008,381,2,752,"H3","441860",8,230,230,1850,0
2008,381,1,757,"H3","441860",8,7727,7727,12868,0
2008,381,2,757,"H3","441860",8,190252,190252,655418,0
2008,381,1,752,"H3","442110",8,758,758,2812,6
2008,381,2,752,"H3","442110",8,685,685,16412,6
2008,381,1,757,"H3","442110",8,159,159,6995,0
2008,381,2,757,"H3","442110",8,53128,53128,1274873,0
2008,381,2,752,"H3","441011",8,221210,221210,110645,6
2008,381,1,757,"H3","441011",8,11962408,11962408,5521662,6
2008,381,2,757,"H3","441011",8,340973,340973,685772,0
2008,381,1,752,"H3","4412",1,,19386,22530,4
2008,381,1,752,"H3","45",1,,,34427,0
2008,381,2,752,"H3","45",1,,,2991,0
2008,381,1,757,"H3","45",1,,,873091,0
2008,381,2,757,"H3","45",1,,,3185779,0
2008,381,2,752,"H3","4412",1,,1536050,2237018,4
2008,381,1,757,"H3","4412",1,,120639,345821,0
2008,381,2,757,"H3","4412",1,,4343419,9033106,4
2008,381,1,752,"H3","4421",8,325048,325048,957251,6
2008,381,2,752,"H3","4421",8,217839,217839,1812171,6
2008,381,1,752,"H3","4503",8,1790,1790,5939,0
2008,381,2,752,"H3","4503",8,129,129,2208,0
2008,381,1,757,"H3","4503",8,1526,1526,60190,0
2008,381,2,757,"H3","4503",8,25147,25147,993870,0
2008,381,1,752,"H3","450310",8,1762,1762,5619,0
2008,381,1,757,"H3","450310",8,1146,1146,40905,0
2008,381,2,757,"H3","450310",8,21722,21722,776690,0
2008,381,1,752,"H3","450390",8,28,28,320,0
2008,381,2,752,"H3","450390",8,129,129,2208,0
2008,381,1,757,"H3","450390",8,380,380,19285,0
2008,381,2,757,"H3","450390",8,3425,3425,217180,0
2008,381,1,752,"H3","4504",8,2203,2203,28488,0
2008,381,2,752,"H3","4504",8,81,81,783,0
2008,381,1,757,"H3","4504",8,333065,333065,808357,0
2008,381,2,757,"H3","4504",8,426842,426842,2120044,0
2008,381,1,752,"H3","450410",8,2200,2200,28463,0
2008,381,1,757,"H3","450410",8,333065,333065,808357,0
2008,381,2,757,"H3","450410",8,244226,244226,1899341,0
2008,381,1,757,"H3","4421",8,911263,911263,2419772,0
2008,381,2,757,"H3","4421",8,3787131,3787131,21408356,0
2008,381,1,752,"H3","4115",8,1079,1079,2884,0
2008,381,1,752,"H3","46",1,,,3176,0
2008,381,2,752,"H3","46",1,,,8994,0
2008,381,1,757,"H3","46",1,,,6136,0
2008,381,2,757,"H3","46",1,,,296022,0
2008,381,2,752,"H3","4115",8,49615,49615,383002,0
2008,381,1,757,"H3","4115",8,284,284,10832,0
2008,381,2,757,"H3","4115",8,10945,10945,165998,0
2008,381,2,752,"H3","441294",8,62010,62010,97161,6
2008,381,2,757,"H3","441294",8,681304,681304,998981,6
2008,381,2,757,"H3","440727",12,4,2600,5249,0
2008,381,2,752,"H3","460199",8,13,13,286,0
2008,381,2,757,"H3","460199",8,1183,1183,46143,0
2008,381,1,752,"H3","4602",8,444,444,3176,0
2008,381,2,752,"H3","4602",8,613,613,8143,0
2008,381,1,757,"H3","4602",8,14,14,6136,0
2008,381,2,757,"H3","4602",8,20515,20515,215713,0
2008,381,2,752,"H3","460211",8,23,23,460,0
2008,381,2,757,"H3","460211",8,5874,5874,79998,0
2008,381,1,752,"H3","442190",8,324290,324290,954440,0
2008,381,2,752,"H3","442190",8,217154,217154,1795759,0
2008,381,1,752,"H3","460219",8,122,122,874,0
2008,381,2,752,"H3","460219",8,336,336,4202,0
2008,381,2,757,"H3","460219",8,9285,9285,84889,0
2008,381,2,752,"H3","460290",8,74,74,1012,0
2008,381,1,757,"H3","460290",8,14,14,6136,0
2008,381,2,757,"H3","460290",8,5356,5356,50826,0
2008,381,1,752,"H3","47",1,,,224729943,0
2008,381,2,752,"H3","47",1,,,407,0
2008,381,1,757,"H3","47",1,,,14970373,0
2008,381,2,757,"H3","47",1,,,878995,0
2008,381,1,757,"H3","442190",8,911104,911104,2412777,0
2008,381,2,757,"H3","442190",8,3734003,3734003,20133484,0
2008,381,2,757,"H3","4501",8,10801,10801,71864,0
2008,381,2,757,"H3","4406",12,72,54980,49890,0
2008,381,1,752,"H3","4702",8,3071748,3071748,4135006,0
2008,381,1,757,"H3","4702",8,3208538,3208538,3687719,0
2008,381,2,757,"H3","4702",8,38052,38052,41306,0
2008,381,1,752,"H3","441400",8,2791,2791,20829,0
2008,381,2,752,"H3","441400",8,19310,19310,155503,0
2008,381,1,757,"H3","441400",8,273,273,6240,0
2008,381,1,752,"H3","4703",8,236449417,236449417,178572629,0
2008,381,1,757,"H3","4703",8,23186,23186,25429,0
2008,381,2,757,"H3","441400",8,363712,363712,2765257,0
2008,381,1,752,"H3","470321",8,217532032,217532032,165109886,0
2008,381,1,757,"H3","470321",8,23186,23186,25429,0
2008,381,1,757,"H3","4502",8,1000,1000,4544,0
2008,381,1,752,"H3","4704",8,7274166,7274166,4634966,0
2008,381,1,757,"H3","4704",8,1609490,1609490,1297958,0
2008,381,2,757,"H3","4704",8,4840,4840,24824,0
2008,381,1,757,"H3","440290",8,673,673,3776,0
2008,381,1,752,"H3","470421",8,6510574,6510574,4136457,0
2008,381,1,757,"H3","470421",8,1053601,1053601,835449,0
2008,381,2,757,"H3","440290",8,295700,295700,226466,0
2008,381,1,752,"H3","470200",8,3071748,3071748,4135006,0
2008,381,1,757,"H3","470200",8,3208538,3208538,3687719,0
2008,381,1,752,"H3","4705",8,4829182,4829182,3059918,0
2008,381,1,752,"H3","470500",8,4829182,4829182,3059918,0
2008,381,1,757,"H3","4706",8,272555,272555,204905,0
2008,381,2,757,"H3","4706",8,47120,47120,103773,0
2008,381,2,757,"H3","470200",8,38052,38052,41306,0
2008,381,1,752,"H3","441520",5,54687,809742,770164,6
2008,381,1,752,"H3","4707",8,24453434,24453434,8476558,0
2008,381,2,752,"H3","4707",8,2120,2120,407,0
2008,381,1,757,"H3","4707",8,50082416,50082416,9733036,0
2008,381,2,757,"H3","4707",8,2064067,2064067,709091,0
2008,381,2,752,"H3","441520",5,208707,3025992,2479743,6
2008,381,1,757,"H3","441520",5,450908,6860902,3717548,2
2008,381,2,757,"H3","441520",5,292372,6895525,4821371,2
2008,381,1,752,"H3","4114",8,57088,57088,723752,6
2008,381,2,752,"H3","4114",8,52620,52620,1253055,6
2008,381,1,757,"H3","4114",8,6461,6461,489017,0
2008,381,2,757,"H3","4114",8,36446,36446,2470807,0
2008,381,2,752,"H3","441900",8,4009,4009,27382,0
2008,381,1,752,"H3","411510",8,1079,1079,2884,0
2008,381,2,752,"H3","411510",8,49615,49615,383002,0
2008,381,1,757,"H3","411510",8,284,284,10832,0
2008,381,2,757,"H3","411510",8,2810,2810,40264,0
2008,381,1,757,"H3","441900",8,87205,87205,326040,0
2008,381,2,757,"H3","441900",8,26914,26914,225817,0
2008,381,1,752,"H3","4420",8,2926,2926,35715,0
2008,381,1,752,"H3","441194",8,3937,3937,2486,6
2008,381,2,752,"H3","4420",8,1229,1229,22596,0
2008,381,1,752,"H3","4801",8,37501037,37501037,30865182,0
2008,381,1,757,"H3","4801",8,23507743,23507743,20237982,0
2008,381,2,757,"H3","4801",8,276547,276547,144396,0
2008,381,1,752,"H3","480100",8,37501037,37501037,30865182,0
2008,381,1,757,"H3","480100",8,23507743,23507743,20237982,0
2008,381,2,757,"H3","480100",8,276547,276547,144396,0
2008,381,1,757,"H3","4420",8,144531,144531,2290362,0
2008,381,2,757,"H3","4420",8,124145,124145,7798016,0
2008,381,1,757,"H3","441194",8,2817749,2817749,3391222,6
2008,381,2,757,"H3","441194",8,477058,477058,914643,0
2008,381,1,752,"H3","480210",8,63171,63171,30608,0
2008,381,2,752,"H3","480210",8,202,202,526,0
2008,381,1,757,"H3","480210",8,118784,118784,115251,0
2008,381,2,757,"H3","480210",8,133924,133924,223886,0
2008,381,1,752,"H3","480220",8,1240,1240,16448,0
2008,381,2,752,"H3","480220",8,96532,96532,358343,0
2008,381,2,757,"H3","480220",8,831842,831842,2200311,0
2008,381,1,752,"H3","480240",8,142888,142888,652998,0
2008,381,2,752,"H3","480240",8,1463,1463,3252,0
2008,381,2,757,"H3","480240",8,22019,22019,88351,0
2008,381,1,752,"H3","480254",8,200,200,1343,0
2008,381,2,752,"H3","480254",8,17,17,35,0
2008,381,1,757,"H3","480254",8,3078,3078,5525,0
2008,381,2,757,"H3","480254",8,165237,165237,351629,0
2008,381,1,752,"H3","480255",8,1564208,1564208,1403158,0
2008,381,2,752,"H3","480255",8,37514,37514,71132,0
2008,381,1,757,"H3","480255",8,889853,889853,1081581,0
2008,381,2,757,"H3","480255",8,1572418,1572418,2457673,0
2008,381,1,752,"H3","480256",8,5480401,5480401,6720792,0
2008,381,2,752,"H3","480256",8,5215,5215,26545,0
2008,381,1,757,"H3","480256",8,1895,1895,6855,0
2008,381,2,757,"H3","480256",8,99005,99005,214237,0
2008,381,1,752,"H3","480257",8,737221,737221,1217769,0
2008,381,2,752,"H3","480257",8,4544,4544,15560,0
2008,381,1,757,"H3","480257",8,366641,366641,438402,0
2008,381,2,757,"H3","480257",8,98501,98501,166950,0
2008,381,1,752,"H3","480258",8,6156192,6156192,6090966,0
2008,381,2,752,"H3","480258",8,37585,37585,164799,0
2008,381,1,757,"H3","480258",8,15724,15724,51975,0
2008,381,2,757,"H3","480258",8,586311,586311,1763576,0
2008,381,1,752,"H3","480261",8,110537221,110537221,95322718,0
2008,381,2,752,"H3","480261",8,2522,2522,7776,0
2008,381,2,757,"H3","460192",8,439,439,29841,0
2008,381,1,752,"H3","470329",8,17831052,17831052,12908431,0
2008,381,1,752,"H3","470710",8,6133614,6133614,1902367,0
2008,381,1,757,"H3","470710",8,5954723,5954723,733976,0
2008,381,2,757,"H3","470710",8,49440,49440,18125,0
2008,381,1,757,"H3","450200",8,1000,1000,4544,0
2008,381,2,752,"H3","4601",8,39,39,852,0
2008,381,2,757,"H3","4601",8,1906,1906,80309,0
2008,381,2,757,"H3","470429",8,4840,4840,24824,0
2008,381,2,757,"H3","440690",12,5,3600,10461,0
2008,381,2,752,"H3","460194",8,26,26,565,0
2008,381,1,752,"H3","470319",8,1086333,1086333,554312,0
2008,381,1,752,"H3","470720",8,2711842,2711842,1186459,0
2008,381,1,752,"H3","4417",8,49,49,292,0
2008,381,2,752,"H3","4417",8,1060,1060,17632,0
2008,381,1,752,"H3","440722",12,16,39112,57996,4
2008,381,1,752,"H3","460212",8,322,322,2302,0
2008,381,2,757,"H3","440728",12,96,60490,160638,0
2008,381,1,757,"H3","4417",8,1040,1040,5613,0
2008,381,2,757,"H3","4417",8,5174,5174,127077,0
2008,381,1,752,"H3","4418",8,3729801,3729801,10664928,6
2008,381,2,752,"H3","4418",8,113097,113097,1110498,6
2008,381,1,757,"H3","4418",8,798710,798710,3033128,6
2008,381,2,757,"H3","4418",8,13538108,13538108,38870075,0
2008,381,2,752,"H3","441820",8,1515,1515,13298,6
2008,381,1,757,"H3","441820",8,32832,32832,364048,0
2008,381,2,757,"H3","441820",8,706959,706959,11558633,0
2008,381,2,752,"H3","441840",8,2530,2530,6767,0
2008,381,1,757,"H3","441840",8,9860,9860,8481,0
2008,381,2,757,"H3","441840",8,933084,933084,1473278,0
2008,381,1,752,"H3","450490",8,3,3,25,0
2008,381,2,752,"H3","450490",8,81,81,783,0
2008,381,2,757,"H3","450490",8,182616,182616,220703,0
2008,381,2,752,"H3","460212",8,180,180,2470,0
2008,381,1,752,"H3","4701",8,39859852,39859852,24763532,0
2008,381,1,757,"H3","4701",8,7696,7696,21326,0
2008,381,1,752,"H3","441890",8,1373459,1373459,1816826,0
2008,381,2,752,"H3","441890",8,49393,49393,893253,0
2008,381,1,757,"H3","441890",8,632498,632498,2271142,0
2008,381,1,757,"H3","470720",8,6915020,6915020,910981,0
2008,381,2,757,"H3","470720",8,114713,114713,94999,0
2008,381,2,757,"H3","441890",8,9895921,9895921,19000937,0
2008,381,1,752,"H3","441019",8,981641,981641,587302,6
2008,381,2,752,"H3","441019",8,382679,382679,440759,6
2008,381,1,757,"H3","441019",8,18277,18277,20867,6
2008,381,2,757,"H3","460121",8,246,246,2285,0
2008,381,2,757,"H3","441019",8,22549,22549,73459,0
2008,381,1,752,"H3","4411",8,130478,130478,97893,6
2008,381,2,752,"H3","4411",8,174633,174633,161947,6
2008,381,1,752,"H3","48",1,,,695263198,0
2008,381,2,752,"H3","48",1,,,39994545,0
2008,381,1,757,"H3","48",1,,,157565646,0
2008,381,1,757,"H3","4411",8,9690370,9690370,9275295,6
2008,381,2,757,"H3","4411",8,6621464,6621464,4936969,0
2008,381,2,757,"H3","48",1,,,277765806,0
2008,381,1,752,"H3","4802",8,125884124,125884124,113070998,0
2008,381,2,752,"H3","4802",8,195096,195096,720900,0
2008,381,1,757,"H3","4802",8,3189859,3189859,3105870,0
2008,381,1,752,"H3","442090",8,403,403,1678,0
2008,381,2,757,"H3","4802",8,3922377,3922377,8207478,0
2008,381,2,752,"H3","442090",8,842,842,9134,0
2008,381,1,757,"H3","442090",8,144343,144343,2276375,0
2008,381,2,757,"H3","442090",8,116987,116987,7548349,0
2008,381,1,752,"H3","4304",8,21,21,997,0
2008,381,2,752,"H3","4304",8,9,9,561,0
2008,381,2,757,"H3","4304",8,65,65,18937,0
2008,381,1,752,"H3","430400",8,21,21,997,0
2008,381,2,752,"H3","430400",8,9,9,561,0
2008,381,2,757,"H3","430400",8,65,65,18937,0
2008,381,1,752,"H3","440320",12,801,2074792,321941,4
2008,381,1,757,"H3","440320",12,392313,319618018,48166967,0
2008,381,2,757,"H3","440320",12,158,126891,91703,0
2008,381,2,757,"H3","450110",8,7201,7201,68477,0
2008,381,2,757,"H3","450190",8,3600,3600,3387,0
2008,381,1,757,"H3","440391",12,7634,7406537,1376387,0
2008,381,1,752,"H3","4404",8,165948,165948,90847,0
2008,381,1,752,"H3","470429",8,763592,763592,498509,0
2008,381,1,757,"H3","470429",8,35723,35723,64463,0
2008,381,2,757,"H3","4404",8,451428,451428,317772,0
2008,381,1,752,"H3","440410",8,150778,150778,61829,0
2008,381,2,757,"H3","440410",8,135729,135729,104332,0
2008,381,2,757,"H3","440310",12,21,16500,24532,0
2008,381,2,757,"H3","441193",8,85102,85102,174195,0
2008,381,2,757,"H3","440610",12,67,51380,39429,0
2008,381,1,757,"H3","470620",8,272555,272555,204905,0
2008,381,1,752,"H3","470100",8,39859852,39859852,24763532,0
2008,381,1,752,"H3","470730",8,11595502,11595502,3496088,0
2008,381,2,752,"H3","470730",8,2120,2120,407,0
2008,381,1,757,"H3","470730",8,5571573,5571573,1745999,0
2008,381,2,757,"H3","470730",8,1211194,1211194,301804,0
2008,381,1,752,"H3","470790",8,4012476,4012476,1891644,0
2008,381,1,757,"H3","470790",8,31641100,31641100,6342079,0
2008,381,2,757,"H3","470790",8,688720,688720,294164,0
2008,381,1,757,"H3","470100",8,7696,7696,21326,0
2008,381,1,757,"H3","470411",8,520166,520166,398047,0
2008,381,2,752,"H3","441210",12,509,251356,365805,4
2008,381,2,757,"H3","441210",12,1044,553670,1031993,0
2008,381,2,757,"H3","470610",8,47120,47120,103773,0
2008,381,2,757,"H3","460129",8,38,38,2041,0
2008,381,1,757,"H3","480261",8,14037,14037,22851,0
2008,381,2,757,"H3","480261",8,15540,15540,41599,0
2008,381,1,752,"H3","480262",8,3676,3676,3892,0
2008,381,2,757,"H3","480262",8,85371,85371,137974,0
2008,381,1,752,"H3","480269",8,1197706,1197706,1610307,0
2008,381,2,752,"H3","480269",8,9502,9502,72933,0
2008,381,1,757,"H3","480269",8,1779847,1779847,1383429,0
2008,381,2,757,"H3","480269",8,312209,312209,561292,0
2008,381,1,752,"H3","4803",8,5334439,5334439,14545371,0
2008,381,2,752,"H3","4803",8,203186,203186,371962,0
2008,381,1,757,"H3","4803",8,4602384,4602384,8421904,0
2008,381,2,757,"H3","4803",8,3958935,3958935,7106147,0
2008,381,1,752,"H3","480300",8,5334439,5334439,14545371,0
2008,381,2,752,"H3","480300",8,203186,203186,371962,0
2008,381,1,757,"H3","480300",8,4602384,4602384,8421904,0
2008,381,2,757,"H3","480300",8,3958935,3958935,7106147,0
2008,381,1,752,"H3","4804",8,232928237,232928237,226678619,0
2008,381,2,752,"H3","4804",8,35295,35295,82986,0
2008,381,1,757,"H3","4804",8,664262,664262,4587737,0
2008,381,2,757,"H3","4804",8,1787586,1787586,2821300,0
2008,381,1,752,"H3","480411",8,36969746,36969746,23751170,0
2008,381,2,757,"H3","480411",8,9989,9989,30612,0
2008,381,1,752,"H3","480419",8,92679549,92679549,85208726,0
2008,381,1,757,"H3","480419",8,19980,19980,51230,0
2008,381,2,757,"H3","480419",8,135868,135868,399045,0
2008,381,1,752,"H3","480421",8,22888395,22888395,23772170,0
2008,381,2,757,"H3","480421",8,597625,597625,661538,0
2008,381,1,752,"H3","480429",8,23668017,23668017,27857515,0
2008,381,1,757,"H3","480429",8,115036,115036,257626,0
2008,381,2,757,"H3","480429",8,718823,718823,979535,0
2008,381,1,752,"H3","480431",8,9278417,9278417,13432006,0
2008,381,2,752,"H3","480431",8,520,520,2486,0
2008,381,2,757,"H3","480431",8,32896,32896,60378,0
2008,381,1,752,"H3","480439",8,23581582,23581582,27835771,0
2008,381,2,752,"H3","480439",8,3123,3123,12575,0
2008,381,1,757,"H3","480439",8,43095,43095,490614,0
2008,381,2,757,"H3","480439",8,72050,72050,180727,0
2008,381,1,752,"H3","480441",8,439613,439613,283386,0
2008,381,2,757,"H3","480441",8,15671,15671,36414,0
2008,381,1,752,"H3","480442",8,10617,10617,13147,0
2008,381,2,752,"H3","480442",8,22896,22896,27808,0
2008,381,1,752,"H3","480449",8,4241338,4241338,4407555,0
2008,381,1,752,"H3","480451",8,79944,79944,89145,0
2008,381,2,752,"H3","480451",8,8756,8756,40117,0
2008,381,1,757,"H3","480451",8,486151,486151,3788266,0
2008,381,1,752,"H3","480459",8,19091019,19091019,20028029,0
2008,381,2,757,"H3","480459",8,204664,204664,473051,0
2008,381,1,752,"H3","480524",8,108998,108998,66363,0
2008,381,2,757,"H3","480524",8,164779,164779,130056,0
2008,381,1,752,"H3","480530",8,13018,13018,9029,0
2008,381,2,752,"H3","480530",8,23981,23981,27473,0
2008,381,2,757,"H3","480530",8,27333,27333,173844,0
2008,381,1,752,"H3","480540",8,251,251,1176,0
2008,381,2,752,"H3","480540",8,21,21,132,0
2008,381,2,757,"H3","480540",8,2971619,2971619,4845576,0
2008,381,1,752,"H3","480591",8,1842776,1842776,1263329,0
2008,381,2,752,"H3","480591",8,394660,394660,147759,0
2008,381,1,757,"H3","480591",8,29017,29017,37788,0
2008,381,2,757,"H3","480591",8,1043966,1043966,816518,0
2008,381,1,752,"H3","480592",8,140304,140304,96450,0
2008,381,2,757,"H3","480592",8,217848,217848,149538,0
2008,381,1,752,"H3","480593",8,1721350,1721350,1120522,0
2008,381,2,752,"H3","480593",8,134589,134589,106270,0
2008,381,1,757,"H3","480593",8,1035051,1035051,602867,0
2008,381,2,757,"H3","480593",8,2532716,2532716,1468203,0
2008,381,1,752,"H3","480620",8,5087118,5087118,14147204,0
2008,381,2,752,"H3","480620",8,5122,5122,20436,0
2008,381,2,757,"H3","480620",8,882,882,12176,0
2008,381,1,752,"H3","480640",8,29366,29366,36584,0
2008,381,2,752,"H3","480640",8,3638103,3638103,5898333,0
2008,381,1,757,"H3","480640",8,23941,23941,38947,0
2008,381,2,757,"H3","480640",8,1299243,1299243,2318880,0
2008,381,1,752,"H3","4807",8,3925606,3925606,4783256,0
2008,381,2,752,"H3","4807",8,1357,1357,2932,0
2008,381,1,757,"H3","4807",8,146299,146299,647934,0
2008,381,2,757,"H3","4807",8,2244314,2244314,2091435,0
2008,381,1,752,"H3","480700",8,3925606,3925606,4783256,0
2008,381,2,752,"H3","480700",8,1357,1357,2932,0
2008,381,1,757,"H3","480700",8,146299,146299,647934,0
2008,381,2,757,"H3","480700",8,2244314,2244314,2091435,0
2008,381,1,752,"H3","4808",8,2143699,2143699,2508173,0
2008,381,2,752,"H3","4808",8,11916,11916,47119,0
2008,381,1,757,"H3","4808",8,7846355,7846355,12799821,0
2008,381,2,757,"H3","4808",8,1527651,1527651,2418988,0
2008,381,1,752,"H3","480810",8,10806,10806,9049,0
2008,381,2,752,"H3","480810",8,2872,2872,3967,0
2008,381,1,757,"H3","480810",8,769126,769126,701668,0
2008,381,2,757,"H3","480810",8,433209,433209,558602,0
2008,381,1,752,"H3","4809",8,245046,245046,623876,0
2008,381,1,757,"H3","4809",8,845,845,6546,0
2008,381,2,757,"H3","4809",8,25461,25461,88537,0
2008,381,1,752,"H3","480920",8,245046,245046,623876,0
2008,381,2,757,"H3","480920",8,2335,2335,14824,0
2008,381,1,757,"H3","480990",8,845,845,6546,0
2008,381,2,757,"H3","480990",8,23126,23126,73713,0
2008,381,1,752,"H3","4810",8,130157106,130157106,144468004,0
2008,381,2,752,"H3","4810",8,787676,787676,1255288,0
2008,381,1,757,"H3","4810",8,72050370,72050370,73694716,0
2008,381,2,757,"H3","4810",8,12561406,12561406,18207799,0
2008,381,1,752,"H3","481013",8,6433799,6433799,6652755,0
2008,381,2,752,"H3","481013",8,126941,126941,131503,0
2008,381,1,757,"H3","481013",8,547895,547895,1948238,0
2008,381,2,757,"H3","481013",8,585917,585917,920878,0
2008,381,1,752,"H3","481014",8,209933,209933,416796,0
2008,381,2,752,"H3","481014",8,9275,9275,13258,0
2008,381,1,757,"H3","481014",8,6649,6649,15866,0
2008,381,2,757,"H3","481014",8,530874,530874,1289923,0
2008,381,1,752,"H3","481019",8,5211493,5211493,6093721,0
2008,381,2,752,"H3","481019",8,177223,177223,631301,0
2008,381,1,757,"H3","481019",8,658621,658621,937617,0
2008,381,2,757,"H3","481019",8,1517612,1517612,2910443,0
2008,381,1,752,"H3","481022",8,24386238,24386238,23883420,0
2008,381,2,752,"H3","481022",8,377213,377213,249261,0
2008,381,1,757,"H3","481022",8,43692520,43692520,37768629,0
2008,381,2,757,"H3","481022",8,1989092,1989092,2146948,0
2008,381,1,752,"H3","481031",8,1768979,1768979,2466291,0
2008,381,2,752,"H3","481031",8,38652,38652,105766,0
2008,381,1,757,"H3","481031",8,3794848,3794848,6233270,0
2008,381,2,757,"H3","481031",8,929358,929358,1893652,0
2008,381,2,752,"H3","481032",8,842,842,2496,0
2008,381,1,757,"H3","481032",8,1726317,1726317,2875601,0
2008,381,2,757,"H3","481032",8,31248,31248,117326,0
2008,381,1,752,"H3","481039",8,227566,227566,373509,0
2008,381,1,757,"H3","481039",8,14340,14340,62912,0
2008,381,2,757,"H3","481039",8,49103,49103,82591,0
2008,381,1,752,"H3","481092",8,88211084,88211084,100773946,0
2008,381,2,752,"H3","481092",8,20464,20464,26014,0
2008,381,1,757,"H3","481092",8,394940,394940,521246,0
2008,381,2,757,"H3","481092",8,3636328,3636328,3335311,0
2008,381,1,752,"H3","481099",8,35645,35645,27340,0
2008,381,2,752,"H3","481099",8,20099,20099,72225,0
2008,381,1,757,"H3","481099",8,712057,712057,622685,0
2008,381,2,757,"H3","481099",8,1191157,1191157,2656720,0
2008,381,1,752,"H3","481110",8,34434,34434,88660,0
2008,381,2,752,"H3","481110",8,1188873,1188873,1547815,0
2008,381,1,757,"H3","481110",8,781509,781509,1038702,0
2008,381,2,757,"H3","481110",8,192922,192922,268921,0
2008,381,1,752,"H3","481141",8,20917,20917,440667,0
2008,381,2,752,"H3","481141",8,283314,283314,1809019,0
2008,381,1,757,"H3","481141",8,33288,33288,148652,0
2008,381,2,757,"H3","481141",8,1253623,1253623,6748610,0
2008,381,1,752,"H3","481149",8,11175,11175,62144,0
2008,381,2,752,"H3","481149",8,28703,28703,303203,0
2008,381,1,757,"H3","481149",8,2578,2578,39085,0
2008,381,2,757,"H3","481149",8,47066,47066,261132,0
2008,381,1,752,"H3","481151",8,12807649,12807649,18098496,0
2008,381,1,757,"H3","481151",8,5517,5517,61323,0
2008,381,2,757,"H3","481151",8,86222,86222,201573,0
2008,381,1,752,"H3","481190",8,21687,21687,88511,0
2008,381,2,752,"H3","481190",8,19379,19379,128436,0
2008,381,1,757,"H3","481190",8,388734,388734,4627134,0
2008,381,2,757,"H3","481190",8,368306,368306,965877,0
2008,381,1,757,"H3","4812",8,105944,105944,717264,0
2008,381,2,757,"H3","4812",8,12208,12208,83440,0
2008,381,1,757,"H3","481200",8,105944,105944,717264,0
2008,381,2,757,"H3","481200",8,12208,12208,83440,0
2008,381,1,757,"H3","4813",8,17308,17308,39524,0
2008,381,2,757,"H3","4813",8,6179,6179,56505,0
2008,381,1,757,"H3","481320",8,17308,17308,39524,0
2008,381,2,757,"H3","481320",8,6179,6179,56505,0
2008,381,1,752,"H3","4814",8,2021,2021,21445,0
2008,381,2,752,"H3","4814",8,37901,37901,226633,0
2008,381,2,757,"H3","4814",8,1187,1187,93670,0
2008,381,1,752,"H3","481420",8,2021,2021,21445,0
2008,381,2,752,"H3","481490",8,26510,26510,149274,0
2008,381,2,757,"H3","481490",8,873,873,67943,0
2008,381,1,752,"H3","4816",8,2221,2221,34161,0
2008,381,2,757,"H3","4816",8,445,445,7260,0
2008,381,1,752,"H3","481620",8,1500,1500,32339,0
2008,381,2,757,"H3","481620",8,35,35,4494,0
2008,381,1,752,"H3","481720",8,8036,8036,6449,0
2008,381,2,752,"H3","481720",8,1702,1702,25698,0
2008,381,1,757,"H3","481720",8,11807,11807,33709,0
2008,381,2,757,"H3","481720",8,6385,6385,159401,0
2008,381,2,752,"H3","481730",8,6918,6918,71938,0
2008,381,1,757,"H3","481730",8,200,200,12921,0
2008,381,2,757,"H3","481730",8,206789,206789,1375741,0
2008,381,1,752,"H3","481840",8,504631,504631,2298765,0
2008,381,2,752,"H3","481840",8,1523187,1523187,5127514,0
2008,381,1,757,"H3","481840",8,185176,185176,759892,0
2008,381,2,757,"H3","481840",8,1977456,1977456,11745512,0
2008,381,1,752,"H3","481930",8,750,750,2634,0
2008,381,2,752,"H3","481930",8,232430,232430,793892,0
2008,381,1,757,"H3","481930",8,3204,3204,63063,0
2008,381,2,757,"H3","481930",8,1545666,1545666,6327402,0
2008,381,1,752,"H3","481940",8,34382,34382,202916,0
2008,381,2,752,"H3","481940",8,1552866,1552866,6886853,0
2008,381,1,757,"H3","481940",8,313110,313110,1446284,0
2008,381,1,752,"H3","481950",8,36593,36593,94431,0
2008,381,2,752,"H3","481950",8,139538,139538,540340,0
2008,381,1,757,"H3","481950",8,127195,127195,909259,0
2008,381,2,757,"H3","481950",8,3212514,3212514,7775177,0
2008,381,1,757,"H3","481960",8,22936,22936,74717,0
2008,381,2,757,"H3","481960",8,427906,427906,1097274,0
2008,381,2,752,"H3","481960",8,11939,11939,48866,0
2008,381,1,752,"H3","481960",8,15553,15553,79538,0
2008,381,1,752,"H3","4820",8,63869,63869,432913,0
2008,381,2,757,"H3","4820",8,1090170,1090170,15090491,0
2008,381,2,752,"H3","4820",8,106169,106169,777209,0
2008,381,1,757,"H3","4820",8,68941,68941,875244,0
2008,381,1,752,"H3","482010",8,3550,3550,24240,0
2008,381,2,757,"H3","482010",8,903873,903873,11248845,0
2008,381,1,752,"H3","482020",8,326,326,2365,0
2008,381,2,752,"H3","482020",8,795,795,2894,0
2008,381,2,757,"H3","482020",8,13428,13428,184809,0
2008,381,1,752,"H3","482030",8,30350,30350,201163,0
2008,381,2,752,"H3","482030",8,2268,2268,8391,0
2008,381,1,757,"H3","482030",8,17426,17426,190206,0
2008,381,2,757,"H3","482030",8,31242,31242,312098,0
2008,381,1,752,"H3","482040",8,7650,7650,40438,0
2008,381,2,752,"H3","482040",8,46,46,229,0
2008,381,1,757,"H3","482040",8,1034,1034,8858,0
2008,381,2,757,"H3","482040",8,12953,12953,161624,0
2008,381,1,752,"H3","482050",8,252,252,2666,0
2008,381,2,752,"H3","482050",8,4591,4591,33804,0
2008,381,1,757,"H3","482050",8,4081,4081,37998,0
2008,381,2,757,"H3","482050",8,26100,26100,1574493,0
2008,381,2,752,"H3","482010",8,94756,94756,690728,0
2008,381,1,757,"H3","482010",8,34501,34501,596150,0
2008,381,2,757,"H3","481940",8,2150734,2150734,10923683,0
2008,381,2,757,"H3","481920",8,6975464,6975464,29059365,0
2008,381,1,757,"H3","481920",8,1662860,1662860,10391641,0
2008,381,2,752,"H3","481920",8,126598,126598,574707,0
2008,381,1,752,"H3","481920",8,4557497,4557497,10343134,0
2008,381,2,757,"H3","481910",8,9538919,9538919,15440215,0
2008,381,1,757,"H3","481910",8,447876,447876,1000336,0
2008,381,2,752,"H3","481910",8,1004438,1004438,2251744,0
2008,381,1,752,"H3","481910",8,447157,447157,1579767,0
2008,381,2,757,"H3","4819",8,23851203,23851203,70623117,0
2008,381,1,757,"H3","4819",8,2577181,2577181,13885300,0
2008,381,2,752,"H3","4819",8,3067809,3067809,11096402,0
2008,381,1,752,"H3","4819",8,5091932,5091932,12302420,0
2008,381,2,757,"H3","481890",8,1634419,1634419,4093207,0
2008,381,1,757,"H3","481890",8,1936849,1936849,2973199,0
2008,381,2,752,"H3","481890",8,10400,10400,34534,0
2008,381,1,752,"H3","481890",8,10382,10382,35351,0
2008,381,2,757,"H3","481850",8,6485,6485,28460,0
2008,381,2,752,"H3","481850",8,138,138,928,0
2008,381,1,752,"H3","481850",8,2551,2551,112701,0
2008,381,2,757,"H3","481830",8,3084347,3084347,8972972,0
2008,381,1,757,"H3","481830",8,2276,2276,12313,0
2008,381,2,752,"H3","481830",8,51593,51593,184164,0
2008,381,1,752,"H3","481830",8,32612,32612,73013,0
2008,381,2,757,"H3","481820",8,16497979,16497979,32988373,0
2008,381,1,757,"H3","481820",8,1022001,1022001,1429016,0
2008,381,1,752,"H3","482320",8,2970,2970,28149,0
2008,381,2,752,"H3","482320",8,534,534,2594,0
2008,381,1,757,"H3","482320",8,235554,235554,521105,0
2008,381,2,757,"H3","482320",8,10200,10200,44516,0
2008,381,1,752,"H3","482340",8,907,907,5948,0
2008,381,2,752,"H3","482340",8,1787,1787,15259,0
2008,381,1,757,"H3","482340",8,79,79,22032,0
2008,381,2,757,"H3","482340",8,24141,24141,93992,0
2008,381,2,752,"H3","482361",8,30,30,87,0
2008,381,2,757,"H3","482361",8,1550,1550,12706,0
2008,381,1,752,"H3","482369",8,518929,518929,1359589,0
2008,381,2,752,"H3","482369",8,854030,854030,5446913,0
2008,381,1,757,"H3","482369",8,2074,2074,13244,0
2008,381,2,757,"H3","482369",8,1767635,1767635,7770622,0
2008,381,1,752,"H3","482370",8,57933,57933,116435,0
2008,381,2,752,"H3","482370",8,788,788,5901,0
2008,381,1,757,"H3","482370",8,5295,5295,121935,0
2008,381,2,757,"H3","482370",8,158063,158063,1063959,0
2008,381,2,752,"H3","481820",8,746610,746610,1823580,0
2008,381,1,752,"H3","481820",8,371858,371858,915019,0
2008,381,2,757,"H3","481810",8,18563594,18563594,33250976,0
2008,381,1,757,"H3","481810",8,36913,36913,70032,0
2008,381,1,752,"H3","49",1,,,4980651,0
2008,381,2,752,"H3","49",1,,,50800197,0
2008,381,1,757,"H3","49",1,,,21535171,0
2008,381,2,757,"H3","49",1,,,161713766,0
2008,381,2,752,"H3","481810",8,65713,65713,194599,0
2008,381,2,757,"H3","4818",8,41764280,41764280,91079498,0
2008,381,1,757,"H3","4818",8,3183215,3183215,5244451,0
2008,381,2,752,"H3","4818",8,2397641,2397641,7365319,0
2008,381,1,752,"H3","4818",8,1010520,1010520,3618007,0
2008,381,2,757,"H3","481710",8,634211,634211,4575973,0
2008,381,1,757,"H3","481710",8,136289,136289,516455,0
2008,381,2,752,"H3","481710",8,32709,32709,138866,0
2008,381,1,752,"H3","490191",8,2454,2454,6114,0
2008,381,2,752,"H3","490191",8,82562,82562,325292,0
2008,381,2,757,"H3","490191",8,15529,15529,148590,0
2008,381,1,752,"H3","481710",8,29308,29308,186847,0
2008,381,2,757,"H3","4817",8,847385,847385,6111115,0
2008,381,1,757,"H3","4817",8,148296,148296,563085,0
2008,381,2,752,"H3","4817",8,41329,41329,236501,0
2008,381,1,752,"H3","4902",8,1057,1057,31292,0
2008,381,2,752,"H3","4902",8,622387,622387,2799170,0
2008,381,1,757,"H3","4902",8,617180,617180,3287355,0
2008,381,2,757,"H3","4902",8,5265333,5265333,31409099,0
2008,381,1,757,"H3","490210",8,583697,583697,3088757,0
2008,381,2,757,"H3","490210",8,795623,795623,3817704,0
2008,381,1,752,"H3","490290",8,1057,1057,31292,0
2008,381,2,752,"H3","490290",8,622387,622387,2799170,0
2008,381,1,757,"H3","490290",8,33483,33483,198598,0
2008,381,2,757,"H3","490290",8,4469710,4469710,27591395,0
2008,381,1,752,"H3","4903",8,27,27,354,0
2008,381,2,752,"H3","4903",8,55430,55430,1602521,0
2008,381,1,757,"H3","4903",8,13264,13264,388387,0
2008,381,2,757,"H3","4903",8,712484,712484,27268898,0
2008,381,1,752,"H3","490300",8,27,27,354,0
2008,381,2,752,"H3","490300",8,55430,55430,1602521,0
2008,381,1,757,"H3","490300",8,13264,13264,388387,0
2008,381,2,757,"H3","490300",8,712484,712484,27268898,0
2008,381,1,752,"H3","4904",8,183,183,4261,0
2008,381,2,752,"H3","4904",8,1470,1470,25078,0
2008,381,1,757,"H3","4904",8,62,62,4329,0
2008,381,2,757,"H3","4904",8,2686,2686,123983,0
2008,381,1,752,"H3","490400",8,183,183,4261,0
2008,381,2,752,"H3","490400",8,1470,1470,25078,0
2008,381,1,757,"H3","490400",8,62,62,4329,0
2008,381,2,757,"H3","490400",8,2686,2686,123983,0
2008,381,1,752,"H3","4817",8,37344,37344,193296,0
2008,381,2,757,"H3","481690",8,410,410,2766,0
2008,381,1,752,"H3","481690",8,721,721,1822,0
2008,381,2,757,"H3","481420",8,314,314,25727,0
2008,381,2,752,"H3","490510",8,5609,5609,64397,0
2008,381,1,757,"H3","490510",8,200,200,1640,0
2008,381,2,757,"H3","490510",8,8213,8213,127116,0
2008,381,2,752,"H3","481420",8,11391,11391,77360,0
2008,381,2,757,"H3","481160",8,308768,308768,650965,0
2008,381,1,757,"H3","481160",8,21789,21789,75054,0
2008,381,2,752,"H3","481160",8,3654,3654,15078,0
2008,381,2,752,"H3","490599",8,549,549,8404,0
2008,381,1,757,"H3","490599",8,2442,2442,161181,0
2008,381,2,757,"H3","490599",8,17011,17011,192446,0
2008,381,1,752,"H3","4907",8,13,13,1606,0
2008,381,2,752,"H3","4907",8,1,1,15,0
2008,381,1,757,"H3","4907",8,153,153,323371,0
2008,381,2,757,"H3","4907",8,100,100,6754,0
2008,381,1,752,"H3","490700",8,13,13,1606,0
2008,381,2,752,"H3","490700",8,1,1,15,0
2008,381,1,757,"H3","490700",8,153,153,323371,0
2008,381,2,757,"H3","490700",8,100,100,6754,0
2008,381,1,752,"H3","4908",8,102,102,3194,0
2008,381,2,752,"H3","4908",8,6698,6698,259463,0
2008,381,1,757,"H3","4908",8,10414,10414,26730,0
2008,381,2,757,"H3","4908",8,75127,75127,1105059,0
2008,381,1,752,"H3","481160",8,2056,2056,16996,0
2008,381,2,757,"H3","4811",8,4160724,4160724,14292456,0
2008,381,1,757,"H3","4811",8,1482207,1482207,7690248,0
2008,381,2,752,"H3","4811",8,1603730,1603730,4169627,0
2008,381,1,752,"H3","4811",8,19977559,19977559,37823640,0
2008,381,2,757,"H3","480820",8,8600,8600,12038,0
2008,381,1,752,"H3","4909",8,735,735,6983,0
2008,381,2,752,"H3","4909",8,9945,9945,305203,0
2008,381,1,757,"H3","4909",8,869,869,27840,0
2008,381,2,757,"H3","4909",8,41153,41153,1167020,0
2008,381,1,752,"H3","490900",8,735,735,6983,0
2008,381,2,752,"H3","490900",8,9945,9945,305203,0
2008,381,1,757,"H3","490900",8,869,869,27840,0
2008,381,2,757,"H3","490900",8,41153,41153,1167020,0
2008,381,1,752,"H3","480820",8,1816913,1816913,2098865,0
2008,381,2,757,"H3","480610",8,1126,1126,7720,0
2008,381,2,757,"H3","4806",8,1312144,1312144,2413684,0
2008,381,1,757,"H3","4806",8,283383,283383,706754,0
2008,381,2,752,"H3","4806",8,3643225,3643225,5918769,0
2008,381,1,752,"H3","4806",8,5116484,5116484,14183788,0
2008,381,2,757,"H3","480550",8,178377,178377,513573,0
2008,381,2,752,"H3","480550",8,484716,484716,380484,0
2008,381,2,757,"H3","480525",8,525560,525560,255714,0
2008,381,1,757,"H3","480525",8,47472,47472,26877,0
2008,381,2,757,"H3","480519",8,56976,56976,91645,0
2008,381,2,752,"H3","480519",8,39,39,15,0
2008,381,1,752,"H3","480519",8,191447,191447,187897,0
2008,381,2,757,"H3","480512",8,1404,1404,2851,0
2008,381,2,757,"H3","480511",8,2586794,2586794,1360059,0
2008,381,1,757,"H3","480511",8,24656,24656,9617,0
2008,381,1,752,"H3","491191",8,8655,8655,88828,0
2008,381,2,752,"H3","491191",8,11206,11206,160920,0
2008,381,1,757,"H3","491191",8,37812,37812,1118203,0
2008,381,2,757,"H3","491191",8,324611,324611,8462038,0
2008,381,2,752,"H3","480511",8,2104239,2104239,786657,0
2008,381,1,752,"H3","480511",8,92816873,92816873,72222659,0
2008,381,2,757,"H3","4805",8,10307372,10307372,9807580,0
2008,381,1,757,"H3","4805",8,1136196,1136196,677150,0
2008,381,1,752,"H3","50",1,,,1276,0
2008,381,2,752,"H3","50",1,,,824894,0
2008,381,1,757,"H3","50",1,,,2096012,0
2008,381,2,757,"H3","50",1,,,10090166,0
2008,381,2,757,"H3","5002",8,10643,10643,315301,0
2008,381,2,757,"H3","500200",8,10643,10643,315301,0
2008,381,1,757,"H3","5003",8,1952,1952,6331,0
2008,381,2,757,"H3","5003",8,13472,13472,403131,0
2008,381,1,757,"H3","500300",8,1952,1952,6331,0
2008,381,2,757,"H3","500300",8,13472,13472,403131,0
2008,381,1,757,"H3","5004",8,1223,1223,44680,0
2008,381,2,757,"H3","5004",8,14730,14730,869573,0
2008,381,2,752,"H3","4805",8,3142245,3142245,1448789,0
2008,381,1,752,"H3","4805",8,96835017,96835017,74967423,0
2008,381,2,752,"H3","5005",8,134,134,6989,0
2008,381,1,757,"H3","5005",8,18087,18087,788233,0
2008,381,2,757,"H3","5005",8,801,801,46206,0
2008,381,1,752,"H3","482190",8,9775,9775,60702,0
2008,381,2,752,"H3","482190",8,29194,29194,220094,0
2008,381,1,757,"H3","482190",8,16277,16277,298787,0
2008,381,1,757,"H3","5006",8,14,14,1699,0
2008,381,2,757,"H3","5006",8,1282,1282,361595,0
2008,381,1,757,"H3","500600",8,14,14,1699,0
2008,381,2,757,"H3","500600",8,1282,1282,361595,0
2008,381,1,752,"H3","5007",8,26,26,1276,6
2008,381,2,752,"H3","5007",8,4506,4506,817906,6
2008,381,1,757,"H3","5007",8,8818,8818,1255069,0
2008,381,2,757,"H3","5007",8,42829,42829,8094360,0
2008,381,2,752,"H3","500710",8,2,2,217,6
2008,381,2,757,"H3","500710",8,431,431,32177,0
2008,381,2,757,"H3","482190",8,108387,108387,2636161,0
2008,381,1,752,"H3","4823",8,3397093,3397093,6574451,0
2008,381,2,752,"H3","4823",8,874210,874210,5577965,0
2008,381,1,752,"H3","500790",8,26,26,1276,6
2008,381,1,757,"H3","4823",8,372478,372478,2520537,0
2008,381,2,757,"H3","4823",8,3862828,3862828,16354633,0
2008,381,1,752,"H3","482090",8,21741,21741,162040,0
2008,381,1,752,"H3","51",1,,,56193,0
2008,381,2,752,"H3","51",1,,,4914950,0
2008,381,1,757,"H3","51",1,,,14599907,0
2008,381,2,757,"H3","51",1,,,105696836,0
2008,381,2,757,"H3","5102",8,4481,4481,474797,0
2008,381,2,757,"H3","510211",8,4047,4047,400901,0
2008,381,2,757,"H3","510219",8,434,434,73896,0
2008,381,2,752,"H3","5105",8,1924,1924,14308,0
2008,381,1,757,"H3","5105",8,327,327,2230,0
2008,381,2,757,"H3","5105",8,142670,142670,1372523,0
2008,381,1,757,"H3","510510",8,327,327,2230,0
2008,381,2,757,"H3","510510",8,89430,89430,395367,0
2008,381,2,752,"H3","482090",8,3713,3713,41163,0
2008,381,1,757,"H3","482090",8,11899,11899,42032,0
2008,381,2,757,"H3","482090",8,102574,102574,1608622,0
2008,381,2,757,"H3","510539",8,1672,1672,27457,0
2008,381,2,752,"H3","5106",8,4891,4891,65541,0
2008,381,1,757,"H3","5106",8,2001,2001,88396,0
2008,381,2,757,"H3","5106",8,7599,7599,252324,0
2008,381,2,752,"H3","510610",8,3597,3597,47789,0
2008,381,1,757,"H3","510610",8,2001,2001,88396,0
2008,381,2,757,"H3","510610",8,3246,3246,103729,0
2008,381,2,752,"H3","510620",8,1294,1294,17752,0
2008,381,2,757,"H3","510620",8,4353,4353,148595,0
2008,381,2,752,"H3","500790",8,308,308,49973,6
2008,381,1,757,"H3","500790",8,6457,6457,786155,0
2008,381,2,757,"H3","500790",8,16098,16098,2644760,0
2008,381,1,752,"H3","482390",8,2816354,2816354,5064331,0
2008,381,2,752,"H3","482390",8,17041,17041,107211,0
2008,381,1,757,"H3","482390",8,129476,129476,1842221,0
2008,381,2,757,"H3","482390",8,1901239,1901239,7368838,0
2008,381,1,752,"H3","4901",8,86799,86799,938213,0
2008,381,2,752,"H3","4901",8,3669484,3669484,16558726,0
2008,381,1,752,"H3","5108",8,3830,3830,19947,0
2008,381,2,752,"H3","5108",8,157,157,15857,0
2008,381,1,757,"H3","5108",8,100,100,21408,0
2008,381,2,757,"H3","5108",8,8073,8073,780475,0
2008,381,1,752,"H3","510810",8,3830,3830,19947,0
2008,381,2,752,"H3","510810",8,71,71,9524,0
2008,381,1,757,"H3","510810",8,100,100,21408,0
2008,381,2,757,"H3","510810",8,4020,4020,413225,0
2008,381,2,752,"H3","510820",8,86,86,6332,0
2008,381,2,757,"H3","510820",8,4053,4053,367251,0
2008,381,2,752,"H3","5109",8,1820,1820,70969,0
2008,381,1,757,"H3","5109",8,1816,1816,103546,0
2008,381,2,757,"H3","5109",8,171316,171316,5260517,0
2008,381,2,752,"H3","510910",8,1083,1083,41820,0
2008,381,2,757,"H3","510910",8,63559,63559,2181605,0
2008,381,2,752,"H3","510990",8,737,737,29148,0
2008,381,1,757,"H3","510990",8,1816,1816,103546,0
2008,381,2,757,"H3","510990",8,107757,107757,3078912,0
2008,381,1,757,"H3","5110",8,158,158,2003,0
2008,381,1,757,"H3","511000",8,158,158,2003,0
2008,381,1,757,"H3","4901",8,320238,320238,5073073,0
2008,381,2,757,"H3","4901",8,4399608,4399608,34176697,0
2008,381,1,752,"H3","490110",8,30177,30177,192051,0
2008,381,2,752,"H3","511111",8,1772,1772,102868,6
2008,381,1,757,"H3","511111",8,333,333,14671,6
2008,381,2,757,"H3","511111",8,7185,7185,825175,0
2008,381,2,752,"H3","511119",8,6761,6761,239217,6
2008,381,1,757,"H3","511119",8,687,687,61752,0
2008,381,2,757,"H3","511119",8,15402,15402,2396526,0
2008,381,2,752,"H3","511120",8,82,82,1891,6
2008,381,1,757,"H3","511120",8,26,26,2992,0
2008,381,2,757,"H3","511120",8,6840,6840,676424,0
2008,381,2,752,"H3","490110",8,25425,25425,193972,0
2008,381,1,757,"H3","490110",8,89797,89797,1263778,0
2008,381,2,757,"H3","490110",8,1488179,1488179,7759184,0
2008,381,2,752,"H3","511190",8,6185,6185,195118,6
2008,381,1,757,"H3","511190",8,23,23,2095,0
2008,381,2,757,"H3","511190",8,1134,1134,143637,0
2008,381,1,752,"H3","490810",8,21,21,211,0
2008,381,2,752,"H3","490810",8,93,93,4017,0
2008,381,2,757,"H3","481029",8,2100717,2100717,2854007,0
2008,381,1,757,"H3","481029",8,20502183,20502183,22708652,0
2008,381,2,752,"H3","481029",8,16967,16967,23463,0
2008,381,1,752,"H3","481029",8,3672369,3672369,3780227,0
2008,381,2,757,"H3","480890",8,1084842,1084842,1846863,0
2008,381,1,752,"H3","511219",8,767,767,34954,6
2008,381,2,752,"H3","511219",8,8764,8764,461882,6
2008,381,1,757,"H3","511219",8,149141,149141,12234952,0
2008,381,2,757,"H3","511219",8,67407,67407,7046160,0
2008,381,2,752,"H3","511220",8,1739,1739,64074,6
2008,381,1,757,"H3","511220",8,870,870,72729,0
2008,381,2,757,"H3","511220",8,450,450,34920,0
2008,381,2,752,"H3","511230",8,1966,1966,57584,6
2008,381,1,757,"H3","511230",8,3135,3135,167459,6
2008,381,2,757,"H3","511230",8,7434,7434,408641,0
2008,381,1,752,"H3","511290",8,64,64,1292,6
2008,381,2,752,"H3","511290",8,1012,1012,76611,6
2008,381,1,757,"H3","511290",8,212,212,16098,0
2008,381,2,757,"H3","511290",8,134596,134596,11711682,0
2008,381,1,757,"H3","480890",8,6875623,6875623,11492420,0
2008,381,2,752,"H3","480890",8,4643,4643,21072,0
2008,381,1,752,"H3","480890",8,6275,6275,20544,0
2008,381,2,757,"H3","480630",8,10893,10893,74908,0
2008,381,1,757,"H3","5201",8,13667,13667,28094,0
2008,381,2,757,"H3","5201",8,145639,145639,207468,0
2008,381,1,757,"H3","520100",8,13667,13667,28094,0
2008,381,2,757,"H3","520100",8,145639,145639,207468,0
2008,381,2,752,"H3","5202",8,8908,8908,7783,0
2008,381,1,757,"H3","5202",8,21452,21452,30972,0
2008,381,2,757,"H3","5202",8,310528,310528,372319,0
2008,381,2,752,"H3","520299",8,8908,8908,7783,0
2008,381,1,757,"H3","520299",8,21452,21452,30972,0
2008,381,2,757,"H3","520299",8,310528,310528,372319,0
2008,381,2,752,"H3","5203",8,38,38,62,0
2008,381,1,757,"H3","5203",8,2000,2000,7484,0
2008,381,2,757,"H3","5203",8,2916,2916,21446,0
2008,381,2,752,"H3","520300",8,38,38,62,0
2008,381,1,757,"H3","520300",8,2000,2000,7484,0
2008,381,2,757,"H3","520300",8,2916,2916,21446,0
2008,381,1,752,"H3","5204",8,6,6,38,0
2008,381,2,752,"H3","5204",8,505,505,16081,0
2008,381,2,757,"H3","5204",8,770,770,59038,0
2008,381,1,752,"H3","520411",8,6,6,38,0
2008,381,2,752,"H3","520411",8,38,38,995,0
2008,381,2,757,"H3","520411",8,18,18,1597,0
2008,381,2,757,"H3","520419",8,238,238,7795,0
2008,381,2,752,"H3","520420",8,467,467,15086,0
2008,381,2,757,"H3","520420",8,514,514,49646,0
2008,381,1,757,"H3","480630",8,259442,259442,667807,0
2008,381,1,752,"H3","4821",8,52553,52553,965953,0
2008,381,2,752,"H3","4821",8,48673,48673,565897,0
2008,381,2,757,"H3","520511",8,78938,78938,187733,0
2008,381,2,752,"H3","520512",8,3975,3975,22481,0
2008,381,1,757,"H3","520512",8,17229,17229,64532,0
2008,381,2,757,"H3","520512",8,91911,91911,294403,0
2008,381,2,757,"H3","520513",8,413,413,3212,0
2008,381,2,757,"H3","520515",8,27,27,2290,0
2008,381,1,757,"H3","520521",8,84,84,3455,0
2008,381,2,757,"H3","520521",8,63013,63013,146001,0
2008,381,2,752,"H3","520522",8,6130,6130,64149,0
2008,381,1,757,"H3","520522",8,1727,1727,33656,0
2008,381,2,757,"H3","520522",8,11803,11803,118804,0
2008,381,2,752,"H3","520523",8,1291,1291,14315,0
2008,381,1,757,"H3","520523",8,41866,41866,516615,0
2008,381,2,757,"H3","520523",8,136875,136875,1196839,0
2008,381,2,752,"H3","520524",8,1697,1697,16939,0
2008,381,1,757,"H3","520524",8,54169,54169,437701,0
2008,381,2,757,"H3","520524",8,39840,39840,306126,0
2008,381,2,752,"H3","520526",8,2196,2196,22378,0
2008,381,1,757,"H3","520526",8,96279,96279,821214,0
2008,381,2,757,"H3","520526",8,28287,28287,261199,0
2008,381,1,757,"H3","520527",8,73254,73254,769518,0
2008,381,2,757,"H3","520527",8,1018,1018,10987,0
2008,381,1,757,"H3","520528",8,43656,43656,841824,0
2008,381,2,757,"H3","520528",8,11429,11429,186596,0
2008,381,1,757,"H3","520531",8,687,687,8167,0
2008,381,2,757,"H3","520531",8,2577,2577,65701,0
2008,381,2,752,"H3","520532",8,2163,2163,21006,0
2008,381,1,757,"H3","520532",8,448,448,4531,0
2008,381,2,757,"H3","520532",8,86,86,3889,0
2008,381,2,757,"H3","520533",8,3656,3656,89217,0
2008,381,1,757,"H3","4821",8,39809,39809,1098961,0
2008,381,2,757,"H3","520541",8,2276,2276,32657,0
2008,381,2,752,"H3","520542",8,1379,1379,16416,0
2008,381,1,757,"H3","520542",8,446,446,7880,0
2008,381,2,757,"H3","520542",8,11164,11164,71165,0
2008,381,2,752,"H3","520543",8,272,272,3202,0
2008,381,2,757,"H3","520543",8,77,77,12323,0
2008,381,2,752,"H3","520544",8,1870,1870,29950,0
2008,381,1,757,"H3","520544",8,1591,1591,93122,0
2008,381,2,757,"H3","520544",8,198,198,4321,0
2008,381,2,752,"H3","520547",8,52,52,805,0
2008,381,1,757,"H3","520547",8,12288,12288,494078,0
2008,381,2,757,"H3","520547",8,44274,44274,474980,0
2008,381,1,757,"H3","520548",8,52926,52926,2364354,0
2008,381,2,757,"H3","520548",8,109712,109712,2120467,0
2008,381,2,752,"H3","5206",8,15962,15962,37317,0
2008,381,1,757,"H3","5206",8,15308,15308,295328,0
2008,381,2,757,"H3","5206",8,20514,20514,257125,0
2008,381,2,752,"H3","520611",8,15958,15958,37213,0
2008,381,2,757,"H3","520611",8,12767,12767,38414,0
2008,381,2,752,"H3","520612",8,2,2,57,0
2008,381,2,757,"H3","520612",8,1515,1515,73522,0
2008,381,2,757,"H3","520613",8,1058,1058,28364,0
2008,381,2,757,"H3","520622",8,80,80,1592,0
2008,381,2,757,"H3","4821",8,426583,426583,8832178,0
2008,381,2,752,"H3","500720",8,4195,4195,767715,6
2008,381,1,757,"H3","520624",8,10921,10921,119602,0
2008,381,2,757,"H3","520624",8,975,975,29484,0
2008,381,1,757,"H3","520625",8,1853,1853,72086,0
2008,381,2,757,"H3","520625",8,185,185,5579,0
2008,381,1,757,"H3","500720",8,2361,2361,468914,0
2008,381,1,757,"H3","520632",8,84,84,7250,0
2008,381,2,757,"H3","520632",8,1640,1640,4477,0
2008,381,2,757,"H3","500720",8,26300,26300,5417423,0
2008,381,1,757,"H3","520635",8,164,164,2577,0
2008,381,2,757,"H3","520641",8,799,799,35202,0
2008,381,2,752,"H3","520642",8,2,2,47,0
2008,381,2,757,"H3","520642",8,598,598,16087,0
2008,381,2,752,"H3","511211",8,24090,24090,1821423,6
2008,381,1,757,"H3","511211",8,34572,34572,1785350,6
2008,381,1,757,"H3","520645",8,58,58,2925,0
2008,381,2,757,"H3","520645",8,110,110,4973,0
2008,381,2,757,"H3","511211",8,642212,642212,70969328,0
2008,381,1,752,"H3","52",1,,,819664,0
2008,381,2,752,"H3","52",1,,,3838426,0
2008,381,1,757,"H3","52",1,,,26903557,0
2008,381,1,752,"H3","520710",8,356,356,7469,0
2008,381,1,757,"H3","520710",8,72,72,2223,0
2008,381,2,757,"H3","520710",8,24275,24275,611837,0
2008,381,2,752,"H3","520790",8,729,729,14476,0
2008,381,2,757,"H3","520790",8,12860,12860,402125,0
2008,381,2,757,"H3","52",1,,,38245990,0
2008,381,1,757,"H3","500400",8,1223,1223,44680,0
2008,381,2,757,"H3","500400",8,14730,14730,869573,0
2008,381,1,757,"H3","520623",8,51,51,2200,0
2008,381,2,757,"H3","520623",8,63,63,4042,0
2008,381,1,752,"H3","481810",8,88486,88486,183159,0
2008,381,2,757,"H3","481159",8,1903817,1903817,5195379,0
2008,381,1,757,"H3","481159",8,248792,248792,1700297,0
2008,381,2,752,"H3","481159",8,79807,79807,366076,0
2008,381,1,752,"H3","481159",8,7079641,7079641,19028166,0
2008,381,1,752,"H3","490890",8,81,81,2982,0
2008,381,2,752,"H3","490890",8,6605,6605,255446,0
2008,381,1,757,"H3","490890",8,10414,10414,26730,0
2008,381,2,757,"H3","490890",8,75127,75127,1105059,0
2008,381,1,752,"H3","491000",8,8595,8595,111385,0
2008,381,2,752,"H3","520819",8,360,360,7588,6
2008,381,1,757,"H3","520819",8,101653,101653,1540110,0
2008,381,2,757,"H3","520819",8,18113,18113,576982,0
2008,381,2,752,"H3","520821",8,114,114,3171,6
2008,381,1,757,"H3","520821",8,8630,8630,1106285,0
2008,381,2,757,"H3","520821",8,5199,5199,143000,0
2008,381,1,752,"H3","520822",8,419,419,2774,6
2008,381,2,752,"H3","520822",8,474,474,5942,6
2008,381,1,757,"H3","520822",8,4957,4957,570303,0
2008,381,2,757,"H3","520822",8,9463,9463,266642,6
2008,381,2,752,"H3","520823",8,366,366,7184,6
2008,381,1,757,"H3","520823",8,1085,1085,84612,0
2008,381,2,757,"H3","520823",8,5455,5455,201956,0
2008,381,1,752,"H3","520829",8,1285,1285,12561,6
2008,381,2,752,"H3","520829",8,291,291,6752,6
2008,381,1,757,"H3","520829",8,35462,35462,1900965,0
2008,381,2,757,"H3","520829",8,19459,19459,514868,0
2008,381,2,752,"H3","491000",8,3128,3128,24603,0
2008,381,1,757,"H3","491000",8,38189,38189,298291,0
2008,381,2,757,"H3","491000",8,302558,302558,2149726,0
2008,381,1,752,"H3","4911",8,147113,147113,3804812,0
2008,381,2,752,"H3","4911",8,12679623,12679623,28971652,0
2008,381,1,757,"H3","4911",8,1136539,1136539,11905422,0
2008,381,2,757,"H3","4911",8,9854108,9854108,63714485,0
2008,381,1,752,"H3","491110",8,128954,128954,2498878,0
2008,381,2,752,"H3","491110",8,11515474,11515474,24888950,0
2008,381,1,757,"H3","491110",8,929230,929230,7925589,0
2008,381,1,752,"H3","520839",8,3237,3237,20377,6
2008,381,2,752,"H3","520839",8,3608,3608,98724,6
2008,381,1,757,"H3","520839",8,20785,20785,1302089,0
2008,381,2,757,"H3","520839",8,92536,92536,2743318,0
2008,381,2,752,"H3","520841",8,225,225,17673,6
2008,381,1,757,"H3","520841",8,5247,5247,953974,0
2008,381,2,757,"H3","520841",8,4361,4361,296289,0
2008,381,2,757,"H3","491110",8,7005313,7005313,40363886,0
2008,381,2,752,"H3","510529",8,1924,1924,14308,0
2008,381,2,757,"H3","510529",8,49758,49758,734855,0
2008,381,2,757,"H3","510531",8,1810,1810,214844,0
2008,381,2,752,"H3","5107",8,19544,19544,361686,0
2008,381,2,757,"H3","5205",8,639161,639161,5626762,0
2008,381,2,757,"H3","520534",8,1587,1587,37850,0
2008,381,2,752,"H3","520849",8,6612,6612,342481,6
2008,381,1,757,"H3","520849",8,34105,34105,1611544,0
2008,381,2,757,"H3","520849",8,91839,91839,3940165,0
2008,381,1,752,"H3","520851",8,63,63,289,6
2008,381,2,752,"H3","520851",8,309,309,12016,6
2008,381,1,757,"H3","520851",8,152,152,13410,0
2008,381,2,757,"H3","520851",8,4404,4404,207680,0
2008,381,1,752,"H3","520852",8,223,223,1169,6
2008,381,2,752,"H3","520852",8,6619,6619,90236,6
2008,381,1,757,"H3","520852",8,1398,1398,158892,0
2008,381,2,757,"H3","520852",8,9980,9980,351438,6
2008,381,2,752,"H3","520859",8,2476,2476,49715,6
2008,381,1,752,"H3","520811",8,11980,11980,88638,6
2008,381,2,752,"H3","520811",8,1372,1372,21255,6
2008,381,1,752,"H3","520911",8,756,756,3122,6
2008,381,2,752,"H3","520911",8,150,150,1346,6
2008,381,1,752,"H3","520912",8,56975,56975,245385,6
2008,381,2,752,"H3","520912",8,9,9,210,6
2008,381,2,752,"H3","520919",8,102,102,3342,6
2008,381,1,752,"H3","520921",8,1383,1383,7993,6
2008,381,2,752,"H3","520921",8,30,30,539,6
2008,381,1,752,"H3","520922",8,791,791,5158,6
2008,381,2,752,"H3","520922",8,526,526,9878,6
2008,381,1,752,"H3","482110",8,42778,42778,905250,0
2008,381,1,752,"H3","520931",8,11165,11165,82004,6
2008,381,2,752,"H3","520931",8,3825,3825,54096,6
2008,381,2,752,"H3","520932",8,5518,5518,101228,6
2008,381,2,752,"H3","482110",8,19479,19479,345803,0
2008,381,1,757,"H3","482110",8,23532,23532,800174,0
2008,381,2,752,"H3","520941",8,177,177,3992,6
2008,381,1,752,"H3","520942",8,4310,4310,38753,6
2008,381,2,752,"H3","520942",8,9957,9957,118789,6
2008,381,1,752,"H3","520943",8,87,87,667,6
2008,381,2,752,"H3","520943",8,315,315,5043,6
2008,381,1,752,"H3","520949",8,2819,2819,35772,6
2008,381,2,752,"H3","520949",8,4122,4122,104467,6
2008,381,2,752,"H3","520951",8,45,45,1094,6
2008,381,2,757,"H3","482110",8,318196,318196,6196017,0
2008,381,1,752,"H3","520959",8,949,949,6242,6
2008,381,2,752,"H3","520959",8,453,453,7204,6
2008,381,1,757,"H3","500500",8,18087,18087,788233,0
2008,381,2,757,"H3","500500",8,801,801,46206,0
2008,381,2,752,"H3","521011",8,1,1,26,6
2008,381,2,752,"H3","521019",8,211,211,2337,6
2008,381,1,757,"H3","520631",8,52,52,3307,0
2008,381,2,752,"H3","521029",8,1,1,47,6
2008,381,2,757,"H3","520633",8,576,576,13243,0
2008,381,1,752,"H3","521032",8,123,123,1909,6
2008,381,2,752,"H3","521032",8,4908,4908,109713,6
2008,381,2,752,"H3","521039",8,333,333,10161,6
2008,381,2,752,"H3","4822",8,278,278,267,0
2008,381,2,752,"H3","521049",8,406,406,18883,6
2008,381,2,752,"H3","521051",8,181,181,4192,6
2008,381,1,757,"H3","4822",8,45490,45490,44619,0
2008,381,1,752,"H3","5211",8,228,228,3503,6
2008,381,2,752,"H3","5211",8,67063,67063,1127817,6
2008,381,2,757,"H3","4822",8,1689949,1689949,1834098,0
2008,381,2,752,"H3","521112",8,1904,1904,24607,6
2008,381,1,757,"H3","482210",8,6180,6180,4933,0
2008,381,2,752,"H3","521120",8,603,603,8269,6
2008,381,2,752,"H3","521131",8,2003,2003,48449,6
2008,381,2,752,"H3","521132",8,25283,25283,304630,6
2008,381,2,752,"H3","521139",8,3365,3365,101472,6
2008,381,2,752,"H3","521141",8,12439,12439,154464,6
2008,381,2,752,"H3","521142",8,2,2,26,6
2008,381,2,752,"H3","521143",8,2792,2792,54795,6
2008,381,2,752,"H3","521149",8,18427,18427,427146,6
2008,381,2,757,"H3","482210",8,446630,446630,583187,0
2008,381,1,752,"H3","521159",8,228,228,3503,6
2008,381,2,752,"H3","521159",8,62,62,1056,6
2008,381,2,752,"H3","482290",8,278,278,267,0
2008,381,1,757,"H3","482290",8,39310,39310,39685,0
2008,381,2,752,"H3","521211",8,439,439,13368,6
2008,381,2,752,"H3","521212",8,3,3,79,6
2008,381,2,757,"H3","482290",8,1243319,1243319,1250912,0
2008,381,1,757,"H3","520644",8,2125,2125,85382,0
2008,381,2,752,"H3","521214",8,562,562,29122,6
2008,381,2,752,"H3","521215",1,,,8743,0
2008,381,2,752,"H3","521221",8,1,1,22,6
2008,381,2,752,"H3","521222",8,4,4,100,6
2008,381,2,752,"H3","521223",8,3983,3983,94228,6
2008,381,2,752,"H3","521224",8,1773,1773,40936,6
2008,381,2,752,"H3","521225",8,296,296,6873,6
2008,381,1,757,"H3","5107",8,1026,1026,14272,0
2008,381,2,757,"H3","5107",8,89555,89555,2796917,0
2008,381,2,752,"H3","510710",8,5270,5270,130123,0
2008,381,1,757,"H3","510710",8,166,166,4274,0
2008,381,1,752,"H3","5306",8,178,178,4638,0
2008,381,2,752,"H3","5306",8,135305,135305,2532194,0
2008,381,2,757,"H3","510710",8,26305,26305,716437,0
2008,381,2,752,"H3","510720",8,14274,14274,231564,0
2008,381,2,752,"H3","530620",8,89113,89113,1677805,0
2008,381,2,752,"H3","5308",8,28634,28634,55821,0
2008,381,2,752,"H3","530890",8,28634,28634,55821,0
2008,381,1,757,"H3","510720",8,860,860,9998,0
2008,381,2,757,"H3","510720",8,63250,63250,2080481,0
2008,381,1,752,"H3","530911",8,20369,20369,188759,6
2008,381,2,752,"H3","530911",8,1771,1771,50524,6
2008,381,2,752,"H3","5111",8,84396,84396,1850887,6
2008,381,1,757,"H3","520811",8,17966,17966,930426,0
2008,381,2,752,"H3","530921",8,200,200,9140,6
2008,381,1,757,"H3","5111",8,1119,1119,91463,6
2008,381,2,757,"H3","5111",8,48934,48934,4588551,0
2008,381,2,752,"H3","5310",8,73,73,3301,6
2008,381,2,752,"H3","531090",8,73,73,3301,6
2008,381,2,752,"H3","511130",8,69598,69598,1311792,6
2008,381,2,752,"H3","531100",8,82,82,2424,6
2008,381,1,757,"H3","511130",8,50,50,9952,6
2008,381,2,757,"H3","511130",8,18373,18373,546789,0
2008,381,1,752,"H3","5112",8,831,831,36246,6
2008,381,1,752,"H3","490199",8,54168,54168,740049,0
2008,381,1,392,"H3","5401",8,727,727,27150,0
2008,381,2,392,"H3","5401",8,145,145,14111,0
2008,381,1,752,"H3","5401",8,14,14,311,0
2008,381,2,752,"H3","5401",8,46150,46150,500639,0
2008,381,1,392,"H3","540110",8,540,540,20887,0
2008,381,2,392,"H3","540110",8,145,145,14111,0
2008,381,1,752,"H3","540110",8,14,14,311,0
2008,381,2,752,"H3","540110",8,46146,46146,500581,0
2008,381,2,752,"H3","490199",8,3561497,3561497,16039462,0
2008,381,1,757,"H3","490199",8,230441,230441,3809295,0
2008,381,1,392,"H3","5402",8,775577,775577,11479769,0
2008,381,2,392,"H3","5402",8,17332,17332,308876,0
2008,381,2,757,"H3","490199",8,2895900,2895900,26268924,0
2008,381,1,752,"H3","4905",8,131,131,6251,0
2008,381,1,392,"H3","540211",8,308,308,31862,0
2008,381,2,752,"H3","4905",8,13247,13247,177811,0
2008,381,1,757,"H3","4905",8,4497,4497,200374,0
2008,381,2,757,"H3","4905",8,61990,61990,592047,0
2008,381,1,752,"H3","490591",8,131,131,6251,0
2008,381,2,752,"H3","490591",8,7089,7089,105010,0
2008,381,1,392,"H3","540220",8,79847,79847,1565744,0
2008,381,1,757,"H3","490591",8,1855,1855,37553,0
2008,381,2,757,"H3","490591",8,36766,36766,272485,0
2008,381,2,752,"H3","5112",8,37571,37571,2481575,6
2008,381,1,757,"H3","5112",8,187930,187930,14276589,6
2008,381,1,392,"H3","540232",8,1217,1217,40747,0
2008,381,2,392,"H3","540232",8,193,193,41124,0
2008,381,2,752,"H3","540232",8,7146,7146,59311,0
2008,381,1,392,"H3","540233",8,336661,336661,1988175,0
2008,381,2,392,"H3","540233",8,574,574,12908,0
2008,381,1,752,"H3","540233",8,24958,24958,31438,0
2008,381,2,752,"H3","540233",8,50497,50497,322410,0
2008,381,2,752,"H3","540234",8,840,840,9269,0
2008,381,2,757,"H3","520811",8,3829,3829,156439,0
2008,381,1,752,"H3","520812",8,11609,11609,50545,6
2008,381,2,752,"H3","520812",8,418,418,5218,6
2008,381,1,757,"H3","520812",8,14441,14441,504427,0
2008,381,1,392,"H3","540245",8,31793,31793,665894,0
2008,381,2,392,"H3","540245",8,13762,13762,150613,0
2008,381,2,752,"H3","540245",8,18885,18885,225933,0
2008,381,2,757,"H3","520812",8,47571,47571,1363997,0
2008,381,2,752,"H3","520813",8,5,5,31,6
2008,381,1,757,"H3","520813",8,3711,3711,82897,0
2008,381,2,757,"H3","520813",8,100,100,2238,0
2008,381,2,757,"H3","5112",8,852099,852099,90170731,0
2008,381,1,392,"H3","540249",8,63486,63486,2305735,0
2008,381,1,392,"H3","540251",8,400,400,2326,0
2008,381,2,392,"H3","540251",8,73,73,3296,0
2008,381,2,752,"H3","540251",8,108,108,1150,0
2008,381,1,392,"H3","540252",8,1512,1512,28629,0
2008,381,2,752,"H3","540252",8,2218,2218,28533,0
2008,381,1,392,"H3","540259",8,780,780,9268,0
2008,381,2,392,"H3","540259",8,6,6,1561,0
2008,381,1,392,"H3","540261",8,1137,1137,75087,0
2008,381,2,392,"H3","540261",8,1341,1341,55605,0
2008,381,2,752,"H3","540261",8,516,516,7218,0
2008,381,1,392,"H3","540262",8,4679,4679,259407,0
2008,381,2,392,"H3","540262",8,151,151,3767,0
2008,381,2,752,"H3","540262",8,228,228,2014,0
2008,381,1,392,"H3","540269",8,2083,2083,105930,0
2008,381,2,392,"H3","540269",8,723,723,34813,0
2008,381,1,392,"H3","5403",8,1415117,1415117,17255407,0
2008,381,2,392,"H3","5403",8,9322,9322,328490,0
2008,381,2,757,"H3","520644",8,148,148,2147,0
2008,381,1,752,"H3","5207",8,356,356,7469,0
2008,381,2,752,"H3","5207",8,729,729,14476,0
2008,381,1,392,"H3","540331",8,19,19,1719,0
2008,381,1,392,"H3","540332",8,11016,11016,44215,0
2008,381,2,752,"H3","540332",8,5578,5578,158444,0
2008,381,1,757,"H3","5207",8,72,72,2223,0
2008,381,2,757,"H3","5207",8,37135,37135,1013962,0
2008,381,1,752,"H3","5208",8,34097,34097,271723,6
2008,381,2,752,"H3","5208",8,37457,37457,1098995,6
2008,381,1,392,"H3","540341",8,3096,3096,138030,0
2008,381,2,392,"H3","540341",8,8271,8271,287580,0
2008,381,2,752,"H3","540341",8,25,25,1019,0
2008,381,2,757,"H3","480830",8,1000,1000,1486,0
2008,381,1,392,"H3","540349",8,826,826,29673,0
2008,381,2,392,"H3","540349",8,244,244,13054,0
2008,381,2,752,"H3","540349",8,54,54,825,0
2008,381,1,392,"H3","5404",8,135462,135462,6286159,0
2008,381,2,392,"H3","5404",8,18523,18523,490418,0
2008,381,1,757,"H3","480830",8,201606,201606,605733,0
2008,381,2,752,"H3","480830",8,4401,4401,22080,0
2008,381,1,392,"H3","540412",8,1030,1030,57656,0
2008,381,2,752,"H3","540412",8,23913,23913,104397,0
2008,381,1,752,"H3","480830",8,309705,309705,379714,0
2008,381,1,752,"H3","4910",8,8595,8595,111385,0
2008,381,2,752,"H3","4910",8,3128,3128,24603,0
2008,381,2,752,"H3","5205",8,21025,21025,211640,0
2008,381,1,757,"H3","5205",8,396650,396650,6460647,0
2008,381,1,757,"H3","4910",8,38189,38189,298291,0
2008,381,2,757,"H3","4910",8,302558,302558,2149726,0
2008,381,1,752,"H3","520831",8,222,222,2584,6
2008,381,2,752,"H3","520831",8,959,959,32853,6
2008,381,1,757,"H3","520831",8,6164,6164,1025294,0
2008,381,2,757,"H3","520831",8,44117,44117,991875,0
2008,381,2,752,"H3","520832",8,1766,1766,32738,6
2008,381,1,757,"H3","520832",8,3292,3292,329135,0
2008,381,2,757,"H3","520832",8,25326,25326,911789,0
2008,381,1,392,"H3","5407",8,819923,819923,34105284,6
2008,381,2,392,"H3","5407",8,266710,266710,18317284,6
2008,381,2,752,"H3","520833",8,3270,3270,46376,6
2008,381,1,757,"H3","520833",8,112,112,7992,0
2008,381,1,392,"H3","540710",8,148670,148670,7507380,0
2008,381,2,392,"H3","540710",8,14576,14576,995561,0
2008,381,1,752,"H3","540710",8,2477,2477,42506,6
2008,381,2,752,"H3","540710",8,871,871,29201,6
2008,381,2,757,"H3","520833",8,6115,6115,235534,0
2008,381,1,752,"H3","491199",8,9504,9504,1217106,0
2008,381,2,752,"H3","491199",8,1152943,1152943,3921782,0
2008,381,1,757,"H3","491199",8,169497,169497,2861629,0
2008,381,2,757,"H3","491199",8,2524184,2524184,14888560,0
2008,381,1,392,"H3","540741",8,31122,31122,1385158,0
2008,381,2,392,"H3","540741",8,480,480,27737,0
2008,381,2,752,"H3","540741",8,2584,2584,57747,6
2008,381,1,757,"H3","5208",8,285046,285046,14008060,6
2008,381,2,757,"H3","5208",8,555048,555048,21907035,6
2008,381,2,752,"H3","500500",8,134,134,6989,0
2008,381,1,752,"H3","5209",8,96816,96816,520042,6
2008,381,1,392,"H3","540743",8,276,276,24955,0
2008,381,2,392,"H3","540743",8,935,935,106668,0
2008,381,2,752,"H3","540743",8,212,212,3748,6
2008,381,1,392,"H3","540744",8,5979,5979,296496,0
2008,381,2,392,"H3","540744",8,7080,7080,446174,0
2008,381,2,752,"H3","5209",8,45047,45047,804163,6
2008,381,1,392,"H3","540751",8,11754,11754,443307,0
2008,381,2,392,"H3","540751",8,31,31,8906,0
2008,381,2,752,"H3","540751",8,77,77,1214,6
2008,381,1,392,"H3","540752",8,81158,81158,2980242,0
2008,381,2,392,"H3","540752",8,2586,2586,212220,0
2008,381,1,752,"H3","5210",8,123,123,1909,6
2008,381,2,752,"H3","5210",8,9492,9492,233274,6
2008,381,2,752,"H3","540419",8,227622,227622,1925573,0
2008,381,1,392,"H3","5406",8,334,334,25252,0
2008,381,2,392,"H3","5406",8,9588,9588,275642,0
2008,381,1,392,"H3","540754",8,54256,54256,1635279,0
2008,381,2,392,"H3","540754",8,17317,17317,182358,6
2008,381,2,752,"H3","540754",8,229,229,3320,6
2008,381,1,392,"H3","540761",8,307929,307929,10469060,0
2008,381,2,392,"H3","540761",8,54996,54996,3700910,0
2008,381,1,757,"H3","520842",8,20907,20907,1353630,0
2008,381,1,392,"H3","540769",8,20114,20114,1096669,0
2008,381,2,392,"H3","540769",8,6866,6866,541659,0
2008,381,1,752,"H3","540769",8,18,18,163,6
2008,381,2,752,"H3","540769",8,2242,2242,60170,6
2008,381,1,392,"H3","540771",8,1158,1158,66686,0
2008,381,2,392,"H3","540771",8,35,35,6131,0
2008,381,2,752,"H3","540771",8,33,33,581,6
2008,381,2,757,"H3","520842",8,42965,42965,2680859,0
2008,381,2,752,"H3","520952",8,148,148,1521,6
2008,381,1,752,"H3","520842",8,5059,5059,92786,6
2008,381,2,392,"H3","540773",8,1901,1901,173551,0
2008,381,2,752,"H3","520842",8,7584,7584,302562,6
2008,381,1,392,"H3","540774",8,6160,6160,428686,0
2008,381,2,392,"H3","540774",8,5445,5445,468925,0
2008,381,2,752,"H3","540774",8,8,8,410,6
2008,381,1,392,"H3","540772",8,49382,49382,2260093,0
2008,381,2,392,"H3","540772",8,31401,31401,4220300,0
2008,381,1,392,"H3","540782",8,5508,5508,244784,0
2008,381,2,392,"H3","540782",8,6906,6906,403954,0
2008,381,2,752,"H3","540782",8,1755,1755,42836,6
2008,381,1,392,"H3","540783",8,411,411,30761,0
2008,381,2,392,"H3","540783",8,21678,21678,655214,0
2008,381,2,752,"H3","540783",8,8172,8172,175693,6
2008,381,1,392,"H3","540784",8,16903,16903,1086462,0
2008,381,2,392,"H3","540784",8,298,298,22853,0
2008,381,2,752,"H3","540784",8,192,192,6928,6
2008,381,2,752,"H3","520929",8,1422,1422,18060,6
2008,381,2,752,"H3","540772",8,4675,4675,236780,6
2008,381,1,392,"H3","540792",8,9005,9005,585287,0
2008,381,2,392,"H3","540792",8,20239,20239,1399679,0
2008,381,2,752,"H3","521119",8,79,79,1505,6
2008,381,1,392,"H3","540793",8,14020,14020,821691,0
2008,381,2,392,"H3","540793",8,26243,26243,1297605,0
2008,381,2,752,"H3","540793",8,7064,7064,243577,6
2008,381,1,392,"H3","540794",8,13770,13770,678063,0
2008,381,2,392,"H3","540794",8,13454,13454,932006,0
2008,381,2,752,"H3","540794",8,7298,7298,188905,6
2008,381,1,392,"H3","5408",8,166709,166709,6872396,0
2008,381,2,392,"H3","5408",8,52072,52072,3740452,0
2008,381,1,392,"H3","540490",8,85041,85041,3955135,0
2008,381,2,392,"H3","540490",8,100,100,14836,0
2008,381,1,392,"H3","540810",8,2776,2776,207490,0
2008,381,2,392,"H3","540810",8,1916,1916,133661,0
2008,381,2,392,"H3","540821",8,239,239,17925,0
2008,381,2,752,"H3","540490",8,3110,3110,12741,0
2008,381,2,752,"H3","520843",8,630,630,16482,6
2008,381,1,757,"H3","520843",8,3200,3200,373868,6
2008,381,2,757,"H3","520843",8,65507,65507,4863886,0
2008,381,1,392,"H3","540823",8,1171,1171,63044,0
2008,381,2,392,"H3","540823",8,2357,2357,235701,0
2008,381,2,752,"H3","540823",8,377,377,14443,6
2008,381,1,392,"H3","540824",8,326,326,50623,0
2008,381,2,392,"H3","540824",8,3205,3205,320948,0
2008,381,1,752,"H3","5309",8,22784,22784,228583,6
2008,381,1,392,"H3","540831",8,428,428,19186,0
2008,381,2,392,"H3","540831",8,2107,2107,66400,0
2008,381,2,752,"H3","5309",8,13418,13418,602043,6
2008,381,1,752,"H3","5402",8,107197,107197,2886230,0
2008,381,2,752,"H3","5402",8,181935,181935,1251418,0
2008,381,1,752,"H3","540211",8,24194,24194,2781024,0
2008,381,2,752,"H3","540211",8,2637,2637,63686,0
2008,381,1,392,"H3","540600",8,334,334,25252,0
2008,381,2,392,"H3","540600",8,9588,9588,275642,0
2008,381,1,752,"H3","5407",8,6666,6666,85694,6
2008,381,2,752,"H3","5407",8,78139,78139,1938993,6
2008,381,1,392,"H3","540742",8,27788,27788,1502171,0
2008,381,2,392,"H3","540742",8,1679,1679,139252,0
2008,381,1,752,"H3","540742",8,829,829,14549,6
2008,381,1,392,"H3","55",1,,,19199593,0
2008,381,2,392,"H3","55",1,,,12442488,0
2008,381,2,752,"H3","540742",8,748,748,22682,6
2008,381,2,752,"H3","521059",8,17,17,734,6
2008,381,1,392,"H3","5502",8,6045,6045,51847,0
2008,381,2,392,"H3","5502",8,156,156,45448,0
2008,381,1,392,"H3","550200",8,6045,6045,51847,0
2008,381,2,392,"H3","550200",8,156,156,45448,0
2008,381,1,392,"H3","5503",8,2175949,2175949,15968085,0
2008,381,2,752,"H3","5503",8,93570,93570,206918,0
2008,381,1,392,"H3","550311",8,165563,165563,4589370,0
2008,381,1,392,"H3","550319",8,1050,1050,4625,0
2008,381,1,752,"H3","530919",8,83,83,1062,6
2008,381,1,392,"H3","550330",8,1346366,1346366,9355003,0
2008,381,2,752,"H3","550340",8,93570,93570,206918,0
2008,381,2,752,"H3","530919",8,9196,9196,417879,6
2008,381,2,752,"H3","540219",8,12590,12590,133684,0
2008,381,2,752,"H3","5403",8,8059,8059,187328,0
2008,381,1,752,"H3","530929",8,2333,2333,38763,6
2008,381,1,392,"H3","5505",8,6564,6564,41706,0
2008,381,1,752,"H3","5505",8,4623,4623,4751,0
2008,381,1,392,"H3","550510",8,6564,6564,41706,0
2008,381,1,752,"H3","550510",8,4623,4623,4751,0
2008,381,1,392,"H3","5506",8,52,52,10526,0
2008,381,1,392,"H3","550610",8,24,24,3057,0
2008,381,2,752,"H3","530929",8,2252,2252,124501,6
2008,381,1,392,"H3","550690",8,24,24,2238,0
2008,381,2,752,"H3","5404",8,254645,254645,2042711,0
2008,381,1,392,"H3","540720",8,11721,11721,366097,0
2008,381,2,392,"H3","540720",8,7417,7417,630652,0
2008,381,1,392,"H3","550810",8,384,384,41334,0
2008,381,2,392,"H3","550810",8,2963,2963,316153,0
2008,381,2,752,"H3","550810",8,8,8,125,0
2008,381,2,752,"H3","540720",8,23213,23213,236165,6
2008,381,1,392,"H3","540310",8,862,862,57440,0
2008,381,1,392,"H3","5509",8,7828,7828,225487,0
2008,381,2,392,"H3","5509",8,84560,84560,1230182,0
2008,381,2,392,"H3","540310",8,252,252,5573,0
2008,381,2,752,"H3","540781",8,15,15,162,6
2008,381,1,392,"H3","550912",8,569,569,88264,0
2008,381,2,392,"H3","550912",8,3099,3099,98754,0
2008,381,1,392,"H3","550921",8,23,23,2810,0
2008,381,2,392,"H3","550921",8,412,412,33728,0
2008,381,2,752,"H3","550921",8,1119,1119,18101,0
2008,381,2,392,"H3","540791",8,1047,1047,106747,6
2008,381,2,752,"H3","550931",8,29729,29729,381124,0
2008,381,2,392,"H3","550932",8,4911,4911,41464,0
2008,381,2,392,"H3","540822",8,6519,6519,279327,0
2008,381,1,392,"H3","550941",8,3475,3475,70409,0
2008,381,2,392,"H3","550941",8,222,222,5531,0
2008,381,2,752,"H3","550941",8,1030,1030,7111,0
2008,381,2,392,"H3","550942",8,792,792,26848,0
2008,381,2,752,"H3","550942",8,2483,2483,20248,0
2008,381,2,752,"H3","540822",8,2296,2296,54692,6
2008,381,2,752,"H3","540824",8,1016,1016,42553,6
2008,381,2,752,"H3","540744",8,3,3,101,6
2008,381,1,752,"H3","540752",8,3342,3342,28476,6
2008,381,2,392,"H3","550953",8,162,162,14021,0
2008,381,1,752,"H3","550953",8,115,115,518,0
2008,381,1,392,"H3","550959",8,3250,3250,35824,0
2008,381,2,392,"H3","550959",8,145,145,10051,0
2008,381,1,392,"H3","550961",8,85,85,2263,0
2008,381,2,392,"H3","550961",8,43693,43693,584783,0
2008,381,2,752,"H3","550961",8,6939,6939,92695,0
2008,381,2,752,"H3","540791",8,1204,1204,8740,6
2008,381,1,752,"H3","520939",8,17581,17581,94946,6
2008,381,2,752,"H3","520939",8,18249,18249,373353,6
2008,381,1,392,"H3","550969",8,53,53,5193,0
2008,381,2,392,"H3","550969",8,430,430,25975,0
2008,381,2,752,"H3","550969",8,32,32,333,0
2008,381,2,392,"H3","550991",8,782,782,21586,0
2008,381,2,752,"H3","540792",8,3307,3307,102187,6
2008,381,2,392,"H3","550999",8,15142,15142,184345,0
2008,381,2,752,"H3","540752",8,4378,4378,135871,6
2008,381,1,392,"H3","5510",8,1015,1015,67667,0
2008,381,2,392,"H3","5510",8,38492,38492,813713,0
2008,381,1,392,"H3","540753",8,2329,2329,184790,0
2008,381,2,392,"H3","551011",8,12749,12749,155107,0
2008,381,2,752,"H3","551011",8,481,481,3270,0
2008,381,1,392,"H3","551012",8,806,806,54707,0
2008,381,2,392,"H3","551012",8,1833,1833,82908,0
2008,381,2,752,"H3","551012",8,123,123,1430,0
2008,381,1,392,"H3","551020",8,180,180,9622,0
2008,381,2,392,"H3","551020",8,2841,2841,96214,0
2008,381,2,752,"H3","521021",8,2648,2648,49176,6
2008,381,2,752,"H3","521031",8,643,643,32011,6
2008,381,2,752,"H3","521041",8,143,143,5993,6
2008,381,1,392,"H3","550320",8,347342,347342,706416,0
2008,381,1,392,"H3","5511",8,4510,4510,49966,0
2008,381,2,392,"H3","5511",8,9112,9112,137961,0
2008,381,2,752,"H3","5511",8,8718,8718,104267,0
2008,381,1,392,"H3","551110",8,210,210,2942,0
2008,381,2,752,"H3","551110",8,8239,8239,96314,0
2008,381,2,752,"H3","521111",8,6,6,79,6
2008,381,1,752,"H3","5408",8,69,69,1335,6
2008,381,2,752,"H3","521151",8,98,98,1318,6
2008,381,2,392,"H3","551130",8,3203,3203,41016,0
2008,381,1,392,"H3","5512",1,,66792,1305141,4
2008,381,2,392,"H3","5512",1,,21317,1170185,0
2008,381,1,752,"H3","5212",1,,64,1232,4
2008,381,2,752,"H3","5212",1,,,255829,0
2008,381,1,752,"H3","521213",8,64,64,1232,6
2008,381,2,752,"H3","521213",8,1767,1767,62358,6
2008,381,1,752,"H3","53",1,,,233222,0
2008,381,2,752,"H3","53",1,,,3216841,0
2008,381,2,752,"H3","5305",8,18,18,47,0
2008,381,2,752,"H3","530500",8,18,18,47,0
2008,381,1,752,"H3","530610",8,178,178,4638,0
2008,381,1,392,"H3","551229",8,351,351,20492,6
2008,381,2,392,"H3","551229",8,10056,10056,289405,0
2008,381,2,752,"H3","551229",8,488926,488926,11524335,6
2008,381,2,752,"H3","530610",8,46192,46192,854389,0
2008,381,2,752,"H3","540831",8,19,19,115,6
2008,381,1,392,"H3","551299",1,,70,5804,0
2008,381,2,392,"H3","551299",8,3099,3099,210471,0
2008,381,1,392,"H3","540832",8,143305,143305,5446971,0
2008,381,1,392,"H3","5513",8,3427,3427,187582,0
2008,381,2,392,"H3","5513",8,3822,3822,312265,6
2008,381,1,392,"H3","550390",8,315628,315628,1312671,0
2008,381,1,392,"H3","5504",8,20131,20131,109641,0
2008,381,1,392,"H3","5508",8,442,442,44103,0
2008,381,1,392,"H3","551319",8,874,874,36517,0
2008,381,2,392,"H3","551319",8,14,14,2763,0
2008,381,1,392,"H3","551321",8,117,117,4992,0
2008,381,2,392,"H3","551321",8,392,392,27335,0
2008,381,2,752,"H3","551321",8,7146,7146,69242,6
2008,381,2,752,"H3","551323",8,1491,1491,25438,6
2008,381,2,752,"H3","5311",8,82,82,2424,6
2008,381,1,752,"H3","54",1,,,2978940,0
2008,381,2,752,"H3","54",1,,,6708278,0
2008,381,2,392,"H3","551331",8,713,713,58775,0
2008,381,2,752,"H3","551331",8,253,253,7969,6
2008,381,2,392,"H3","551339",8,1118,1118,70560,0
2008,381,2,752,"H3","551339",8,335,335,8166,6
2008,381,1,392,"H3","551341",8,666,666,45635,0
2008,381,2,392,"H3","551341",8,34,34,3662,6
2008,381,1,392,"H3","551349",8,102,102,3615,0
2008,381,2,392,"H3","551349",8,50,50,11205,0
2008,381,1,392,"H3","5514",8,3619,3619,243068,0
2008,381,2,392,"H3","5514",8,16195,16195,680194,0
2008,381,1,752,"H3","5514",8,58404,58404,279492,6
2008,381,2,752,"H3","5514",8,101211,101211,859478,6
2008,381,1,392,"H3","540120",8,187,187,6264,0
2008,381,1,752,"H3","551412",8,1968,1968,6754,6
2008,381,2,752,"H3","551412",8,39325,39325,255385,6
2008,381,2,392,"H3","551419",8,1054,1054,46238,0
2008,381,2,392,"H3","551421",8,40,40,2467,0
2008,381,2,752,"H3","551421",8,491,491,13713,6
2008,381,1,392,"H3","551422",8,125,125,11112,0
2008,381,2,392,"H3","551422",8,404,404,9060,0
2008,381,1,752,"H3","551422",8,56437,56437,272738,6
2008,381,2,752,"H3","551422",8,57968,57968,522565,6
2008,381,1,392,"H3","551429",8,2378,2378,144322,0
2008,381,2,392,"H3","551429",8,3703,3703,179429,0
2008,381,2,752,"H3","551429",8,582,582,11097,6
2008,381,1,392,"H3","551430",8,825,825,58024,0
2008,381,2,392,"H3","551430",8,9121,9121,352868,0
2008,381,2,752,"H3","551430",8,2816,2816,55940,6
2008,381,2,752,"H3","551441",8,25,25,746,6
2008,381,2,752,"H3","540120",8,4,4,57,0
2008,381,2,392,"H3","540832",8,21787,21787,1540058,0
2008,381,1,392,"H3","551449",8,191,191,22710,0
2008,381,2,392,"H3","551449",8,99,99,12022,0
2008,381,1,392,"H3","5515",1,,7849,538007,4
2008,381,2,392,"H3","5515",1,,102738,3015788,0
2008,381,2,752,"H3","540832",8,5158,5158,208478,6
2008,381,1,392,"H3","540833",8,8190,8190,416376,0
2008,381,2,392,"H3","540833",8,9669,9669,816766,0
2008,381,1,392,"H3","550410",8,8331,8331,49173,0
2008,381,1,392,"H3","551512",8,1387,1387,116684,0
2008,381,2,392,"H3","551512",8,12802,12802,734874,0
2008,381,2,752,"H3","540220",8,3400,3400,14315,0
2008,381,1,392,"H3","551513",8,422,422,37486,6
2008,381,2,392,"H3","551513",8,2288,2288,102534,0
2008,381,2,752,"H3","551513",8,1612,1612,34908,6
2008,381,1,392,"H3","551519",8,1840,1840,140040,0
2008,381,2,392,"H3","551519",8,497,497,16660,0
2008,381,2,752,"H3","551519",8,2938,2938,39415,6
2008,381,1,392,"H3","551521",8,19,19,1747,0
2008,381,2,392,"H3","551521",8,41894,41894,784171,0
2008,381,2,752,"H3","551521",8,11776,11776,153574,6
2008,381,2,392,"H3","551522",8,34152,34152,851862,0
2008,381,2,752,"H3","551522",8,618,618,11939,6
2008,381,1,392,"H3","551529",8,260,260,3172,0
2008,381,2,392,"H3","551529",8,4540,4540,236851,0
2008,381,2,752,"H3","551529",8,1310,1310,22036,6
2008,381,1,392,"H3","551591",1,,973,69089,0
2008,381,2,392,"H3","551591",8,1204,1204,31585,0
2008,381,2,752,"H3","551591",8,3108,3108,58388,6
2008,381,1,392,"H3","551599",8,1332,1332,69511,0
2008,381,2,392,"H3","551599",8,846,846,43478,0
2008,381,2,752,"H3","551599",8,351,351,5680,6
2008,381,1,392,"H3","540239",8,1015,1015,28651,0
2008,381,2,752,"H3","540239",8,5641,5641,40243,0
2008,381,1,392,"H3","540244",8,133457,133457,1615592,0
2008,381,2,752,"H3","540244",8,3988,3988,51766,0
2008,381,2,392,"H3","551611",8,381,381,30960,0
2008,381,2,752,"H3","551611",8,909,909,10910,6
2008,381,2,392,"H3","551612",8,8149,8149,393413,0
2008,381,1,392,"H3","540247",8,31133,31133,373738,0
2008,381,1,392,"H3","551613",8,132,132,5788,6
2008,381,2,392,"H3","551613",8,676,676,42882,0
2008,381,2,752,"H3","551613",8,164,164,6466,6
2008,381,1,392,"H3","551614",8,244,244,35404,0
2008,381,2,392,"H3","551614",8,390,390,30081,0
2008,381,1,752,"H3","551614",8,979,979,13930,6
2008,381,2,752,"H3","551614",8,145,145,3624,6
2008,381,2,752,"H3","540247",8,5645,5645,24620,0
2008,381,1,392,"H3","551622",8,1311,1311,93125,0
2008,381,2,392,"H3","551622",8,3671,3671,198664,0
2008,381,2,752,"H3","551622",8,504,504,8347,6
2008,381,2,752,"H3","540248",8,64782,64782,240181,0
2008,381,1,392,"H3","550490",8,11800,11800,60467,0
2008,381,1,752,"H3","5509",8,115,115,518,0
2008,381,2,392,"H3","551624",8,117,117,37988,0
2008,381,2,752,"H3","551624",8,212,212,12957,6
2008,381,2,392,"H3","551631",8,747,747,30474,0
2008,381,2,392,"H3","551632",8,1913,1913,169926,0
2008,381,2,752,"H3","551632",8,594,594,25161,6
2008,381,2,752,"H3","5509",8,189741,189741,2127689,0
2008,381,1,392,"H3","540339",8,1393448,1393448,16924866,0
2008,381,2,752,"H3","540339",8,10,10,172,0
2008,381,1,392,"H3","551634",8,287,287,10890,0
2008,381,2,392,"H3","551634",8,1387,1387,114464,0
2008,381,2,752,"H3","551634",8,16,16,785,6
2008,381,2,392,"H3","551641",8,931,931,26949,0
2008,381,1,392,"H3","551642",8,984,984,82419,0
2008,381,2,392,"H3","551642",8,3238,3238,125408,0
2008,381,2,752,"H3","551642",8,65,65,1445,6
2008,381,2,392,"H3","540342",8,555,555,22283,0
2008,381,2,392,"H3","5508",8,3301,3301,322595,0
2008,381,1,392,"H3","551644",8,11,11,2006,6
2008,381,2,392,"H3","551644",8,340,340,19213,0
2008,381,2,752,"H3","551644",8,36,36,1208,6
2008,381,1,392,"H3","551692",8,70,70,2777,0
2008,381,2,392,"H3","551692",8,4699,4699,325833,0
2008,381,2,752,"H3","551692",8,1458,1458,41235,6
2008,381,1,392,"H3","551693",8,135,135,20677,0
2008,381,2,392,"H3","551693",8,13851,13851,674954,0
2008,381,1,752,"H3","551693",8,29,29,329,6
2008,381,2,752,"H3","551693",8,1166,1166,28971,6
2008,381,1,392,"H3","551694",8,1207,1207,73239,0
2008,381,2,392,"H3","551694",8,471,471,40075,0
2008,381,2,752,"H3","551694",8,68,68,1051,6
2008,381,1,392,"H3","56",1,,,20788124,0
2008,381,1,392,"H3","540411",8,2224,2224,257086,0
2008,381,2,392,"H3","540753",8,22212,22212,1563701,0
2008,381,2,752,"H3","5408",8,13462,13462,502839,6
2008,381,1,392,"H3","540822",8,5996,5996,304597,0
2008,381,1,392,"H3","5405",8,1110,1110,54961,0
2008,381,2,392,"H3","5405",8,128,128,6601,0
2008,381,1,392,"H3","540500",8,1110,1110,54961,0
2008,381,2,392,"H3","540500",8,128,128,6601,0
2008,381,2,752,"H3","540753",8,2730,2730,144583,6
2008,381,2,752,"H3","560121",8,334322,334322,1883856,0
2008,381,1,392,"H3","560122",8,2526,2526,51703,0
2008,381,2,392,"H3","560122",8,859,859,6698,0
2008,381,2,752,"H3","540761",8,6928,6928,229085,6
2008,381,1,752,"H3","540833",8,35,35,455,6
2008,381,1,392,"H3","560129",8,900,900,14015,0
2008,381,2,392,"H3","560130",8,175,175,1663,0
2008,381,1,392,"H3","5602",8,1350,1350,66135,0
2008,381,2,392,"H3","5602",8,11107,11107,67184,0
2008,381,2,752,"H3","540833",8,3662,3662,158899,6
2008,381,1,392,"H3","540834",8,4517,4517,364110,0
2008,381,2,392,"H3","560210",8,11011,11011,62641,0
2008,381,2,752,"H3","560210",8,834413,834413,3684463,0
2008,381,2,752,"H3","560221",8,6377,6377,66348,0
2008,381,2,392,"H3","540834",8,4273,4273,329665,0
2008,381,2,752,"H3","5508",8,8,8,125,0
2008,381,1,392,"H3","550820",8,58,58,2769,0
2008,381,2,392,"H3","540781",8,1253,1253,43719,0
2008,381,2,392,"H3","550820",8,338,338,6442,0
2008,381,1,752,"H3","540834",8,34,34,880,6
2008,381,1,392,"H3","5603",8,549192,549192,17629924,0
2008,381,2,392,"H3","5603",8,229925,229925,2230475,0
2008,381,2,752,"H3","540834",8,858,858,22530,6
2008,381,1,752,"H3","55",1,,,304397,0
2008,381,1,392,"H3","560311",8,6327,6327,113009,0
2008,381,2,392,"H3","560311",8,6542,6542,130209,0
2008,381,2,752,"H3","55",1,,,16159983,0
2008,381,2,752,"H3","550922",8,143532,143532,1542266,0
2008,381,1,392,"H3","560312",8,3695,3695,184760,0
2008,381,2,392,"H3","560312",8,15772,15772,125752,0
2008,381,1,752,"H3","560312",8,271731,271731,2070369,0
2008,381,2,752,"H3","560312",8,585991,585991,2979816,0
2008,381,1,392,"H3","560313",8,27721,27721,1004362,0
2008,381,2,392,"H3","560313",8,123343,123343,333651,0
2008,381,1,752,"H3","560313",8,22410,22410,299088,0
2008,381,2,752,"H3","560313",8,1963213,1963213,6701444,0
2008,381,1,392,"H3","560314",8,321409,321409,10427504,0
2008,381,2,392,"H3","560314",8,41373,41373,1289522,0
2008,381,2,752,"H3","550932",8,44,44,649,0
2008,381,2,752,"H3","550952",8,1578,1578,19278,0
2008,381,1,392,"H3","560392",8,14569,14569,150467,0
2008,381,1,752,"H3","560392",8,71923,71923,65267,0
2008,381,2,752,"H3","560392",8,91,91,338,0
2008,381,2,752,"H3","560393",8,285998,285998,640924,0
2008,381,2,752,"H3","550999",8,189,189,4891,0
2008,381,2,752,"H3","5510",8,662,662,5456,0
2008,381,1,392,"H3","551090",8,29,29,3337,0
2008,381,2,392,"H3","551090",8,9294,9294,221166,0
2008,381,1,392,"H3","5604",8,1537,1537,83489,0
2008,381,2,392,"H3","5604",8,32,32,5412,0
2008,381,1,752,"H3","5604",8,6786,6786,65300,0
2008,381,2,752,"H3","5604",8,244704,244704,1655855,0
2008,381,2,752,"H3","551090",8,58,58,756,0
2008,381,1,392,"H3","551120",8,4300,4300,47024,0
2008,381,2,392,"H3","551120",8,5909,5909,96946,0
2008,381,2,752,"H3","551120",8,479,479,7953,0
2008,381,1,392,"H3","560490",8,1509,1509,78878,0
2008,381,1,752,"H3","560490",8,5498,5498,47008,0
2008,381,2,752,"H3","560490",8,244085,244085,1643321,0
2008,381,1,752,"H3","5512",1,,545,5377,4
2008,381,2,752,"H3","5512",1,,502894,11846233,4
2008,381,1,392,"H3","54",1,,,76106379,0
2008,381,2,392,"H3","54",1,,,23481875,0
2008,381,1,392,"H3","5606",8,567,567,19233,0
2008,381,2,392,"H3","5606",8,1960,1960,81791,0
2008,381,2,752,"H3","5606",8,40266,40266,573514,0
2008,381,1,392,"H3","560600",8,567,567,19233,0
2008,381,2,392,"H3","560600",8,1960,1960,81791,0
2008,381,2,752,"H3","560600",8,40266,40266,573514,0
2008,381,1,392,"H3","5607",8,362,362,21936,0
2008,381,2,392,"H3","5607",8,755,755,37232,0
2008,381,2,392,"H3","551442",8,1774,1774,78110,0
2008,381,2,752,"H3","551442",8,3,3,32,6
2008,381,1,392,"H3","540219",8,80086,80086,2276477,0
2008,381,1,392,"H3","560749",8,100,100,5453,0
2008,381,1,752,"H3","560749",8,8665,8665,77285,0
2008,381,2,752,"H3","560749",8,78,78,203,0
2008,381,1,392,"H3","560750",8,262,262,16483,0
2008,381,2,392,"H3","560750",8,743,743,33321,0
2008,381,2,392,"H3","540219",8,25,25,1989,0
2008,381,2,752,"H3","540821",8,76,76,1131,6
2008,381,2,752,"H3","540773",8,203,203,8306,6
2008,381,1,392,"H3","540730",8,510,510,11166,6
2008,381,1,392,"H3","5608",8,25,25,12726,0
2008,381,2,392,"H3","5608",8,50337,50337,310866,0
2008,381,1,752,"H3","5608",8,755,755,6900,0
2008,381,2,752,"H3","5608",8,93074,93074,351099,0
2008,381,2,392,"H3","560811",8,2545,2545,20860,0
2008,381,2,752,"H3","560811",8,1074,1074,13152,0
2008,381,2,392,"H3","560819",8,47603,47603,286432,0
2008,381,1,752,"H3","560819",8,743,743,6766,0
2008,381,2,752,"H3","560819",8,70226,70226,311924,0
2008,381,1,392,"H3","560890",8,25,25,12726,0
2008,381,2,392,"H3","560890",8,189,189,3574,0
2008,381,1,752,"H3","560890",8,12,12,134,0
2008,381,2,752,"H3","560890",8,21774,21774,26022,0
2008,381,2,392,"H3","540730",8,635,635,30801,0
2008,381,2,752,"H3","5515",1,,31572,458806,4
2008,381,1,392,"H3","5516",8,4822,4822,356767,6
2008,381,1,392,"H3","540231",8,5890,5890,98767,0
2008,381,1,392,"H3","560900",8,15,15,6629,0
2008,381,2,392,"H3","560900",8,1383,1383,31813,0
2008,381,1,752,"H3","560900",8,2177,2177,16049,0
2008,381,2,752,"H3","560900",8,11766,11766,128005,0
2008,381,2,392,"H3","540231",8,484,484,3199,0
2008,381,2,752,"H3","540231",8,2814,2814,27084,0
2008,381,2,392,"H3","5516",8,85517,85517,4714156,0
2008,381,1,752,"H3","5516",8,1007,1007,14259,6
2008,381,1,392,"H3","5701",2,36,130,4657,0
2008,381,2,392,"H3","5701",2,4901,7883,68138,0
2008,381,2,752,"H3","5516",8,14703,14703,396289,6
2008,381,1,752,"H3","56",1,,,3129457,0
2008,381,2,752,"H3","56",1,,,29299474,0
2008,381,1,752,"H3","5603",8,536602,536602,2922794,0
2008,381,2,752,"H3","5603",8,5887651,5887651,20566940,0
2008,381,1,392,"H3","540419",8,47167,47167,2016282,0
2008,381,1,392,"H3","570190",2,6,10,1827,0
2008,381,2,392,"H3","570190",2,4867,7735,50386,0
2008,381,2,392,"H3","540419",8,18423,18423,475582,0
2008,381,2,752,"H3","560314",8,2732152,2732152,8773227,0
2008,381,2,392,"H3","5702",2,779,2507,110976,0
2008,381,1,752,"H3","5702",2,109633,512536,2730588,4
2008,381,2,752,"H3","5702",2,2938,10631,99794,4
2008,381,1,392,"H3","560394",8,175471,175471,5749822,0
2008,381,2,392,"H3","560394",8,42864,42864,345328,0
2008,381,2,392,"H3","570231",2,25,87,3594,0
2008,381,1,752,"H3","570231",2,325,2807,31831,4
2008,381,2,752,"H3","570231",2,369,1244,19841,4
2008,381,1,752,"H3","560394",8,176,176,2709,0
2008,381,2,392,"H3","570239",2,261,564,28627,0
2008,381,2,752,"H3","570239",2,545,252,11315,4
2008,381,1,752,"H3","570241",2,298,1098,23121,4
2008,381,2,752,"H3","570241",2,181,128,6487,4
2008,381,2,392,"H3","570242",2,9,168,2246,0
2008,381,2,752,"H3","570242",2,1757,8566,49671,4
2008,381,2,392,"H3","570250",2,71,154,7482,0
2008,381,1,752,"H3","570250",2,103391,486089,2260499,4
2008,381,2,392,"H3","570291",2,158,866,34231,0
2008,381,1,752,"H3","570291",2,5441,20841,408362,4
2008,381,2,752,"H3","570291",2,59,261,9328,4
2008,381,2,392,"H3","570299",2,94,45,3434,0
2008,381,1,752,"H3","570299",2,178,1701,6775,4
2008,381,2,752,"H3","570299",2,17,93,1003,4
2008,381,2,392,"H3","5703",2,16489,41841,226851,0
2008,381,1,752,"H3","5703",2,6136,158428,953381,4
2008,381,2,752,"H3","5703",2,7787,16567,123168,4
2008,381,1,752,"H3","570310",2,2355,42215,534402,4
2008,381,2,752,"H3","570310",2,1267,2098,42785,4
2008,381,2,392,"H3","570320",2,10244,18266,108267,0
2008,381,2,752,"H3","560394",8,146167,146167,728229,0
2008,381,1,392,"H3","560410",8,28,28,4610,0
2008,381,2,392,"H3","560410",8,32,32,5412,0
2008,381,1,752,"H3","560410",8,1288,1288,18292,0
2008,381,2,752,"H3","560410",8,619,619,12534,0
2008,381,1,752,"H3","570390",2,1517,89147,313662,4
2008,381,2,752,"H3","570390",2,360,799,10380,4
2008,381,2,752,"H3","5704",2,12239,23562,79744,4
2008,381,1,392,"H3","560500",8,84431,84431,2882333,0
2008,381,1,392,"H3","5705",2,1216,6691,32988,0
2008,381,2,392,"H3","5705",2,22678,46638,295545,0
2008,381,1,392,"H3","551219",8,64653,64653,1232386,0
2008,381,2,392,"H3","551219",8,4940,4940,260089,0
2008,381,1,392,"H3","570500",2,1216,6691,32988,0
2008,381,2,392,"H3","570500",2,22678,46638,295545,0
2008,381,1,752,"H3","570500",2,15,397,1508,4
2008,381,2,752,"H3","570500",2,16626,11782,94539,4
2008,381,1,392,"H3","58",1,,,644542,0
2008,381,2,392,"H3","58",1,,,4688762,0
2008,381,1,752,"H3","551219",8,545,545,5377,6
2008,381,2,752,"H3","551219",8,12511,12511,280430,6
2008,381,1,392,"H3","550620",8,4,4,5232,0
2008,381,2,752,"H3","560500",8,121,121,2402,0
2008,381,1,752,"H3","5607",8,10027,10027,96840,0
2008,381,2,752,"H3","5607",8,4300,4300,66937,0
2008,381,2,392,"H3","580121",8,68,68,2909,0
2008,381,2,752,"H3","580121",8,336,336,13803,6
2008,381,1,392,"H3","580122",8,61,61,5832,0
2008,381,2,392,"H3","580122",8,5590,5590,350870,0
2008,381,2,752,"H3","580122",8,4010,4010,107323,6
2008,381,2,392,"H3","580123",8,9,9,1511,0
2008,381,2,752,"H3","580123",8,268,268,7253,6
2008,381,1,752,"H3","57",1,,,3900576,0
2008,381,2,752,"H3","57",1,,,399209,0
2008,381,2,752,"H3","551612",8,1508,1508,35923,6
2008,381,1,392,"H3","540246",8,93,93,7741,0
2008,381,2,392,"H3","580126",8,6875,6875,170815,0
2008,381,1,752,"H3","540246",8,58045,58045,73769,0
2008,381,1,392,"H3","540333",8,5850,5850,59463,0
2008,381,2,752,"H3","540333",8,2392,2392,26868,0
2008,381,1,392,"H3","580133",8,45,45,5356,0
2008,381,2,392,"H3","580133",8,19,19,2487,0
2008,381,1,752,"H3","580133",8,175,175,1208,6
2008,381,1,392,"H3","560290",8,1350,1350,66135,0
2008,381,2,392,"H3","560290",8,96,96,4543,0
2008,381,1,752,"H3","560290",8,1556,1556,20279,0
2008,381,2,752,"H3","560290",8,2180,2180,17363,0
2008,381,2,752,"H3","570210",2,10,87,2149,4
2008,381,2,752,"H3","551512",8,2053,2053,39089,6
2008,381,2,392,"H3","56",1,,,2779440,0
2008,381,1,392,"H3","5601",8,3426,3426,65718,0
2008,381,2,392,"H3","5601",8,2534,2534,14667,0
2008,381,1,752,"H3","5601",8,5,5,44,0
2008,381,2,752,"H3","5601",8,334925,334925,1885713,0
2008,381,1,752,"H3","560122",8,5,5,44,0
2008,381,2,752,"H3","560122",8,167,167,678,0
2008,381,1,752,"H3","5705",2,15,397,1508,4
2008,381,2,392,"H3","5803",8,307,307,62842,0
2008,381,2,752,"H3","5705",2,16626,11782,94539,4
2008,381,2,392,"H3","580300",8,307,307,62842,0
2008,381,2,752,"H3","580300",8,19,19,280,6
2008,381,1,392,"H3","5804",8,768,768,117828,0
2008,381,2,392,"H3","5804",8,1974,1974,496475,0
2008,381,1,752,"H3","58",1,,,413018,0
2008,381,2,752,"H3","58",1,,,1808853,0
2008,381,2,392,"H3","580410",8,507,507,136851,0
2008,381,2,752,"H3","580410",8,92,92,4228,0
2008,381,1,392,"H3","580421",8,746,746,112083,0
2008,381,2,392,"H3","580421",8,739,739,171996,0
2008,381,2,752,"H3","580421",8,29,29,2091,0
2008,381,1,392,"H3","580429",8,22,22,5745,0
2008,381,2,392,"H3","580429",8,694,694,180400,0
2008,381,1,752,"H3","580429",8,552,552,68890,0
2008,381,2,752,"H3","580429",8,33,33,2348,0
2008,381,1,392,"H3","580131",8,35,35,15461,0
2008,381,2,392,"H3","5805",8,390,390,20997,0
2008,381,1,392,"H3","551623",8,398,398,25362,0
2008,381,2,392,"H3","580500",8,390,390,20997,0
2008,381,2,392,"H3","551623",8,17933,17933,835611,0
2008,381,2,752,"H3","551623",8,5654,5654,144198,6
2008,381,2,392,"H3","580131",8,448,448,9109,6
2008,381,2,392,"H3","570210",2,11,58,4802,0
2008,381,2,752,"H3","5806",8,22839,22839,477096,0
2008,381,1,392,"H3","580610",8,2003,2003,26219,0
2008,381,2,392,"H3","580610",8,13111,13111,94915,0
2008,381,1,752,"H3","5805",8,48,48,2828,0
2008,381,1,392,"H3","580620",8,30,30,2238,0
2008,381,2,392,"H3","580620",8,29781,29781,210793,0
2008,381,1,752,"H3","580620",8,2,2,94,0
2008,381,2,752,"H3","580620",8,9862,9862,75357,0
2008,381,2,392,"H3","580631",8,861,861,61293,0
2008,381,2,752,"H3","580631",8,44,44,843,0
2008,381,1,392,"H3","580632",8,8524,8524,114750,0
2008,381,2,392,"H3","580632",8,1943,1943,137167,0
2008,381,1,752,"H3","580632",8,479,479,8130,0
2008,381,2,752,"H3","580632",8,10584,10584,343818,0
2008,381,1,392,"H3","580639",8,189,189,36006,0
2008,381,2,392,"H3","580639",8,451,451,35256,0
2008,381,2,752,"H3","580639",8,2234,2234,54090,0
2008,381,1,392,"H3","580640",8,367,367,10698,0
2008,381,2,392,"H3","580640",8,159,159,19220,0
2008,381,1,752,"H3","5806",8,481,481,8224,0
2008,381,2,392,"H3","551643",8,15041,15041,1020293,0
2008,381,2,752,"H3","551643",8,2070,2070,68615,6
2008,381,1,392,"H3","580190",8,49,49,3967,0
2008,381,1,392,"H3","580710",8,215,215,96661,0
2008,381,2,392,"H3","580710",8,313,313,92462,0
2008,381,2,392,"H3","580190",8,14139,14139,315646,0
2008,381,2,752,"H3","580190",8,887,887,30775,6
2008,381,1,392,"H3","580790",8,61,61,14206,0
2008,381,2,392,"H3","580790",8,574,574,92827,0
2008,381,2,392,"H3","560110",8,1500,1500,6306,0
2008,381,2,752,"H3","560110",8,436,436,1179,0
2008,381,1,392,"H3","5808",8,65,65,14767,0
2008,381,2,392,"H3","5808",8,4208,4208,485139,0
2008,381,2,752,"H3","5808",8,14927,14927,362742,0
2008,381,2,752,"H3","580610",8,115,115,2988,0
2008,381,1,392,"H3","5801",1,,393,40932,4
2008,381,2,392,"H3","5801",1,,46209,1593549,4
2008,381,1,752,"H3","5801",1,,4415,41286,4
2008,381,2,752,"H3","5801",1,,20873,520502,4
2008,381,1,392,"H3","5809",8,1488,1488,104650,0
2008,381,2,392,"H3","5809",8,3655,3655,163953,0
2008,381,1,392,"H3","5807",8,276,276,110867,0
2008,381,1,392,"H3","580900",8,1488,1488,104650,0
2008,381,2,392,"H3","580900",8,3655,3655,163953,0
2008,381,2,392,"H3","5807",8,887,887,185289,0
2008,381,1,392,"H3","5810",8,512,512,65587,0
2008,381,2,392,"H3","5810",8,5625,5625,1031421,0
2008,381,2,392,"H3","580219",8,762,762,40045,0
2008,381,2,752,"H3","580219",8,36,36,1144,6
2008,381,2,392,"H3","581010",8,600,600,49666,0
2008,381,2,752,"H3","581010",8,9,9,1875,0
2008,381,1,392,"H3","581091",8,141,141,9581,0
2008,381,2,392,"H3","581091",8,490,490,98697,0
2008,381,2,752,"H3","580810",8,700,700,8495,0
2008,381,1,392,"H3","581092",8,217,217,33207,0
2008,381,2,392,"H3","581092",8,2116,2116,450723,0
2008,381,1,752,"H3","581092",8,10,10,241,0
2008,381,2,752,"H3","581092",8,94,94,6906,0
2008,381,2,392,"H3","560391",8,31,31,6014,0
2008,381,1,392,"H3","550951",8,100,100,3111,0
2008,381,2,392,"H3","550951",8,245,245,20546,0
2008,381,2,392,"H3","5811",8,1459,1459,50408,0
2008,381,2,752,"H3","5811",8,449,449,14178,6
2008,381,2,392,"H3","581100",8,1459,1459,50408,0
2008,381,2,752,"H3","581100",8,449,449,14178,6
2008,381,1,392,"H3","59",1,,,9790302,0
2008,381,2,392,"H3","59",1,,,5340765,0
2008,381,2,392,"H3","550952",8,3875,3875,69680,0
2008,381,1,752,"H3","580136",8,4240,4240,40077,6
2008,381,1,392,"H3","550962",8,273,273,17612,0
2008,381,2,392,"H3","550962",8,10546,10546,88483,0
2008,381,2,752,"H3","590110",8,13525,13525,153123,6
2008,381,2,392,"H3","590190",8,1406,1406,34315,0
2008,381,2,752,"H3","590190",8,21136,21136,215888,6
2008,381,1,392,"H3","5902",8,93108,93108,1539504,0
2008,381,2,392,"H3","5902",8,6160,6160,134338,6
2008,381,1,752,"H3","5902",8,8808,8808,66329,6
2008,381,2,752,"H3","5902",8,129,129,578,6
2008,381,2,752,"H3","550962",8,3066,3066,40994,0
2008,381,2,392,"H3","550992",8,104,104,4388,0
2008,381,2,392,"H3","570232",2,150,565,26558,0
2008,381,1,392,"H3","590220",8,318,318,26589,0
2008,381,2,392,"H3","590220",8,6157,6157,131959,0
2008,381,1,752,"H3","570320",2,223,3849,19749,4
2008,381,2,392,"H3","551030",8,11775,11775,258317,0
2008,381,2,752,"H3","570320",2,3422,10159,58480,4
2008,381,1,392,"H3","5903",8,158011,158011,5403945,0
2008,381,2,392,"H3","5903",8,260129,260129,3168217,0
2008,381,2,392,"H3","570330",2,6245,23575,118584,0
2008,381,1,752,"H3","570330",2,2041,23216,85568,4
2008,381,1,392,"H3","590310",8,256,256,19741,0
2008,381,2,392,"H3","590310",8,80234,80234,852781,0
2008,381,2,752,"H3","570330",2,2738,3511,11522,4
2008,381,2,752,"H3","570490",2,12239,23562,79744,4
2008,381,1,392,"H3","590320",8,127102,127102,3837764,0
2008,381,2,392,"H3","590320",8,20732,20732,877618,0
2008,381,1,392,"H3","5605",8,84431,84431,2882333,0
2008,381,2,752,"H3","5605",8,121,121,2402,0
2008,381,1,392,"H3","590390",8,30653,30653,1546440,0
2008,381,2,392,"H3","590390",8,159163,159163,1437818,0
2008,381,2,752,"H3","5803",8,19,19,280,6
2008,381,1,392,"H3","551211",8,1196,1196,19152,6
2008,381,2,392,"H3","5904",2,17670,79633,242073,0
2008,381,1,752,"H3","5904",2,10334,54942,176823,4
2008,381,2,752,"H3","5904",2,718631,1863894,6020667,4
2008,381,2,392,"H3","590410",2,16602,77483,222994,0
2008,381,1,752,"H3","590410",2,10334,54942,176823,4
2008,381,2,752,"H3","590410",2,718631,1863894,6020667,4
2008,381,2,392,"H3","551211",8,3181,3181,398538,0
2008,381,1,392,"H3","5905",1,,49,5628,0
2008,381,2,392,"H3","5905",1,,1173,75470,0
2008,381,1,752,"H3","5905",1,,307,6791,0
2008,381,2,752,"H3","5905",1,,17499,364715,0
2008,381,1,392,"H3","590500",1,,49,5628,0
2008,381,2,392,"H3","590500",1,,1173,75470,0
2008,381,1,752,"H3","590500",1,,307,6791,0
2008,381,2,752,"H3","590500",1,,17499,364715,0
2008,381,2,752,"H3","551211",8,1288,1288,38574,6
2008,381,1,752,"H3","5804",8,552,552,68890,0
2008,381,2,752,"H3","5804",8,154,154,8667,0
2008,381,2,392,"H3","580430",8,34,34,7228,0
2008,381,1,392,"H3","580890",8,65,65,14767,0
2008,381,1,392,"H3","551291",8,522,522,27307,6
2008,381,2,392,"H3","551291",8,41,41,11681,0
2008,381,2,752,"H3","551299",8,170,170,2894,6
2008,381,2,752,"H3","5513",8,12877,12877,133781,6
2008,381,2,752,"H3","551311",8,917,917,5068,6
2008,381,2,392,"H3","551313",8,400,400,38109,0
2008,381,2,392,"H3","580890",8,3884,3884,423486,0
2008,381,1,392,"H3","590699",8,21536,21536,1761550,0
2008,381,2,392,"H3","590699",8,1019,1019,24406,0
2008,381,1,752,"H3","590699",8,11958,11958,237895,0
2008,381,2,752,"H3","590699",8,7048,7048,51051,0
2008,381,1,392,"H3","551329",8,1668,1668,96824,0
2008,381,2,392,"H3","551329",8,1101,1101,99856,0
2008,381,2,752,"H3","580890",8,14227,14227,354247,0
2008,381,2,392,"H3","590700",8,22186,22186,234976,0
2008,381,1,752,"H3","590700",8,5,5,41,6
2008,381,2,752,"H3","590700",8,80,80,1176,6
2008,381,2,752,"H3","5809",8,495,495,6736,0
2008,381,2,752,"H3","551329",8,2736,2736,17897,6
2008,381,1,392,"H3","551411",8,100,100,6900,0
2008,381,2,392,"H3","580124",8,157,157,18442,0
2008,381,1,392,"H3","5909",8,46,46,2360,0
2008,381,2,392,"H3","5909",8,413,413,8952,0
2008,381,1,752,"H3","5909",8,360,360,6318,0
2008,381,2,752,"H3","5909",8,1649,1649,51866,0
2008,381,1,392,"H3","590900",8,46,46,2360,0
2008,381,2,392,"H3","590900",8,413,413,8952,0
2008,381,1,752,"H3","590900",8,360,360,6318,0
2008,381,2,752,"H3","590900",8,1649,1649,51866,0
2008,381,1,392,"H3","5910",8,180,180,14997,0
2008,381,2,392,"H3","5910",8,36366,36366,756817,0
2008,381,2,752,"H3","560729",8,5,5,117,0
2008,381,1,752,"H3","5609",8,2177,2177,16049,0
2008,381,1,392,"H3","591000",8,180,180,14997,0
2008,381,2,392,"H3","591000",8,36366,36366,756817,0
2008,381,1,392,"H3","551511",8,1616,1616,100277,0
2008,381,2,392,"H3","551511",8,4515,4515,213773,0
2008,381,1,392,"H3","5911",8,16430,16430,828768,0
2008,381,2,392,"H3","5911",8,4090,4090,603635,0
2008,381,2,752,"H3","551511",8,7805,7805,93776,6
2008,381,1,752,"H3","560750",8,1362,1362,19555,0
2008,381,1,392,"H3","591110",8,6406,6406,302741,0
2008,381,2,392,"H3","591110",8,252,252,16824,0
2008,381,1,752,"H3","591110",8,9,9,207,0
2008,381,2,752,"H3","591110",8,123,123,3594,0
2008,381,2,752,"H3","560750",8,4183,4183,66383,0
2008,381,1,392,"H3","591131",8,463,463,11046,0
2008,381,2,392,"H3","591131",8,1611,1611,364052,0
2008,381,2,752,"H3","580136",8,838,838,20390,6
2008,381,2,752,"H3","5609",8,11766,11766,128005,0
2008,381,1,392,"H3","57",1,,,37646,0
2008,381,2,392,"H3","57",1,,,701509,0
2008,381,2,752,"H3","580124",8,254,254,7848,6
2008,381,2,392,"H3","580125",8,2904,2904,165800,0
2008,381,1,752,"H3","591140",8,86,86,8231,0
2008,381,2,752,"H3","591140",8,381,381,10656,0
2008,381,1,752,"H3","5701",2,339,7422,174838,4
2008,381,2,752,"H3","5701",2,84,45,1964,4
2008,381,2,752,"H3","580125",8,3192,3192,119177,6
2008,381,2,752,"H3","580126",8,2302,2302,25946,6
2008,381,2,752,"H3","580900",8,495,495,6736,0
2008,381,1,752,"H3","580500",8,48,48,2828,0
2008,381,1,392,"H3","5806",8,11113,11113,189911,0
2008,381,2,392,"H3","5806",8,46306,46306,558644,0
2008,381,1,392,"H3","6001",8,9269,9269,232310,0
2008,381,2,392,"H3","6001",8,6722,6722,313115,0
2008,381,1,752,"H3","6001",8,7,7,217,0
2008,381,2,752,"H3","6001",8,47515,47515,568904,0
2008,381,2,392,"H3","600110",8,2470,2470,125537,0
2008,381,1,752,"H3","600110",8,7,7,217,0
2008,381,2,752,"H3","600110",8,41567,41567,444515,0
2008,381,1,392,"H3","551633",8,43,43,5082,0
2008,381,2,392,"H3","551633",8,10088,10088,499019,0
2008,381,1,752,"H3","5810",8,10,10,241,0
2008,381,2,752,"H3","580134",8,308,308,7234,6
2008,381,2,752,"H3","551633",8,135,135,5394,6
2008,381,1,752,"H3","5807",8,6345,6345,277152,0
2008,381,1,392,"H3","600191",8,200,200,12569,0
2008,381,2,392,"H3","600191",8,234,234,12054,0
2008,381,2,752,"H3","600191",8,8,8,417,0
2008,381,2,752,"H3","5807",8,3837,3837,352485,0
2008,381,1,752,"H3","580710",8,6214,6214,274313,0
2008,381,1,392,"H3","570110",2,30,120,2831,0
2008,381,1,752,"H3","570190",2,4,87,402,4
2008,381,2,752,"H3","570190",2,82,26,753,4
2008,381,1,392,"H3","6002",8,5163,5163,199015,0
2008,381,2,392,"H3","6002",8,15863,15863,319409,0
2008,381,2,752,"H3","6002",8,3248,3248,72199,0
2008,381,2,392,"H3","570110",2,34,148,17752,0
2008,381,2,752,"H3","580710",8,3648,3648,346766,0
2008,381,2,392,"H3","560790",8,12,12,3911,0
2008,381,1,392,"H3","600290",8,3125,3125,104284,0
2008,381,2,392,"H3","600290",8,7415,7415,157026,0
2008,381,2,752,"H3","600290",8,1085,1085,21142,0
2008,381,1,752,"H3","580790",8,131,131,2838,0
2008,381,2,392,"H3","5802",8,762,762,40045,0
2008,381,2,752,"H3","5802",8,36,36,1144,6
2008,381,2,752,"H3","580790",8,189,189,5719,0
2008,381,2,392,"H3","580810",8,324,324,61653,0
2008,381,2,752,"H3","5810",8,154,154,12578,0
2008,381,2,752,"H3","581091",8,50,50,3697,0
2008,381,1,752,"H3","5602",8,1854,1854,21531,0
2008,381,1,392,"H3","600330",8,869,869,72111,0
2008,381,2,392,"H3","600330",8,79,79,11740,0
2008,381,1,752,"H3","600330",8,195,195,6374,0
2008,381,2,752,"H3","600330",8,169,169,23977,0
2008,381,2,752,"H3","5602",8,845776,845776,3786537,0
2008,381,1,752,"H3","560229",8,298,298,1252,0
2008,381,2,752,"H3","560229",8,2806,2806,18363,0
2008,381,1,392,"H3","580135",8,203,203,10315,6
2008,381,2,392,"H3","580135",8,3280,3280,198190,0
2008,381,2,752,"H3","560790",8,34,34,233,0
2008,381,1,392,"H3","600410",8,1802,1802,92783,0
2008,381,2,392,"H3","600410",8,47706,47706,3002118,0
2008,381,2,752,"H3","580135",8,8477,8477,180754,6
2008,381,1,392,"H3","600490",8,212,212,18020,0
2008,381,2,392,"H3","600490",8,3109,3109,523434,0
2008,381,2,392,"H3","580136",8,12720,12720,357771,0
2008,381,1,392,"H3","6005",8,5873,5873,389065,0
2008,381,2,392,"H3","6005",8,33759,33759,1085423,0
2008,381,1,752,"H3","6005",8,10,10,122,0
2008,381,2,752,"H3","6005",8,109373,109373,528260,0
2008,381,1,392,"H3","600522",8,2069,2069,118774,0
2008,381,2,392,"H3","600522",8,53,53,4121,0
2008,381,1,392,"H3","5609",8,15,15,6629,0
2008,381,1,392,"H3","600524",8,923,923,36286,0
2008,381,2,392,"H3","600524",8,3926,3926,192755,0
2008,381,2,392,"H3","600531",8,20625,20625,246531,0
2008,381,2,752,"H3","600531",8,107744,107744,492907,0
2008,381,1,392,"H3","600532",8,1190,1190,124099,0
2008,381,2,392,"H3","600532",8,3244,3244,112108,0
2008,381,2,752,"H3","600532",8,1539,1539,32496,0
2008,381,2,392,"H3","5609",8,1383,1383,31813,0
2008,381,1,752,"H3","570110",2,335,7335,174435,4
2008,381,2,752,"H3","570110",2,2,19,1211,4
2008,381,1,752,"H3","560311",8,170362,170362,485361,0
2008,381,1,392,"H3","600542",8,883,883,62574,0
2008,381,2,392,"H3","600542",8,259,259,18074,0
2008,381,2,752,"H3","560311",8,174039,174039,742963,0
2008,381,1,392,"H3","600590",8,708,708,39264,0
2008,381,2,392,"H3","600590",8,397,397,34404,0
2008,381,2,752,"H3","600590",8,71,71,2509,0
2008,381,1,752,"H3","59",1,,,1665459,0
2008,381,2,752,"H3","59",1,,,12990642,0
2008,381,2,392,"H3","5901",8,1406,1406,34315,0
2008,381,2,752,"H3","5901",8,34661,34661,369011,6
2008,381,1,392,"H3","600610",8,213,213,11045,0
2008,381,2,392,"H3","600610",8,11774,11774,904656,0
2008,381,2,752,"H3","600610",8,1469,1469,57341,0
2008,381,1,392,"H3","590210",8,24020,24020,462292,0
2008,381,1,392,"H3","600622",8,2776,2776,136336,0
2008,381,2,392,"H3","600622",8,2947,2947,192620,0
2008,381,2,752,"H3","600622",8,3114,3114,145721,0
2008,381,1,392,"H3","600623",8,780,780,38405,0
2008,381,2,392,"H3","600623",8,5177,5177,417892,0
2008,381,2,752,"H3","600623",8,132,132,6873,0
2008,381,1,392,"H3","600624",8,117,117,8675,0
2008,381,2,392,"H3","600624",8,1124,1124,58445,0
2008,381,1,392,"H3","600631",8,4734,4734,103568,0
2008,381,2,392,"H3","600631",8,26,26,1703,0
2008,381,1,752,"H3","590210",8,8169,8169,62100,6
2008,381,2,752,"H3","590210",8,129,129,578,6
2008,381,1,392,"H3","600632",8,24824,24824,856928,0
2008,381,2,392,"H3","600632",8,17455,17455,513766,0
2008,381,1,752,"H3","600632",8,214,214,18217,0
2008,381,2,752,"H3","600632",8,9267,9267,215911,0
2008,381,2,392,"H3","600633",8,2266,2266,230943,0
2008,381,2,752,"H3","600633",8,226,226,6302,0
2008,381,1,752,"H3","5903",8,34907,34907,306142,6
2008,381,2,752,"H3","5903",8,198664,198664,2250399,6
2008,381,1,752,"H3","590310",8,4738,4738,20205,6
2008,381,2,392,"H3","600641",8,36,36,2608,0
2008,381,2,752,"H3","590310",8,117081,117081,1016489,6
2008,381,1,392,"H3","5906",8,25933,25933,1995101,0
2008,381,2,392,"H3","5906",8,1527,1527,49461,0
2008,381,1,752,"H3","5906",8,13773,13773,269356,0
2008,381,2,392,"H3","600643",8,3062,3062,200295,0
2008,381,2,752,"H3","600643",8,119,119,5720,0
2008,381,1,392,"H3","600644",8,749,749,42823,0
2008,381,2,392,"H3","600644",8,1371,1371,86680,0
2008,381,2,752,"H3","600644",8,957,957,29050,0
2008,381,1,392,"H3","600690",8,40,40,7311,0
2008,381,2,392,"H3","600690",8,16936,16936,977249,0
2008,381,1,752,"H3","600690",8,610,610,5419,0
2008,381,2,752,"H3","600690",8,6190,6190,81359,0
2008,381,1,392,"H3","61",1,,,4488605,0
2008,381,2,392,"H3","61",1,,,229971643,0
2008,381,2,752,"H3","5906",8,53495,53495,390277,0
2008,381,1,392,"H3","590610",8,188,188,19053,0
2008,381,1,392,"H3","6101",5,73,42,29068,0
2008,381,2,392,"H3","6101",5,42666,27527,7312695,0
2008,381,1,752,"H3","6101",5,277,1792,34470,4
2008,381,2,752,"H3","6101",5,10833,3572,302531,4
2008,381,1,392,"H3","610120",5,14,9,10785,0
2008,381,2,392,"H3","610120",5,1290,977,196016,0
2008,381,1,752,"H3","610120",5,112,550,11365,4
2008,381,2,752,"H3","610120",5,9410,1955,172126,4
2008,381,1,392,"H3","610130",5,34,11,9399,0
2008,381,2,392,"H3","610130",5,813,748,157186,0
2008,381,1,752,"H3","610130",5,165,1242,23105,4
2008,381,2,752,"H3","610130",5,1154,1223,57824,4
2008,381,1,392,"H3","610190",5,25,22,8885,0
2008,381,2,392,"H3","610190",5,40563,25802,6959494,0
2008,381,2,392,"H3","590610",8,248,248,19233,0
2008,381,1,752,"H3","590610",8,263,263,2668,0
2008,381,2,752,"H3","590610",8,46444,46444,339163,0
2008,381,1,752,"H3","5910",8,1781,1781,35956,0
2008,381,2,752,"H3","5910",8,50525,50525,745095,0
2008,381,1,392,"H3","610210",5,478,128,107384,0
2008,381,2,392,"H3","610210",5,6339,4214,1124302,0
2008,381,1,752,"H3","591000",8,1781,1781,35956,0
2008,381,2,752,"H3","591000",8,50525,50525,745095,0
2008,381,1,392,"H3","610220",5,195,54,28739,0
2008,381,2,392,"H3","610220",5,209,166,86630,0
2008,381,1,752,"H3","610220",5,55,132,3641,4
2008,381,2,752,"H3","610220",5,542,1156,39573,4
2008,381,1,392,"H3","610230",5,6,6,8035,0
2008,381,2,392,"H3","610230",5,7269,3832,513268,0
2008,381,1,752,"H3","5911",8,8376,8376,631702,6
2008,381,2,752,"H3","5911",8,39325,39325,2765065,6
2008,381,1,392,"H3","610290",5,20,20,5331,0
2008,381,2,392,"H3","610290",5,741,687,255349,0
2008,381,1,752,"H3","610290",5,24,108,5412,4
2008,381,2,752,"H3","610290",5,98,209,36618,4
2008,381,1,392,"H3","6103",5,2078,1340,247549,0
2008,381,2,392,"H3","6103",5,31491,15641,3147162,0
2008,381,1,752,"H3","6103",5,10142,16648,261275,4
2008,381,2,752,"H3","6103",5,20212,11429,564610,4
2008,381,1,392,"H3","610310",5,11,16,7011,0
2008,381,2,392,"H3","610310",5,371,189,56172,0
2008,381,1,752,"H3","610310",5,1317,357,14066,4
2008,381,1,392,"H3","591190",8,9366,9366,501797,0
2008,381,2,392,"H3","591190",8,1660,1660,124527,0
2008,381,1,392,"H3","60",1,,,2681190,0
2008,381,2,392,"H3","60",1,,,9947758,0
2008,381,2,392,"H3","610323",5,123,96,24600,0
2008,381,2,752,"H3","610323",5,2424,591,40772,4
2008,381,1,392,"H3","610329",5,295,180,84429,0
2008,381,2,392,"H3","610329",5,3307,619,104287,0
2008,381,2,752,"H3","610329",5,1200,217,23123,4
2008,381,1,392,"H3","610331",5,8,9,3923,0
2008,381,2,392,"H3","610331",5,1423,1195,382328,0
2008,381,1,752,"H3","610331",5,2,2,131,4
2008,381,2,752,"H3","610331",5,227,238,59621,4
2008,381,1,392,"H3","610332",5,106,54,22343,0
2008,381,2,392,"H3","610332",5,1465,1393,431125,0
2008,381,1,752,"H3","610332",5,11,36,1101,4
2008,381,2,752,"H3","610332",5,806,177,39352,4
2008,381,1,392,"H3","610333",5,12,7,2894,0
2008,381,2,392,"H3","610333",5,1111,729,210451,0
2008,381,1,752,"H3","610333",5,2128,9269,141960,4
2008,381,2,752,"H3","610333",5,150,173,6984,4
2008,381,1,392,"H3","610339",5,5,5,4195,0
2008,381,2,392,"H3","610339",5,2484,1163,422539,0
2008,381,1,752,"H3","610339",5,36,57,5004,4
2008,381,2,752,"H3","610339",5,19,2,537,4
2008,381,2,392,"H3","610341",5,598,299,79440,0
2008,381,2,752,"H3","610341",5,20,6,727,4
2008,381,1,392,"H3","610342",5,1641,1069,122754,0
2008,381,2,392,"H3","610342",5,11940,7444,734836,0
2008,381,2,392,"H3","551621",8,1494,1494,97950,0
2008,381,2,392,"H3","600121",8,8,8,1567,0
2008,381,2,392,"H3","610343",5,2259,601,111608,0
2008,381,2,752,"H3","600121",8,289,289,2701,0
2008,381,1,392,"H3","600192",8,5006,5006,91506,0
2008,381,2,392,"H3","610349",5,6102,1769,554072,0
2008,381,2,752,"H3","610349",5,2958,1080,43798,4
2008,381,1,392,"H3","6104",5,2807,856,417727,0
2008,381,2,392,"H3","6104",5,162964,50136,10853362,0
2008,381,2,392,"H3","600192",8,793,793,27460,0
2008,381,2,752,"H3","600192",8,2094,2094,51440,0
2008,381,2,752,"H3","610413",5,674,673,33136,4
2008,381,2,392,"H3","600199",8,1493,1493,103357,0
2008,381,2,752,"H3","600199",8,90,90,2994,0
2008,381,1,392,"H3","6003",8,1056,1056,95483,0
2008,381,2,392,"H3","6003",8,197,197,22450,0
2008,381,1,752,"H3","6003",8,195,195,6374,0
2008,381,2,752,"H3","6003",8,444,444,39452,0
2008,381,1,392,"H3","6004",8,2014,2014,110804,0
2008,381,2,392,"H3","6004",8,50815,50815,3525552,0
2008,381,2,752,"H3","6004",8,9913,9913,327280,0
2008,381,2,752,"H3","600410",8,9603,9603,315746,0
2008,381,2,392,"H3","600634",8,4602,4602,350995,0
2008,381,1,392,"H3","610429",5,13,5,1586,0
2008,381,2,392,"H3","610429",5,1077,678,259534,0
2008,381,2,752,"H3","610429",5,35,38,2838,4
2008,381,2,392,"H3","610431",5,1776,1114,527833,0
2008,381,1,752,"H3","600634",8,40,40,7540,0
2008,381,2,752,"H3","600634",8,357,357,11589,0
2008,381,1,392,"H3","610432",5,40,12,6804,0
2008,381,2,392,"H3","610432",5,2017,1213,606114,0
2008,381,1,752,"H3","610432",5,267,401,13121,4
2008,381,2,752,"H3","610432",5,736,586,85088,4
2008,381,1,392,"H3","610433",5,8,4,1978,0
2008,381,2,392,"H3","610433",5,201,143,33199,0
2008,381,1,752,"H3","610433",5,540,1709,35790,4
2008,381,2,752,"H3","610433",5,457,392,19414,4
2008,381,1,392,"H3","610439",5,21,5,4790,0
2008,381,2,392,"H3","610439",5,1992,965,816496,0
2008,381,1,752,"H3","610439",5,382,216,11404,4
2008,381,2,752,"H3","610439",5,391,77,28652,4
2008,381,1,392,"H3","610441",5,777,247,144262,0
2008,381,2,392,"H3","610441",5,9669,3319,680755,0
2008,381,1,392,"H3","600642",8,7082,7082,424445,0
2008,381,2,392,"H3","600642",8,17747,17747,743958,0
2008,381,1,392,"H3","610442",5,365,103,71029,0
2008,381,2,392,"H3","610442",5,24345,9033,1810581,0
2008,381,2,752,"H3","600642",8,2769,2769,105627,0
2008,381,1,752,"H3","61",1,,,6948625,0
2008,381,2,392,"H3","610443",5,12616,4818,590958,0
2008,381,2,752,"H3","61",1,,,74882633,0
2008,381,2,392,"H3","590800",8,1106,1106,32512,0
2008,381,2,392,"H3","610444",5,26346,9044,1748567,0
2008,381,2,752,"H3","590800",8,867,867,6056,0
2008,381,1,392,"H3","581099",8,154,154,22800,0
2008,381,1,392,"H3","610449",5,2,4,1944,0
2008,381,2,392,"H3","610449",5,6238,2039,603615,0
2008,381,1,752,"H3","610449",5,572,266,36471,4
2008,381,2,752,"H3","610449",5,1434,1022,170567,4
2008,381,1,392,"H3","610451",5,81,21,12279,0
2008,381,2,392,"H3","610451",5,1285,477,117289,0
2008,381,1,752,"H3","610451",5,325,1496,79817,4
2008,381,2,752,"H3","610451",5,750,490,105135,4
2008,381,1,392,"H3","610452",5,140,50,15841,0
2008,381,2,392,"H3","610452",5,2086,546,90907,0
2008,381,2,392,"H3","581099",8,2419,2419,432335,0
2008,381,2,752,"H3","581099",8,1,1,100,0
2008,381,2,392,"H3","610453",5,1951,508,69936,0
2008,381,1,752,"H3","610453",5,4,4,150,4
2008,381,2,752,"H3","610453",5,2326,413,40640,4
2008,381,2,392,"H3","610459",5,5097,1471,303136,0
2008,381,1,752,"H3","610459",5,122,44,2429,4
2008,381,2,752,"H3","610459",5,870,290,62747,4
2008,381,1,392,"H3","610461",5,57,12,10423,0
2008,381,2,392,"H3","610461",5,567,232,106474,0
2008,381,2,752,"H3","610461",5,246,96,26620,4
2008,381,1,392,"H3","610462",5,805,275,75447,0
2008,381,1,752,"H3","590390",8,2625,2625,16576,6
2008,381,2,752,"H3","590390",8,44446,44446,497488,6
2008,381,2,392,"H3","590490",2,1068,2150,19079,0
2008,381,1,392,"H3","610463",5,77,14,4954,0
2008,381,2,392,"H3","610463",5,25668,4773,742706,0
2008,381,1,392,"H3","6102",5,699,208,149489,0
2008,381,2,392,"H3","6102",5,14558,8899,1979549,0
2008,381,2,392,"H3","610469",5,10936,3087,827025,0
2008,381,1,752,"H3","610469",5,46,112,2875,4
2008,381,2,752,"H3","610469",5,1615,353,39079,4
2008,381,1,392,"H3","6105",5,732,113,35471,0
2008,381,2,392,"H3","6105",5,50923,13456,2219343,0
2008,381,2,752,"H3","610310",5,1036,1015,60534,4
2008,381,1,752,"H3","591190",8,1609,1609,46171,0
2008,381,2,752,"H3","591190",8,29605,29605,1893801,0
2008,381,1,752,"H3","60",1,,,65370,0
2008,381,2,752,"H3","60",1,,,2469762,0
2008,381,1,752,"H3","610431",5,222,294,20295,4
2008,381,2,752,"H3","610431",5,781,358,102426,4
2008,381,1,392,"H3","590691",8,4209,4209,214498,0
2008,381,2,392,"H3","590691",8,260,260,5821,0
2008,381,1,392,"H3","610590",5,19,8,3619,0
2008,381,2,392,"H3","610590",5,9120,2110,562658,0
2008,381,1,752,"H3","590691",8,1552,1552,28793,0
2008,381,2,752,"H3","590691",8,3,3,63,0
2008,381,2,392,"H3","600340",8,33,33,2886,0
2008,381,1,392,"H3","600523",8,100,100,8068,0
2008,381,1,752,"H3","610443",5,613,482,20427,4
2008,381,2,752,"H3","610443",5,8546,2545,308956,4
2008,381,1,752,"H3","610510",5,36210,8218,184957,4
2008,381,2,752,"H3","610510",5,57608,15888,1531798,4
2008,381,2,392,"H3","610520",5,1884,424,104630,0
2008,381,1,752,"H3","610520",5,3723,703,14235,4
2008,381,2,752,"H3","610520",5,1319,414,26221,4
2008,381,1,752,"H3","610452",5,28,86,2116,4
2008,381,2,752,"H3","610452",5,1978,1467,64531,4
2008,381,1,392,"H3","600621",8,243,243,24977,0
2008,381,1,392,"H3","610620",5,130,23,17981,0
2008,381,2,392,"H3","610620",5,734,199,114778,0
2008,381,1,752,"H3","610590",5,4,5,270,4
2008,381,2,752,"H3","610590",5,155,72,6804,4
2008,381,1,392,"H3","6106",5,715,159,92321,0
2008,381,1,752,"H3","610210",5,7,30,1430,4
2008,381,2,752,"H3","610210",5,1517,662,134220,4
2008,381,1,392,"H3","610510",5,713,105,31852,0
2008,381,1,392,"H3","610711",5,186,5,2634,0
2008,381,2,392,"H3","610711",5,60006,6595,703104,0
2008,381,1,752,"H3","610711",5,5328,1711,34725,4
2008,381,2,752,"H3","610711",5,59026,32113,525921,4
2008,381,2,392,"H3","610712",5,269,81,12562,0
2008,381,2,392,"H3","610510",5,39919,10922,1552055,0
2008,381,1,752,"H3","6104",5,6653,9274,346197,4
2008,381,2,392,"H3","610719",5,822,60,27535,0
2008,381,1,752,"H3","610719",5,94,111,1054,4
2008,381,2,752,"H3","610719",5,597,154,2926,4
2008,381,2,392,"H3","610721",5,1291,473,68207,0
2008,381,1,752,"H3","610721",5,9,44,518,4
2008,381,2,752,"H3","610721",5,273,281,3541,4
2008,381,2,392,"H3","610722",5,1078,241,44520,0
2008,381,2,752,"H3","610722",5,22,11,297,4
2008,381,2,752,"H3","6104",5,140105,38915,3700375,4
2008,381,2,392,"H3","6106",5,35039,8375,1583974,0
2008,381,2,392,"H3","610791",5,413,149,26153,0
2008,381,1,752,"H3","610791",5,28,108,1057,4
2008,381,2,752,"H3","610791",5,278,290,5059,4
2008,381,1,392,"H3","610799",5,96,33,5157,0
2008,381,2,392,"H3","610799",5,2961,820,100761,0
2008,381,1,752,"H3","610799",5,28,11,148,4
2008,381,1,392,"H3","6108",5,286,36,30379,0
2008,381,2,392,"H3","6108",5,58634,6568,1025771,0
2008,381,1,392,"H3","610423",5,10,8,3236,0
2008,381,2,392,"H3","610423",5,218,37,10758,0
2008,381,1,392,"H3","610811",5,62,5,3677,0
2008,381,2,392,"H3","610811",5,10754,727,55532,0
2008,381,2,752,"H3","610811",5,682,134,12443,4
2008,381,1,392,"H3","610819",5,103,13,19185,0
2008,381,2,392,"H3","610819",5,8755,488,101196,0
2008,381,1,752,"H3","610819",5,51,68,2195,4
2008,381,2,752,"H3","610819",5,24,16,708,4
2008,381,2,392,"H3","610821",5,10097,816,123501,0
2008,381,1,752,"H3","610821",5,709,174,4148,4
2008,381,2,752,"H3","610821",5,32013,5482,108067,4
2008,381,1,392,"H3","610822",5,48,5,1549,0
2008,381,2,392,"H3","610822",5,9265,581,161868,0
2008,381,1,752,"H3","610822",5,505,192,11147,4
2008,381,2,752,"H3","610822",5,154168,10213,530345,4
2008,381,2,392,"H3","610829",5,2058,95,12079,0
2008,381,1,752,"H3","610829",5,17,13,395,4
2008,381,2,752,"H3","610829",5,8020,790,31810,4
2008,381,2,392,"H3","610831",5,2125,699,51779,0
2008,381,2,752,"H3","610831",5,627,256,6726,4
2008,381,2,392,"H3","610832",5,1014,281,33895,0
2008,381,2,752,"H3","610832",5,42,31,1608,4
2008,381,2,752,"H3","610423",5,427,82,5554,4
2008,381,2,392,"H3","600534",8,4917,4917,437457,0
2008,381,2,752,"H3","600534",8,19,19,348,0
2008,381,1,392,"H3","6107",5,282,38,7791,0
2008,381,2,392,"H3","610891",5,338,178,38157,0
2008,381,2,752,"H3","610891",5,70,30,982,4
2008,381,2,392,"H3","610892",5,180,87,7240,0
2008,381,2,752,"H3","610892",5,16,21,816,4
2008,381,2,392,"H3","610899",5,3239,477,97756,0
2008,381,1,752,"H3","610899",5,7,3,170,4
2008,381,2,752,"H3","610899",5,111,29,1404,4
2008,381,2,392,"H3","6107",5,66864,8431,985661,0
2008,381,1,752,"H3","6107",5,7675,3593,67420,4
2008,381,2,752,"H3","6107",5,71650,35306,629876,4
2008,381,2,392,"H3","600533",8,146,146,12336,0
2008,381,1,752,"H3","600533",8,10,10,122,0
2008,381,2,392,"H3","600544",8,192,192,27637,0
2008,381,1,752,"H3","610620",5,683,235,9839,4
2008,381,2,752,"H3","610620",5,5407,6502,261995,4
2008,381,1,392,"H3","610690",5,265,83,18292,0
2008,381,1,752,"H3","600631",8,276,276,19608,0
2008,381,2,752,"H3","600631",8,660,660,9816,0
2008,381,2,392,"H3","610690",5,4314,1293,625564,0
2008,381,2,752,"H3","600641",8,1,1,29,0
2008,381,1,752,"H3","590320",8,27544,27544,269361,6
2008,381,2,752,"H3","590320",8,37137,37137,736422,6
2008,381,2,752,"H3","610190",5,269,395,72581,4
2008,381,1,752,"H3","6102",5,1917,7118,200894,4
2008,381,1,752,"H3","610690",5,231,225,16065,4
2008,381,2,752,"H3","610690",5,1161,543,81297,4
2008,381,2,392,"H3","5907",8,22186,22186,234976,0
2008,381,1,392,"H3","611012",5,705,235,172870,0
2008,381,2,392,"H3","611012",5,26227,8741,6452298,0
2008,381,1,752,"H3","5907",8,5,5,41,6
2008,381,2,752,"H3","5907",8,80,80,1176,6
2008,381,1,392,"H3","611019",5,800,209,140802,0
2008,381,2,392,"H3","611019",5,12323,4576,1161050,0
2008,381,1,752,"H3","611019",5,645,999,33398,4
2008,381,2,752,"H3","611019",5,6410,1730,343266,4
2008,381,2,392,"H3","5908",8,1106,1106,32512,0
2008,381,2,752,"H3","5908",8,867,867,6056,0
2008,381,2,752,"H3","6102",5,3868,2931,281605,4
2008,381,2,752,"H3","610230",5,1711,904,71193,4
2008,381,1,392,"H3","611030",5,2261,680,369324,0
2008,381,2,392,"H3","611030",5,247850,64492,13029373,0
2008,381,2,392,"H3","591120",8,52,52,9696,0
2008,381,1,752,"H3","591131",8,111,111,8664,6
2008,381,2,752,"H3","591131",8,2736,2736,308183,6
2008,381,1,752,"H3","610712",5,2188,1607,29917,4
2008,381,2,752,"H3","610712",5,11392,2235,88945,4
2008,381,1,752,"H3","610342",5,1809,1643,31965,4
2008,381,2,752,"H3","610342",5,3415,1838,79685,4
2008,381,1,752,"H3","610343",5,4785,5257,66630,4
2008,381,2,752,"H3","610343",5,7508,5865,203687,4
2008,381,2,392,"H3","611120",8,2570,2570,338354,0
2008,381,1,392,"H3","600122",8,4063,4063,128235,0
2008,381,2,392,"H3","600122",8,1724,1724,43140,0
2008,381,2,752,"H3","600122",8,83,83,2384,0
2008,381,1,392,"H3","610419",5,378,86,56691,0
2008,381,2,392,"H3","610419",5,1862,981,321761,0
2008,381,2,392,"H3","611190",8,23799,23799,5181672,0
2008,381,1,752,"H3","610419",5,134,357,14445,4
2008,381,1,392,"H3","600310",8,105,105,17247,0
2008,381,1,392,"H3","6112",1,,31,6739,0
2008,381,2,392,"H3","6112",1,,8040,869886,0
2008,381,2,392,"H3","600310",8,76,76,5545,0
2008,381,1,392,"H3","600320",8,82,82,6126,0
2008,381,2,392,"H3","611211",5,2176,467,48382,0
2008,381,1,752,"H3","611211",5,131,252,3578,4
2008,381,2,752,"H3","611211",5,3287,2669,113692,4
2008,381,1,392,"H3","611212",5,262,25,2916,0
2008,381,2,392,"H3","611212",5,4874,2162,135671,0
2008,381,1,752,"H3","611212",5,3,8,87,4
2008,381,2,752,"H3","611212",5,3054,2912,82080,4
2008,381,1,392,"H3","611219",5,3,5,1506,0
2008,381,2,392,"H3","611219",5,5753,4086,374648,0
2008,381,2,752,"H3","611219",5,436,1911,85131,4
2008,381,2,752,"H3","611220",1,,352,36729,0
2008,381,2,752,"H3","600320",8,64,64,2775,0
2008,381,2,392,"H3","600390",8,9,9,2279,0
2008,381,2,752,"H3","600390",8,211,211,12700,0
2008,381,2,752,"H3","600490",8,310,310,11534,0
2008,381,1,752,"H3","610441",5,39,62,4649,4
2008,381,1,392,"H3","611241",5,23,1,2317,0
2008,381,2,392,"H3","611241",5,10525,490,160501,0
2008,381,2,752,"H3","610441",5,5333,1797,402938,4
2008,381,1,752,"H3","610442",5,1534,1670,54276,4
2008,381,2,752,"H3","610442",5,14712,7329,662247,4
2008,381,1,392,"H3","611011",5,3695,1106,578297,0
2008,381,2,392,"H3","611011",5,244627,77490,18451629,0
2008,381,1,392,"H3","6113",8,855,855,103913,0
2008,381,2,392,"H3","6113",8,207836,207836,62489938,0
2008,381,1,752,"H3","6113",8,1909,1909,90223,0
2008,381,2,752,"H3","6113",8,1432,1432,46432,0
2008,381,1,392,"H3","611300",8,855,855,103913,0
2008,381,2,392,"H3","611300",8,207836,207836,62489938,0
2008,381,1,752,"H3","611300",8,1909,1909,90223,0
2008,381,2,752,"H3","611300",8,1432,1432,46432,0
2008,381,1,392,"H3","6114",8,449,449,102565,0
2008,381,2,392,"H3","6114",8,127725,127725,33339777,0
2008,381,1,752,"H3","611011",5,4243,6388,293250,4
2008,381,2,752,"H3","611011",5,206460,56654,7213794,4
2008,381,1,392,"H3","611420",8,65,65,18360,0
2008,381,2,392,"H3","611420",8,52189,52189,10690593,0
2008,381,1,752,"H3","611012",5,2464,3242,446952,4
2008,381,2,752,"H3","611012",5,7634,2192,983563,4
2008,381,1,392,"H3","611020",5,6763,1479,651446,0
2008,381,2,392,"H3","611020",5,449736,131111,19598555,0
2008,381,1,752,"H3","611020",5,74982,52109,1436586,4
2008,381,1,752,"H3","610444",5,117,121,6685,4
2008,381,1,392,"H3","611490",8,270,270,68166,0
2008,381,2,392,"H3","611490",8,58150,58150,19488936,0
2008,381,2,752,"H3","610444",5,25280,4355,875120,4
2008,381,2,752,"H3","611020",5,192677,54769,5849040,4
2008,381,1,392,"H3","6115",8,2080,2080,293140,0
2008,381,2,392,"H3","6115",8,82753,82753,7060748,6
2008,381,1,752,"H3","611030",5,24302,19145,475739,4
2008,381,2,752,"H3","611030",5,70212,23499,2064323,4
2008,381,1,392,"H3","611510",8,78,78,15723,0
2008,381,2,392,"H3","611510",8,32667,32667,3003448,0
2008,381,1,752,"H3","611510",8,37,37,781,0
2008,381,2,752,"H3","611510",8,24391,24391,932458,6
2008,381,1,392,"H3","611090",5,434,125,56349,0
2008,381,2,392,"H3","611090",5,61986,24573,6399384,0
2008,381,1,752,"H3","611090",5,545,510,50637,4
2008,381,2,392,"H3","611522",8,10287,10287,688627,0
2008,381,1,752,"H3","611522",8,6,6,194,6
2008,381,2,752,"H3","611522",8,67405,67405,2843919,6
2008,381,2,752,"H3","611090",5,22199,6533,931733,4
2008,381,1,752,"H3","6111",8,1016,1016,70180,0
2008,381,2,752,"H3","6111",8,3612,3612,217691,6
2008,381,1,392,"H3","611530",8,12,12,4505,0
2008,381,2,392,"H3","611530",8,5237,5237,506718,0
2008,381,1,752,"H3","611120",8,793,793,58026,0
2008,381,2,752,"H3","611120",8,3126,3126,182386,6
2008,381,1,392,"H3","611594",8,34,34,6957,0
2008,381,2,392,"H3","611594",8,410,410,71262,0
2008,381,1,752,"H3","611594",8,159,159,1981,6
2008,381,2,752,"H3","611594",8,26134,26134,1128296,6
2008,381,1,392,"H3","611595",8,1297,1297,135086,0
2008,381,2,392,"H3","611595",8,4078,4078,452388,0
2008,381,2,392,"H3","6006",8,84523,84523,4681808,0
2008,381,1,752,"H3","6006",8,1140,1140,50784,0
2008,381,1,392,"H3","611596",8,447,447,30527,0
2008,381,2,392,"H3","611596",8,7110,7110,590710,6
2008,381,2,752,"H3","6006",8,25261,25261,675337,0
2008,381,2,752,"H3","610610",5,17279,15703,568759,4
2008,381,1,392,"H3","611599",8,201,201,93406,0
2008,381,2,392,"H3","611599",8,2778,2778,150926,0
2008,381,1,752,"H3","611241",5,798,780,36368,4
2008,381,2,752,"H3","611241",5,27420,3939,372855,4
2008,381,1,392,"H3","6116",8,2863,2863,125924,0
2008,381,2,392,"H3","6116",8,2716,2716,951768,6
2008,381,2,752,"H3","6106",5,23847,22748,912051,4
2008,381,1,752,"H3","6115",8,1237,1237,16803,6
2008,381,1,392,"H3","611610",8,2691,2691,71265,0
2008,381,2,392,"H3","611610",8,381,381,199294,0
2008,381,1,752,"H3","611610",8,1546,1546,15050,6
2008,381,2,752,"H3","611610",8,1124,1124,39941,6
2008,381,1,392,"H3","611691",8,68,68,32631,0
2008,381,2,392,"H3","611691",8,998,998,398372,0
2008,381,1,752,"H3","611691",8,122,122,5581,6
2008,381,2,752,"H3","611691",8,199,199,32759,6
2008,381,2,392,"H3","611692",8,135,135,31841,6
2008,381,2,752,"H3","611692",8,214,214,3234,6
2008,381,1,392,"H3","611693",8,81,81,6475,0
2008,381,2,392,"H3","611693",8,523,523,114348,0
2008,381,1,752,"H3","611693",8,4937,4937,82847,6
2008,381,2,752,"H3","611693",8,232,232,23074,6
2008,381,1,392,"H3","611699",8,23,23,15552,0
2008,381,2,392,"H3","611699",8,679,679,207912,0
2008,381,1,752,"H3","611699",8,809,809,12454,6
2008,381,2,752,"H3","611699",8,119,119,9762,6
2008,381,1,752,"H3","610230",5,1831,6848,190410,4
2008,381,2,752,"H3","6115",8,1122350,1122350,36362610,6
2008,381,2,392,"H3","610322",5,308,144,35704,0
2008,381,1,752,"H3","610322",5,54,27,418,4
2008,381,1,392,"H3","611710",5,25621,381,121710,2
2008,381,2,392,"H3","611710",5,1493282,29862,4010437,2
2008,381,2,752,"H3","610322",5,449,227,5789,4
2008,381,1,752,"H3","610610",5,11783,2834,86362,4
2008,381,1,392,"H3","611780",8,102,102,37976,0
2008,381,2,392,"H3","611780",8,4586,4586,1147609,0
2008,381,1,752,"H3","611780",8,64,64,2828,0
2008,381,2,752,"H3","611780",8,1690,1690,172604,0
2008,381,1,752,"H3","611190",8,8,8,339,0
2008,381,2,752,"H3","611190",8,354,354,24927,6
2008,381,1,752,"H3","6112",1,,1170,43206,4
2008,381,1,392,"H3","62",1,,,12711633,0
2008,381,2,392,"H3","62",1,,,706298481,0
2008,381,2,752,"H3","6112",1,,13979,839574,4
2008,381,1,752,"H3","6108",5,1313,504,19596,4
2008,381,1,392,"H3","6201",5,1319,809,390710,0
2008,381,2,392,"H3","6201",5,104341,82317,20636441,0
2008,381,2,752,"H3","6108",5,195789,,695262,0
2008,381,1,752,"H3","6106",5,12697,3294,112266,4
2008,381,1,392,"H3","620111",5,398,211,174413,0
2008,381,2,392,"H3","620111",5,11336,6287,2386471,0
2008,381,1,392,"H3","6006",8,41558,41558,1654513,0
2008,381,1,392,"H3","590290",8,68770,68770,1050622,0
2008,381,1,392,"H3","620112",5,359,180,45579,0
2008,381,2,392,"H3","620112",5,7160,5262,1203932,0
2008,381,1,752,"H3","620112",5,112,176,6038,4
2008,381,2,752,"H3","620112",5,10551,8499,1456489,4
2008,381,1,392,"H3","620113",5,86,74,22164,0
2008,381,2,392,"H3","620113",5,13705,9777,2440114,0
2008,381,1,752,"H3","620113",5,2169,9789,218737,4
2008,381,2,752,"H3","620113",5,7461,9590,1361055,4
2008,381,1,392,"H3","620119",5,47,43,30238,0
2008,381,2,392,"H3","620119",5,1122,711,234118,0
2008,381,1,752,"H3","620119",5,370,479,15350,4
2008,381,2,752,"H3","620119",5,485,434,118499,4
2008,381,1,392,"H3","620191",5,45,22,17026,0
2008,381,2,392,"H3","620191",5,3280,3141,585410,0
2008,381,2,392,"H3","590290",8,3,3,2378,6
2008,381,1,392,"H3","620192",5,150,81,42272,0
2008,381,2,392,"H3","620192",5,3459,2742,770011,0
2008,381,1,752,"H3","590290",8,639,639,4229,6
2008,381,1,752,"H3","6116",8,7414,7414,115932,6
2008,381,1,392,"H3","620193",5,226,189,54860,0
2008,381,2,392,"H3","620193",5,58975,48953,12268283,0
2008,381,1,752,"H3","610462",5,365,993,18389,4
2008,381,2,752,"H3","610462",5,9460,3401,136188,4
2008,381,1,392,"H3","620199",5,8,9,4157,0
2008,381,2,392,"H3","620199",5,5304,5444,748101,0
2008,381,1,752,"H3","610463",5,1278,825,20459,4
2008,381,2,752,"H3","6116",8,1888,1888,108770,6
2008,381,2,752,"H3","610463",5,62696,12476,495211,4
2008,381,1,752,"H3","611710",5,2142,155,10175,2
2008,381,2,752,"H3","611710",5,282082,9648,757573,2
2008,381,2,392,"H3","611790",8,890,890,455267,0
2008,381,1,392,"H3","620211",5,407,246,192619,0
2008,381,2,392,"H3","620211",5,11161,11422,3690709,0
2008,381,1,752,"H3","611530",8,41,41,793,6
2008,381,2,752,"H3","611530",8,138581,138581,4224228,6
2008,381,2,392,"H3","610729",5,24,12,2819,0
2008,381,2,752,"H3","610729",5,62,223,3186,4
2008,381,1,752,"H3","611790",8,5,5,79,0
2008,381,2,752,"H3","611790",8,305,305,21323,0
2008,381,1,392,"H3","620213",5,412,215,134214,0
2008,381,2,392,"H3","620213",5,16397,11204,3312968,0
2008,381,2,752,"H3","610419",5,97,96,7823,4
2008,381,1,392,"H3","610422",5,33,10,6462,0
2008,381,1,392,"H3","620219",5,9,8,6365,0
2008,381,2,392,"H3","620219",5,2535,1782,876412,0
2008,381,1,752,"H3","620219",5,27,25,2395,4
2008,381,2,752,"H3","620219",5,1231,627,194715,4
2008,381,1,392,"H3","620291",5,328,96,88933,0
2008,381,2,392,"H3","620291",5,1593,1168,532860,0
2008,381,2,392,"H3","610422",5,19623,4116,371672,0
2008,381,1,752,"H3","610422",5,65,135,2401,4
2008,381,1,392,"H3","620292",5,144,88,41402,0
2008,381,2,392,"H3","620292",5,5810,3998,695353,0
2008,381,2,752,"H3","610422",5,1261,579,25466,4
2008,381,2,752,"H3","611595",8,77578,77578,1289521,6
2008,381,1,392,"H3","620293",5,164,62,57575,0
2008,381,2,392,"H3","620293",5,34701,32875,8464566,0
2008,381,1,752,"H3","611596",8,36,36,579,6
2008,381,2,752,"H3","611596",8,56905,56905,1777242,6
2008,381,1,392,"H3","620299",5,146,57,51940,0
2008,381,2,392,"H3","620299",5,4567,3284,1540665,0
2008,381,1,752,"H3","620299",5,630,614,28124,4
2008,381,2,752,"H3","620299",5,329,270,44582,4
2008,381,1,752,"H3","611599",8,87,87,894,6
2008,381,1,752,"H3","620192",5,1886,2826,79618,4
2008,381,2,752,"H3","620192",5,7350,6896,514548,4
2008,381,2,752,"H3","611599",8,6998,6998,261618,6
2008,381,1,392,"H3","620311",5,315,357,76697,0
2008,381,2,392,"H3","620311",5,44541,38822,12555735,0
2008,381,1,752,"H3","620311",5,429,4061,265943,4
2008,381,2,752,"H3","620311",5,7800,11151,2974439,4
2008,381,1,392,"H3","620312",5,26,33,7797,0
2008,381,2,392,"H3","620312",5,3344,2233,523614,0
2008,381,1,752,"H3","620312",5,4,82,1890,4
2008,381,2,752,"H3","620312",5,858,1113,83199,4
2008,381,1,752,"H3","620199",5,273,1026,43613,4
2008,381,2,752,"H3","620199",5,868,813,91598,4
2008,381,1,392,"H3","6117",1,,483,159686,0
2008,381,2,392,"H3","6117",1,,35338,5613312,0
2008,381,1,392,"H3","591132",8,195,195,13184,0
2008,381,2,392,"H3","591132",8,515,515,88536,0
2008,381,1,752,"H3","591132",8,6561,6561,568428,0
2008,381,2,752,"H3","591132",8,6480,6480,548829,0
2008,381,2,392,"H3","620323",5,2887,1324,236487,0
2008,381,1,752,"H3","620323",5,60,48,737,4
2008,381,2,752,"H3","620323",5,2083,3800,141194,4
2008,381,1,392,"H3","620329",5,240,284,85070,0
2008,381,2,392,"H3","620329",5,174842,51023,13681288,0
2008,381,1,752,"H3","620329",5,1300,2732,80356,4
2008,381,2,752,"H3","620329",5,87,47,9372,4
2008,381,1,392,"H3","620331",5,796,382,298233,0
2008,381,2,392,"H3","620331",5,25620,17251,5427028,0
2008,381,1,752,"H3","620331",5,948,4197,403632,4
2008,381,2,752,"H3","620331",5,4604,4116,1421499,4
2008,381,1,392,"H3","620332",5,890,414,191701,0
2008,381,2,392,"H3","620332",5,10146,7913,2607653,0
2008,381,1,752,"H3","6202",5,7295,20455,737206,4
2008,381,2,752,"H3","6202",5,50835,48260,7903791,4
2008,381,1,392,"H3","620333",5,141,104,28580,0
2008,381,2,392,"H3","620333",5,3957,2996,1068938,0
2008,381,1,752,"H3","620211",5,607,3021,141907,4
2008,381,2,752,"H3","620211",5,9632,8828,1712190,4
2008,381,1,392,"H3","620339",5,217,102,71136,0
2008,381,2,392,"H3","620339",5,6391,4944,1658551,0
2008,381,1,752,"H3","611595",8,784,784,10213,6
2008,381,1,752,"H3","620111",5,1463,10483,446289,4
2008,381,1,392,"H3","620341",5,823,275,148276,0
2008,381,2,392,"H3","620341",5,42540,24070,4284100,0
2008,381,2,752,"H3","620111",5,2807,3604,804074,4
2008,381,1,752,"H3","620293",5,4021,10120,326542,4
2008,381,1,392,"H3","620342",5,57828,31068,3184113,0
2008,381,2,392,"H3","620342",5,376787,238551,32937774,0
2008,381,2,752,"H3","620293",5,17577,19598,2522322,4
2008,381,1,752,"H3","6203",5,108666,193603,4783867,4
2008,381,2,752,"H3","6203",5,1289301,828206,50369356,4
2008,381,1,392,"H3","620319",5,985,732,280827,0
2008,381,2,392,"H3","620319",5,36350,18555,5567867,0
2008,381,1,752,"H3","620319",5,680,1258,39926,4
2008,381,1,392,"H3","6202",5,1743,852,620459,0
2008,381,2,392,"H3","6202",5,85377,71552,20840782,0
2008,381,2,752,"H3","620319",5,3057,3282,666534,4
2008,381,1,752,"H3","620332",5,889,1837,49374,4
2008,381,1,392,"H3","6204",5,29947,10604,4094978,0
2008,381,2,392,"H3","6204",5,2447064,973303,270380737,0
2008,381,2,752,"H3","620332",5,4257,4916,567622,4
2008,381,1,392,"H3","620212",5,133,80,47411,0
2008,381,2,392,"H3","620212",5,8613,5819,1727250,0
2008,381,1,752,"H3","620212",5,347,5018,192758,4
2008,381,2,752,"H3","620212",5,8737,7012,1227595,4
2008,381,1,752,"H3","620292",5,1168,617,17683,4
2008,381,1,392,"H3","620412",5,206,70,15113,0
2008,381,2,392,"H3","620412",5,7494,2820,1139833,0
2008,381,2,752,"H3","620292",5,3139,1714,364444,4
2008,381,1,752,"H3","620343",5,30814,42417,822412,4
2008,381,1,392,"H3","620413",5,11,3,2812,0
2008,381,2,392,"H3","620413",5,22962,7556,2048759,0
2008,381,2,752,"H3","620343",5,27325,18797,604742,4
2008,381,1,392,"H3","620419",5,2508,778,335258,0
2008,381,2,392,"H3","620419",5,653573,273294,67942436,0
2008,381,1,392,"H3","610839",5,73,13,5969,0
2008,381,2,392,"H3","610839",5,10809,2139,342768,0
2008,381,1,392,"H3","620421",5,49,18,9522,0
2008,381,2,392,"H3","620421",5,13263,5218,2796751,0
2008,381,2,752,"H3","620421",5,43,30,12835,4
2008,381,1,392,"H3","620422",5,2172,723,182151,0
2008,381,2,392,"H3","620422",5,127499,52067,20247499,0
2008,381,1,752,"H3","620341",5,1516,5416,284527,4
2008,381,1,752,"H3","610839",5,24,53,1540,4
2008,381,2,752,"H3","610839",5,16,,354,0
2008,381,2,752,"H3","620341",5,4972,4855,491351,4
2008,381,2,752,"H3","620413",5,166,169,30126,4
2008,381,1,752,"H3","620349",5,59,121,3898,4
2008,381,2,752,"H3","620349",5,6428,5470,447522,4
2008,381,1,392,"H3","620322",5,455,334,60995,0
2008,381,1,392,"H3","620431",5,1743,517,527276,0
2008,381,2,392,"H3","620431",5,13695,8572,3409073,0
2008,381,1,752,"H3","620431",5,496,2459,218533,4
2008,381,2,752,"H3","620431",5,3123,2097,675415,4
2008,381,2,392,"H3","620322",5,26915,18740,5970619,0
2008,381,1,752,"H3","620322",5,9,29,480,4
2008,381,2,752,"H3","620322",5,20,3,439,4
2008,381,1,752,"H3","620419",5,206,133,12723,4
2008,381,1,392,"H3","620433",5,871,689,128365,0
2008,381,2,392,"H3","620433",5,8220,4949,1004149,0
2008,381,1,752,"H3","620433",5,188,241,8905,4
2008,381,2,752,"H3","620433",5,4120,2031,327200,4
2008,381,2,752,"H3","620411",5,404,307,95651,4
2008,381,2,752,"H3","620419",5,797,425,123803,4
2008,381,2,752,"H3","610910",5,335103,104639,6169722,4
2008,381,2,752,"H3","620439",5,2571,1139,324196,4
2008,381,1,392,"H3","620441",5,190,68,53014,0
2008,381,2,392,"H3","620441",5,20296,6491,2308806,0
2008,381,2,752,"H3","620191",5,349,282,56050,4
2008,381,1,392,"H3","620343",5,30,20,19082,0
2008,381,2,392,"H3","620343",5,9498,3841,713133,0
2008,381,1,392,"H3","6110",5,14658,3834,1969088,0
2008,381,2,392,"H3","620429",5,684259,229451,66001289,0
2008,381,2,392,"H3","6110",5,1042749,310983,65092290,0
2008,381,1,752,"H3","6110",5,107181,82393,2736562,4
2008,381,2,752,"H3","6110",5,505592,145378,17385719,4
2008,381,1,392,"H3","620349",5,530,139,88944,0
2008,381,2,392,"H3","620349",5,18616,8959,2357080,0
2008,381,1,392,"H3","620444",5,473,154,157456,0
2008,381,2,392,"H3","620444",5,12358,8903,3557120,0
2008,381,1,752,"H3","620429",5,1850,1562,153901,4
2008,381,1,752,"H3","6105",5,39937,8925,199462,4
2008,381,1,392,"H3","620449",5,366,112,111134,0
2008,381,2,392,"H3","620449",5,30572,14238,7376023,0
2008,381,1,752,"H3","6114",8,524,524,33286,0
2008,381,2,752,"H3","6114",8,10097,10097,615947,0
2008,381,1,392,"H3","620451",5,1181,302,244369,0
2008,381,2,392,"H3","620451",5,7167,3594,1798248,0
2008,381,1,752,"H3","611420",8,385,385,22659,0
2008,381,1,392,"H3","6109",5,12178,2288,717754,0
2008,381,2,392,"H3","6109",5,672002,104922,19858445,0
2008,381,2,752,"H3","611420",8,1850,1850,236012,0
2008,381,1,752,"H3","611430",8,118,118,8475,0
2008,381,2,752,"H3","611430",8,6798,6798,318508,0
2008,381,1,752,"H3","611490",8,21,21,2153,0
2008,381,2,752,"H3","611490",8,1449,1449,61427,0
2008,381,2,752,"H3","620429",5,5581,2746,586109,4
2008,381,1,752,"H3","6109",5,182095,100184,2279042,4
2008,381,2,752,"H3","6109",5,472145,143718,8562156,4
2008,381,1,392,"H3","620432",5,920,280,244817,0
2008,381,1,752,"H3","6117",1,,224,13083,0
2008,381,2,752,"H3","6105",5,59082,16375,1564822,4
2008,381,1,392,"H3","620461",5,3330,407,260328,0
2008,381,2,392,"H3","620461",5,15507,6599,1712133,0
2008,381,2,392,"H3","620432",5,24449,16370,4101512,0
2008,381,1,752,"H3","620432",5,1106,1313,61137,4
2008,381,2,752,"H3","620432",5,4843,2759,563971,4
2008,381,1,752,"H3","6204",5,205103,172863,6237777,4
2008,381,2,752,"H3","6117",1,,11643,951499,0
2008,381,2,752,"H3","6204",5,742516,323448,37020790,4
2008,381,1,392,"H3","620411",5,41,17,9286,0
2008,381,2,392,"H3","620411",5,8734,5093,2133246,0
2008,381,1,752,"H3","620411",5,33,20,1853,4
2008,381,1,392,"H3","600240",8,2038,2038,94730,0
2008,381,1,392,"H3","620469",5,639,207,111503,0
2008,381,2,392,"H3","620469",5,378516,140021,46641226,0
2008,381,2,392,"H3","600240",8,8448,8448,162383,0
2008,381,2,752,"H3","600240",8,2163,2163,51057,0
2008,381,1,392,"H3","6205",5,3536,1198,392611,0
2008,381,2,392,"H3","6205",5,242165,70226,15922154,0
2008,381,1,752,"H3","620412",5,731,695,30475,4
2008,381,2,752,"H3","620412",5,2336,657,144068,4
2008,381,1,392,"H3","620520",5,3293,1086,344433,0
2008,381,2,392,"H3","620520",5,204583,60914,13829427,0
2008,381,1,752,"H3","620439",5,257,547,40761,4
2008,381,2,752,"H3","620422",5,1079,397,84005,4
2008,381,1,392,"H3","620530",5,106,31,17852,0
2008,381,2,392,"H3","620530",5,3415,1335,279787,0
2008,381,2,392,"H3","620423",5,20935,9277,1862916,0
2008,381,1,392,"H3","610910",5,10625,1950,592451,0
2008,381,1,392,"H3","620590",5,137,81,30326,0
2008,381,2,392,"H3","620590",5,34167,7977,1812940,0
2008,381,2,392,"H3","610910",5,442310,72380,14307797,0
2008,381,1,752,"H3","620423",5,452,160,9698,4
2008,381,2,752,"H3","620423",5,189,260,25456,4
2008,381,1,752,"H3","610910",5,148044,87984,1853803,4
2008,381,1,392,"H3","620429",5,6272,1901,484127,0
2008,381,1,752,"H3","620441",5,37,38,4891,4
2008,381,1,392,"H3","620610",5,258,83,66690,0
2008,381,2,392,"H3","620610",5,18133,6095,3358078,0
2008,381,1,392,"H3","610990",5,1553,338,125303,0
2008,381,2,392,"H3","610990",5,229692,32542,5550648,0
2008,381,1,392,"H3","620620",5,22,17,8751,0
2008,381,2,392,"H3","620620",5,919,321,101272,0
2008,381,1,752,"H3","610990",5,34051,12200,425238,4
2008,381,2,752,"H3","610990",5,137042,39079,2392434,4
2008,381,1,392,"H3","620630",5,1845,501,226475,0
2008,381,2,392,"H3","620630",5,138515,30313,8380818,0
2008,381,2,752,"H3","620441",5,2499,917,380255,4
2008,381,1,752,"H3","620193",5,16148,22075,576326,4
2008,381,2,752,"H3","620193",5,25736,27492,3022865,4
2008,381,1,752,"H3","620452",5,1210,1095,39234,4
2008,381,2,752,"H3","620452",5,25008,5602,1113292,4
2008,381,1,752,"H3","620453",5,409,183,6603,4
2008,381,1,392,"H3","620690",5,200,47,8001,0
2008,381,2,392,"H3","620690",5,109214,19058,3606291,0
2008,381,1,752,"H3","620690",5,209,307,15405,4
2008,381,2,752,"H3","620690",5,2930,891,153564,4
2008,381,1,392,"H3","6207",1,,46,2572,0
2008,381,2,752,"H3","620453",5,4412,1703,198250,4
2008,381,1,752,"H3","62",1,,,17453863,0
2008,381,2,752,"H3","62",1,,,124552494,0
2008,381,2,392,"H3","620711",5,5447,636,99735,0
2008,381,1,752,"H3","620711",5,274,341,3039,4
2008,381,2,752,"H3","620711",5,2598,483,38734,4
2008,381,2,392,"H3","620719",5,14727,580,147839,0
2008,381,1,752,"H3","6201",5,22421,46854,1385971,4
2008,381,2,752,"H3","6201",5,55607,57609,7425179,4
2008,381,2,392,"H3","620721",5,628,238,32917,0
2008,381,1,752,"H3","620721",5,8,33,524,4
2008,381,2,752,"H3","620721",5,1424,1041,60999,4
2008,381,2,392,"H3","620722",5,149,60,11351,0
2008,381,2,392,"H3","620729",5,324,135,16914,0
2008,381,2,392,"H3","610462",5,7394,1542,214047,0
2008,381,1,392,"H3","620791",8,46,46,2572,0
2008,381,2,392,"H3","620791",8,739,739,115251,0
2008,381,1,752,"H3","620791",8,18,18,463,0
2008,381,2,752,"H3","620791",8,365,365,21525,0
2008,381,2,392,"H3","620799",8,2450,2450,38678,0
2008,381,2,752,"H3","620799",8,22,22,4534,0
2008,381,1,392,"H3","6208",1,,67,6419,0
2008,381,2,392,"H3","6208",1,,4894,531182,0
2008,381,1,392,"H3","610610",5,320,53,56048,0
2008,381,2,392,"H3","6207",1,,4838,462685,0
2008,381,1,752,"H3","6207",1,,394,4064,4
2008,381,1,752,"H3","620333",5,2948,7446,180128,4
2008,381,2,392,"H3","610610",5,29991,6883,843632,0
2008,381,2,392,"H3","620819",5,72,9,3530,0
2008,381,1,752,"H3","620819",5,109,16,2009,4
2008,381,2,752,"H3","620819",5,556,33,6890,4
2008,381,1,392,"H3","620821",5,15,9,1551,0
2008,381,2,392,"H3","620821",5,3200,748,103210,0
2008,381,1,752,"H3","620821",5,75,186,2210,4
2008,381,2,752,"H3","620821",5,4,4,294,4
2008,381,2,392,"H3","620822",5,264,57,2431,0
2008,381,1,752,"H3","620822",5,1,1,16,4
2008,381,2,392,"H3","620829",5,1406,316,28439,0
2008,381,2,752,"H3","620829",5,246,436,21004,4
2008,381,1,392,"H3","620891",8,55,55,2824,0
2008,381,2,392,"H3","620891",8,857,857,26824,0
2008,381,1,752,"H3","620891",8,216,216,11498,0
2008,381,2,752,"H3","620891",8,2045,2045,78123,0
2008,381,2,392,"H3","620892",8,222,222,33905,0
2008,381,2,752,"H3","620892",8,119,119,13187,0
2008,381,2,392,"H3","620899",8,1870,1870,167180,0
2008,381,2,752,"H3","620333",5,1612,848,157886,4
2008,381,2,752,"H3","6207",1,,1932,127421,4
2008,381,1,392,"H3","611430",8,114,114,16040,0
2008,381,2,392,"H3","611430",8,17386,17386,3160248,0
2008,381,1,752,"H3","620339",5,78,99,6488,4
2008,381,1,392,"H3","620920",8,154,154,32824,0
2008,381,2,392,"H3","620920",8,1214,1214,263399,0
2008,381,2,752,"H3","620339",5,4924,1978,485497,4
2008,381,1,752,"H3","620342",5,68932,123861,2644075,4
2008,381,2,392,"H3","620930",8,828,828,67790,0
2008,381,1,752,"H3","620930",8,91,91,3919,0
2008,381,2,752,"H3","620930",8,303,303,30338,0
2008,381,1,392,"H3","620990",8,29,29,9730,0
2008,381,2,392,"H3","620990",8,1240,1240,340988,0
2008,381,2,752,"H3","620342",5,1221274,767830,42318060,4
2008,381,1,752,"H3","620469",5,94,198,8068,4
2008,381,2,752,"H3","620469",5,26926,5367,1079155,4
2008,381,1,392,"H3","620453",5,100,37,22116,0
2008,381,2,392,"H3","620453",5,7525,2268,513410,0
2008,381,1,752,"H3","620610",5,160,116,16380,4
2008,381,1,392,"H3","621010",8,23,23,20553,0
2008,381,2,392,"H3","621010",8,53109,53109,12985393,0
2008,381,2,752,"H3","620610",5,6701,1246,606897,4
2008,381,1,752,"H3","620990",8,44,44,3116,0
2008,381,1,392,"H3","621020",5,903,417,242492,0
2008,381,2,392,"H3","621020",5,6557,3037,1060691,0
2008,381,2,752,"H3","620990",8,61,61,4644,0
2008,381,1,392,"H3","6203",5,63276,34244,4541450,0
2008,381,1,752,"H3","620620",5,10,9,784,4
2008,381,2,752,"H3","620620",5,271,151,34707,4
2008,381,1,752,"H3","620630",5,4334,3775,177058,4
2008,381,2,392,"H3","6203",5,782434,439222,89589866,0
2008,381,2,752,"H3","620630",5,60323,15121,2861596,4
2008,381,1,392,"H3","620442",5,625,172,146297,0
2008,381,2,392,"H3","620442",5,58815,23846,6659284,0
2008,381,1,752,"H3","620442",5,2518,6584,375158,4
2008,381,2,752,"H3","620442",5,22546,7522,1751521,4
2008,381,1,392,"H3","620640",5,170,37,44694,0
2008,381,2,392,"H3","620640",5,7913,2032,421160,0
2008,381,1,392,"H3","620439",5,390,141,158127,0
2008,381,2,392,"H3","611249",5,3750,479,67681,0
2008,381,1,752,"H3","611249",5,24,70,1738,4
2008,381,2,752,"H3","611249",5,166,49,7053,4
2008,381,1,752,"H3","620640",5,787,626,23899,4
2008,381,2,752,"H3","620640",5,4838,4792,263742,4
2008,381,1,752,"H3","6210",1,,51943,1692210,4
2008,381,2,752,"H3","6210",1,,16624,1093265,4
2008,381,1,392,"H3","620459",5,768,247,172505,0
2008,381,2,392,"H3","620459",5,27320,12612,3987191,0
2008,381,1,752,"H3","620459",5,101,206,12705,4
2008,381,2,752,"H3","620459",5,7640,2242,496115,4
2008,381,1,752,"H3","620461",5,2865,5551,332263,4
2008,381,1,392,"H3","621120",5,33,18,6591,0
2008,381,2,392,"H3","621120",5,3235,2297,143906,0
2008,381,2,752,"H3","620461",5,3137,1839,447717,4
2008,381,1,392,"H3","620462",5,6337,3539,579874,0
2008,381,1,392,"H3","621132",8,522,522,40046,0
2008,381,2,392,"H3","621132",8,6896,6896,1284047,0
2008,381,1,752,"H3","621132",8,18112,18112,402828,6
2008,381,2,752,"H3","621132",8,2968,2968,144753,6
2008,381,2,392,"H3","620462",5,233050,113009,15899503,0
2008,381,1,752,"H3","620462",5,183024,143155,4599492,4
2008,381,2,752,"H3","620462",5,587634,266135,25159024,4
2008,381,1,392,"H3","620463",5,87,23,24563,0
2008,381,1,392,"H3","621139",8,143,143,175585,0
2008,381,2,392,"H3","621139",8,27730,27730,6574956,0
2008,381,2,392,"H3","611529",8,4507,4507,476403,0
2008,381,1,392,"H3","621141",8,92,92,103972,0
2008,381,2,392,"H3","621141",8,1204,1204,321405,0
2008,381,1,752,"H3","621141",8,10,10,1595,0
2008,381,2,752,"H3","621141",8,69,69,9351,0
2008,381,1,392,"H3","621142",8,276,276,75231,0
2008,381,2,392,"H3","621142",8,13032,13032,3762483,0
2008,381,1,752,"H3","611529",8,86,86,1368,6
2008,381,2,392,"H3","6111",8,26608,26608,5587960,0
2008,381,2,752,"H3","611529",8,165130,165130,5365780,6
2008,381,2,392,"H3","620463",5,14088,5704,805756,0
2008,381,2,392,"H3","611130",8,239,239,67935,0
2008,381,1,752,"H3","611130",8,215,215,11815,0
2008,381,2,752,"H3","600129",8,3384,3384,64453,0
2008,381,1,752,"H3","620463",5,8440,7677,225661,4
2008,381,2,752,"H3","620463",5,5629,7943,301189,4
2008,381,2,752,"H3","611130",8,132,132,10377,6
2008,381,2,392,"H3","620439",5,18363,8479,2503015,0
2008,381,1,752,"H3","620213",5,487,1027,27332,4
2008,381,1,392,"H3","6210",1,,7701,853943,0
2008,381,2,392,"H3","6210",1,,464375,91439410,0
2008,381,1,752,"H3","6205",5,18750,17645,377491,4
2008,381,2,752,"H3","620213",5,9259,9337,1700172,4
2008,381,1,752,"H3","620291",5,8,14,465,4
2008,381,2,752,"H3","620291",5,931,874,137772,4
2008,381,2,752,"H3","6205",5,124041,55902,5716908,4
2008,381,2,392,"H3","611231",5,2823,356,83003,0
2008,381,2,392,"H3","621230",8,20,20,2935,0
2008,381,1,752,"H3","611231",5,30,10,314,4
2008,381,2,752,"H3","611231",5,10896,2114,139284,4
2008,381,1,752,"H3","620520",5,12243,9305,265708,4
2008,381,2,752,"H3","620520",5,115899,52222,5361700,4
2008,381,2,392,"H3","6213",8,424,424,263770,0
2008,381,1,392,"H3","6206",5,2495,685,354610,0
2008,381,2,392,"H3","621320",8,161,161,59480,0
2008,381,2,752,"H3","621320",8,109,109,15770,6
2008,381,2,392,"H3","621390",8,263,263,204290,0
2008,381,2,752,"H3","621390",8,1441,1441,156157,6
2008,381,2,392,"H3","6206",5,274694,57819,15867621,0
2008,381,1,752,"H3","6206",5,5500,4832,233527,4
2008,381,2,752,"H3","6206",5,75063,22200,3920506,4
2008,381,1,392,"H3","620443",5,98,33,26244,0
2008,381,1,392,"H3","621410",5,3353,496,223676,0
2008,381,2,392,"H3","621410",5,126259,12145,4765022,0
2008,381,1,752,"H3","621410",5,261,40,5254,4
2008,381,2,752,"H3","621410",5,33301,2169,749222,4
2008,381,1,392,"H3","621420",5,3294,601,273131,0
2008,381,2,392,"H3","621420",5,358907,50924,9833047,0
2008,381,1,752,"H3","621420",5,572,762,59993,4
2008,381,2,752,"H3","621420",5,37735,3857,866565,4
2008,381,1,392,"H3","621430",5,95,22,13022,0
2008,381,2,392,"H3","621430",5,72303,7608,914809,0
2008,381,2,392,"H3","620443",5,14132,4944,1678247,0
2008,381,1,752,"H3","6211",1,,36775,1020255,4
2008,381,1,392,"H3","621440",5,1303,148,17815,0
2008,381,2,392,"H3","621440",5,89820,8142,1288100,0
2008,381,1,752,"H3","621440",5,409,436,6976,4
2008,381,2,752,"H3","621440",5,16013,1702,147910,4
2008,381,2,752,"H3","6211",1,,29229,1929677,4
2008,381,1,752,"H3","620451",5,323,215,14802,4
2008,381,2,752,"H3","620451",5,4149,1049,294861,4
2008,381,1,392,"H3","620452",5,570,166,88722,0
2008,381,1,392,"H3","6215",8,234,234,96078,0
2008,381,2,392,"H3","6215",8,133709,133709,44735061,0
2008,381,2,392,"H3","620452",5,24272,7928,2253310,0
2008,381,1,752,"H3","6209",8,770,770,51241,0
2008,381,1,392,"H3","621510",8,231,231,93056,0
2008,381,2,392,"H3","621510",8,123985,123985,42094240,0
2008,381,2,752,"H3","6209",8,3694,3694,175628,0
2008,381,1,392,"H3","621112",5,80,17,5908,0
2008,381,2,392,"H3","621520",8,953,953,365273,0
2008,381,1,752,"H3","621520",8,274,274,3506,6
2008,381,2,752,"H3","621520",8,1527,1527,136119,6
2008,381,2,392,"H3","621112",5,6502,619,115655,0
2008,381,1,752,"H3","621112",5,128,53,2320,4
2008,381,2,752,"H3","621112",5,1359,466,71757,4
2008,381,1,392,"H3","6209",8,183,183,42554,0
2008,381,1,392,"H3","6216",8,8,8,3939,0
2008,381,2,392,"H3","6216",8,526,526,224665,6
2008,381,1,752,"H3","6216",8,1771,1771,38888,6
2008,381,2,752,"H3","6216",8,4809,4809,180908,6
2008,381,1,392,"H3","621600",8,8,8,3939,0
2008,381,2,392,"H3","621600",8,526,526,224665,6
2008,381,1,752,"H3","621600",8,1771,1771,38888,6
2008,381,2,752,"H3","621600",8,4809,4809,180908,6
2008,381,1,392,"H3","6217",8,1506,1506,200982,0
2008,381,2,392,"H3","6217",8,35050,35050,9520494,0
2008,381,1,392,"H3","621149",8,86,86,71806,0
2008,381,2,392,"H3","621149",8,304019,304019,81938868,0
2008,381,1,392,"H3","6212",8,33,33,18849,0
2008,381,2,392,"H3","6212",8,5387,5387,1180676,0
2008,381,1,392,"H3","621210",8,18,18,10620,0
2008,381,2,392,"H3","621210",8,2357,2357,668592,0
2008,381,1,752,"H3","621210",8,113,113,6640,6
2008,381,2,752,"H3","621210",8,6338,6338,531657,6
2008,381,2,392,"H3","6209",8,3282,3282,672176,0
2008,381,1,752,"H3","620719",5,68,2,38,4
2008,381,1,392,"H3","621290",8,15,15,8228,0
2008,381,2,392,"H3","621290",8,1226,1226,341936,0
2008,381,2,752,"H3","620719",5,11,3,380,4
2008,381,1,752,"H3","621290",8,515,515,22662,0
2008,381,2,392,"H3","6301",1,,11496,656232,0
2008,381,1,752,"H3","620530",5,5869,7930,97894,4
2008,381,2,752,"H3","620530",5,1214,1665,49715,4
2008,381,2,392,"H3","630110",5,190,238,3925,0
2008,381,2,752,"H3","630110",5,4,3,69,4
2008,381,1,752,"H3","621430",5,46,139,1280,4
2008,381,2,752,"H3","621430",5,135337,9875,715521,4
2008,381,1,392,"H3","6211",1,,1577,543594,0
2008,381,2,392,"H3","630130",8,9,9,2105,0
2008,381,1,752,"H3","630130",8,257,257,2904,6
2008,381,2,752,"H3","630130",8,57,57,2828,6
2008,381,2,392,"H3","630140",8,246,246,6780,0
2008,381,2,392,"H3","6211",1,,388781,101474116,0
2008,381,1,392,"H3","611521",8,11,11,6936,0
2008,381,2,392,"H3","611521",8,15679,15679,1120266,0
2008,381,2,752,"H3","611521",8,559227,559227,18539548,6
2008,381,1,392,"H3","6302",8,146,146,24673,0
2008,381,2,392,"H3","6302",8,149804,149804,4563305,0
2008,381,1,392,"H3","621133",8,318,318,40365,0
2008,381,2,392,"H3","621133",8,19791,19791,4574229,0
2008,381,2,392,"H3","630210",8,2226,2226,206446,0
2008,381,1,752,"H3","630210",8,3923,3923,33103,0
2008,381,1,752,"H3","611239",5,31,49,1120,4
2008,381,2,752,"H3","611239",5,143,34,2750,4
2008,381,1,752,"H3","630120",8,49,49,860,6
2008,381,1,752,"H3","630222",8,740,740,12293,0
2008,381,2,752,"H3","630120",8,50621,50621,1181443,6
2008,381,1,392,"H3","620811",5,33,3,2045,0
2008,381,2,392,"H3","620811",5,1982,815,165662,0
2008,381,2,392,"H3","630190",8,7615,7615,250445,0
2008,381,2,392,"H3","630231",8,8751,8751,545203,0
2008,381,2,752,"H3","630190",8,910,910,8391,6
2008,381,2,752,"H3","620811",5,402,64,10620,4
2008,381,2,392,"H3","630232",8,3455,3455,95818,0
2008,381,2,392,"H3","630239",8,123480,123480,2866311,0
2008,381,2,752,"H3","630239",8,14084,14084,271471,0
2008,381,2,392,"H3","630240",8,222,222,46451,0
2008,381,1,392,"H3","630251",8,55,55,4819,0
2008,381,2,392,"H3","630251",8,713,713,49596,0
2008,381,1,752,"H3","63",1,,,3837661,0
2008,381,2,752,"H3","63",1,,,4490832,0
2008,381,1,752,"H3","6301",1,,5133,26773,4
2008,381,2,752,"H3","6301",1,,51707,1194320,4
2008,381,2,392,"H3","630120",8,3388,3388,392977,0
2008,381,2,392,"H3","630259",8,392,392,21302,0
2008,381,1,752,"H3","630259",8,26,26,1824,0
2008,381,2,752,"H3","630259",8,1986,1986,25968,0
2008,381,1,752,"H3","621010",8,260,260,38734,0
2008,381,2,392,"H3","630260",8,4195,4195,239187,0
2008,381,2,752,"H3","621010",8,4871,4871,66128,0
2008,381,1,752,"H3","6208",1,,419,15733,4
2008,381,1,752,"H3","620443",5,117,148,8835,4
2008,381,1,752,"H3","630140",8,4827,4827,23008,6
2008,381,2,752,"H3","620443",5,8326,3025,705641,4
2008,381,2,752,"H3","630140",8,116,116,1589,6
2008,381,1,752,"H3","620444",5,95,206,12412,4
2008,381,2,752,"H3","6208",1,,2738,137073,4
2008,381,2,392,"H3","630299",8,1151,1151,106813,0
2008,381,1,752,"H3","630299",8,875,875,17702,0
2008,381,2,752,"H3","630299",8,38,38,672,0
2008,381,1,392,"H3","6303",8,539,539,15888,0
2008,381,2,392,"H3","6303",8,12824,12824,442007,0
2008,381,1,752,"H3","6303",8,4414,4414,31147,6
2008,381,2,752,"H3","620444",5,8245,3474,722505,4
2008,381,1,752,"H3","620449",5,551,476,59667,4
2008,381,2,752,"H3","620449",5,11113,3613,1378432,4
2008,381,2,392,"H3","630391",8,46,46,1904,0
2008,381,2,752,"H3","630391",8,15,15,637,6
2008,381,1,752,"H3","621120",5,83,96,2393,4
2008,381,1,752,"H3","630231",8,1508,1508,44070,0
2008,381,2,752,"H3","630231",8,9993,9993,375614,0
2008,381,1,752,"H3","6302",8,29378,29378,442645,0
2008,381,2,752,"H3","621120",5,793,2622,205637,4
2008,381,2,752,"H3","6302",8,58369,58369,1659843,0
2008,381,2,392,"H3","630221",8,3130,3130,140338,0
2008,381,1,752,"H3","621133",8,809,809,20810,6
2008,381,2,752,"H3","621133",8,10221,10221,636227,6
2008,381,2,752,"H3","621139",8,1658,1658,67131,0
2008,381,1,752,"H3","621142",8,13873,13873,470983,0
2008,381,2,752,"H3","621142",8,2667,2667,214190,6
2008,381,1,392,"H3","630419",8,542,542,6895,0
2008,381,2,392,"H3","630419",8,13970,13970,333541,0
2008,381,1,752,"H3","630419",8,3025,3025,16330,6
2008,381,2,752,"H3","630419",8,3016,3016,47511,6
2008,381,1,392,"H3","630491",8,10,10,3251,0
2008,381,2,752,"H3","630491",8,1201,1201,18162,0
2008,381,1,752,"H3","630251",8,7096,7096,193881,0
2008,381,2,752,"H3","620899",8,37,37,6955,0
2008,381,1,752,"H3","6217",8,1055,1055,49411,0
2008,381,1,752,"H3","620920",8,635,635,44206,0
2008,381,2,392,"H3","630493",8,296,296,10540,0
2008,381,1,752,"H3","630493",8,38,38,728,0
2008,381,2,752,"H3","630493",8,527,527,7514,0
2008,381,2,392,"H3","630499",8,1839,1839,138961,0
2008,381,1,752,"H3","630499",8,1047,1047,41153,0
2008,381,2,752,"H3","630499",8,1491,1491,57818,0
2008,381,2,752,"H3","620920",8,3330,3330,140647,0
2008,381,2,752,"H3","6217",8,34218,34218,491600,0
2008,381,1,392,"H3","621710",8,516,516,112638,0
2008,381,1,752,"H3","621149",8,168,168,9780,0
2008,381,2,752,"H3","621149",8,1259,1259,107448,0
2008,381,2,392,"H3","621710",8,31191,31191,8108088,0
2008,381,1,752,"H3","621710",8,1051,1051,49054,0
2008,381,1,752,"H3","6212",8,628,628,29301,6
2008,381,2,752,"H3","6212",8,7181,7181,634878,6
2008,381,1,392,"H3","630532",8,390,390,7048,0
2008,381,2,392,"H3","630532",8,3,3,1483,0
2008,381,1,752,"H3","630532",8,80,80,1075,0
2008,381,2,752,"H3","630532",8,2,2,10,0
2008,381,1,752,"H3","630533",8,9146,9146,72375,0
2008,381,2,752,"H3","630533",8,8300,8300,93002,0
2008,381,1,392,"H3","630539",8,1999,1999,53280,0
2008,381,2,392,"H3","630539",8,319,319,6879,0
2008,381,1,752,"H3","630539",8,15,15,160,0
2008,381,2,752,"H3","630539",8,244,244,5548,0
2008,381,2,392,"H3","630590",8,15,15,1749,0
2008,381,2,752,"H3","630590",8,16,16,364,0
2008,381,2,752,"H3","621710",8,5083,5083,362304,0
2008,381,2,392,"H3","621220",8,1784,1784,167212,0
2008,381,2,752,"H3","621220",8,260,260,8445,6
2008,381,2,752,"H3","630251",8,8207,8207,204170,0
2008,381,2,392,"H3","630612",8,2088,2088,46077,0
2008,381,2,752,"H3","630612",8,5036,5036,131808,0
2008,381,1,752,"H3","630619",8,3185,3185,15474,0
2008,381,2,752,"H3","630619",8,755,755,8436,0
2008,381,2,752,"H3","630622",8,7525,7525,139045,0
2008,381,2,392,"H3","630629",8,12381,12381,320691,0
2008,381,2,752,"H3","630629",8,3131,3131,42411,0
2008,381,1,752,"H3","630221",8,1396,1396,23857,0
2008,381,2,752,"H3","621290",8,583,583,94776,0
2008,381,2,752,"H3","620729",5,10,17,1248,4
2008,381,2,752,"H3","630221",8,14771,14771,550546,0
2008,381,1,752,"H3","630691",8,590,590,5612,0
2008,381,2,752,"H3","630691",8,195,195,2252,0
2008,381,1,392,"H3","630699",8,335,335,12526,0
2008,381,2,392,"H3","630699",8,11223,11223,140722,0
2008,381,1,752,"H3","630699",8,6,6,107,0
2008,381,2,752,"H3","630699",8,5850,5850,241236,0
2008,381,1,392,"H3","6307",8,5365,5365,250173,0
2008,381,2,392,"H3","6307",8,4953,4953,191485,0
2008,381,1,392,"H3","630260",8,45,45,8033,0
2008,381,1,752,"H3","620590",5,638,409,13889,4
2008,381,1,392,"H3","630710",8,1393,1393,73622,0
2008,381,2,392,"H3","630710",8,3566,3566,80045,0
2008,381,2,752,"H3","620590",5,6928,2014,305494,4
2008,381,1,752,"H3","6214",5,1375,1424,74755,4
2008,381,1,392,"H3","630720",8,50,50,1603,0
2008,381,2,392,"H3","630720",8,11,11,2795,0
2008,381,1,752,"H3","630720",8,104,104,5900,0
2008,381,2,752,"H3","630720",8,113,113,8884,0
2008,381,1,392,"H3","630790",8,3922,3922,174948,0
2008,381,2,392,"H3","630790",8,1376,1376,108644,0
2008,381,2,752,"H3","6214",5,244790,20538,2822969,4
2008,381,1,752,"H3","630260",8,10871,10871,87076,0
2008,381,1,392,"H3","6308",8,71,71,5039,0
2008,381,2,392,"H3","6308",8,654,654,150393,0
2008,381,1,752,"H3","6308",8,222,222,13692,0
2008,381,2,752,"H3","6308",8,974,974,11003,0
2008,381,1,392,"H3","630800",8,71,71,5039,0
2008,381,2,392,"H3","630800",8,654,654,150393,0
2008,381,1,752,"H3","630800",8,222,222,13692,0
2008,381,2,752,"H3","630800",8,974,974,11003,0
2008,381,1,392,"H3","6309",8,13,13,2728,0
2008,381,2,392,"H3","6309",8,21990,21990,62573,0
2008,381,2,752,"H3","630260",8,7783,7783,187171,0
2008,381,1,392,"H3","630900",8,13,13,2728,0
2008,381,2,392,"H3","630900",8,21990,21990,62573,0
2008,381,1,752,"H3","621020",5,10170,37340,395240,4
2008,381,1,392,"H3","6310",8,171,171,11316,0
2008,381,2,392,"H3","6310",8,483,483,58631,0
2008,381,2,752,"H3","621020",5,11,25,4281,4
2008,381,1,752,"H3","621030",5,191,2128,33015,4
2008,381,2,752,"H3","621030",5,31,20,4537,4
2008,381,2,752,"H3","631090",8,3047,3047,2102,0
2008,381,1,392,"H3","64",1,,,2546774,0
2008,381,2,392,"H3","64",1,,,245817114,0
2008,381,1,752,"H3","621040",8,10054,10054,872868,0
2008,381,2,752,"H3","621040",8,9187,9187,945503,0
2008,381,1,392,"H3","6401",6,99,132,13248,0
2008,381,2,392,"H3","6401",6,21095,20229,1704952,0
2008,381,1,752,"H3","621050",8,2161,2161,352353,0
2008,381,2,752,"H3","621050",8,2521,2521,72816,0
2008,381,2,392,"H3","640110",6,1024,1185,107129,0
2008,381,1,752,"H3","640110",6,1294,11847,39781,4
2008,381,2,752,"H3","640110",6,11279,13796,212437,4
2008,381,1,392,"H3","640192",6,85,114,11288,0
2008,381,2,392,"H3","640192",6,5676,7896,188810,0
2008,381,2,752,"H3","6303",8,521,521,26002,6
2008,381,1,752,"H3","6215",8,1547,1547,75346,6
2008,381,1,392,"H3","640199",6,14,18,1960,0
2008,381,2,392,"H3","640199",6,14395,11148,1409014,0
2008,381,1,752,"H3","640199",6,226,2400,10199,4
2008,381,2,752,"H3","640199",6,10211,7898,75439,4
2008,381,1,392,"H3","6402",6,2792,864,124647,0
2008,381,2,392,"H3","6402",6,318411,436547,18904849,0
2008,381,2,752,"H3","6215",8,12179,12179,3226681,6
2008,381,1,752,"H3","621510",8,1266,1266,71653,6
2008,381,2,752,"H3","621510",8,10088,10088,2990162,6
2008,381,1,392,"H3","630492",8,627,627,4023,0
2008,381,2,392,"H3","630492",8,255,255,27809,0
2008,381,1,752,"H3","630492",8,673,673,11669,0
2008,381,2,752,"H3","630492",8,1558,1558,30486,0
2008,381,1,392,"H3","631010",8,171,171,11316,0
2008,381,2,392,"H3","631010",8,483,483,58631,0
2008,381,1,752,"H3","64",1,,,1989553,0
2008,381,2,752,"H3","64",1,,,75540033,0
2008,381,1,392,"H3","640291",6,221,158,45225,0
2008,381,2,392,"H3","640291",6,39284,43025,2617478,0
2008,381,1,752,"H3","6401",6,3534,20776,81985,4
2008,381,2,752,"H3","6401",6,50794,83049,584200,4
2008,381,2,752,"H3","6309",8,389,389,722,0
2008,381,2,392,"H3","640299",6,163919,112072,8021450,0
2008,381,1,392,"H3","640220",6,1900,487,12263,0
2008,381,2,392,"H3","640220",6,13070,7466,396822,0
2008,381,2,752,"H3","640220",6,4306,562,20678,4
2008,381,1,752,"H3","640291",6,1586,2675,34724,4
2008,381,2,752,"H3","640291",6,12481,30681,617800,4
2008,381,1,392,"H3","640299",6,287,109,36525,0
2008,381,2,392,"H3","640312",6,13862,7622,900507,0
2008,381,2,752,"H3","640312",6,542,848,61552,4
2008,381,1,392,"H3","640319",6,506,267,34542,0
2008,381,2,392,"H3","640319",6,64912,68042,5749470,0
2008,381,1,392,"H3","630392",8,525,525,14408,0
2008,381,1,752,"H3","6402",6,3711,13089,141701,4
2008,381,2,392,"H3","640320",6,14898,11906,1469899,0
2008,381,2,752,"H3","6402",6,254041,269356,7056545,4
2008,381,2,392,"H3","640212",6,55803,244213,6737931,0
2008,381,2,392,"H3","640340",6,10378,9380,544575,0
2008,381,2,752,"H3","640212",6,44261,178886,4516643,4
2008,381,2,392,"H3","630392",8,4948,4948,249032,0
2008,381,1,392,"H3","640351",6,1710,1954,302508,0
2008,381,2,392,"H3","640351",6,123601,125624,14215309,0
2008,381,1,752,"H3","630392",8,2383,2383,18546,6
2008,381,2,752,"H3","630392",8,486,486,24722,6
2008,381,1,392,"H3","6304",8,1179,1179,14169,0
2008,381,2,392,"H3","6304",8,16955,16955,565348,0
2008,381,1,752,"H3","6304",8,4783,4783,69881,6
2008,381,2,752,"H3","6304",8,7793,7793,161491,6
2008,381,1,392,"H3","640219",6,384,110,30633,0
2008,381,2,392,"H3","640219",6,46335,29771,1131168,0
2008,381,1,752,"H3","640219",6,248,976,12034,4
2008,381,2,752,"H3","640219",6,4271,9195,343726,4
2008,381,1,392,"H3","640399",6,7104,6687,816101,0
2008,381,2,392,"H3","640399",6,671423,648968,58647834,0
2008,381,1,392,"H3","6305",8,2389,2389,60328,0
2008,381,2,392,"H3","6305",8,3455,3455,86752,0
2008,381,1,752,"H3","6305",8,9302,9302,73795,0
2008,381,2,752,"H3","6305",8,10214,10214,111147,0
2008,381,1,752,"H3","630510",8,24,24,48,0
2008,381,2,752,"H3","630510",8,1077,1077,3066,0
2008,381,1,392,"H3","640411",6,2493,2057,176180,0
2008,381,2,392,"H3","630520",8,3118,3118,76642,0
2008,381,1,752,"H3","630520",8,37,37,137,0
2008,381,2,752,"H3","630520",8,575,575,9157,0
2008,381,1,752,"H3","640299",6,1877,9438,94943,4
2008,381,2,752,"H3","630900",8,389,389,722,0
2008,381,2,752,"H3","640299",6,188722,50032,1557699,4
2008,381,2,392,"H3","640419",6,34011,22600,1439213,0
2008,381,1,392,"H3","640420",6,462,380,124839,0
2008,381,2,392,"H3","640420",6,9270,6590,1609871,0
2008,381,1,392,"H3","630291",8,26,26,7704,0
2008,381,2,752,"H3","6310",8,3047,3047,2102,0
2008,381,1,392,"H3","621030",5,114,69,13630,0
2008,381,2,392,"H3","621030",5,73022,50109,8681332,0
2008,381,1,392,"H3","6403",6,15235,12994,1903156,0
2008,381,2,392,"H3","6403",6,2049049,1924370,208324402,0
2008,381,2,392,"H3","640510",6,9932,7953,1021716,0
2008,381,1,392,"H3","621040",8,4415,4415,443294,0
2008,381,2,392,"H3","621040",8,45314,45314,10448645,0
2008,381,1,752,"H3","6403",6,10910,46926,1415902,4
2008,381,2,752,"H3","6403",6,1280084,1144553,59505525,4
2008,381,1,392,"H3","621050",8,2777,2777,133973,0
2008,381,2,392,"H3","621050",8,312806,312806,58263349,0
2008,381,1,392,"H3","630229",8,20,20,4117,0
2008,381,1,752,"H3","640319",6,39,175,3879,4
2008,381,2,392,"H3","630229",8,1370,1370,82168,0
2008,381,2,392,"H3","630291",8,316,316,25184,0
2008,381,1,752,"H3","640192",6,2014,6528,32006,4
2008,381,1,752,"H3","630291",8,1617,1617,10874,0
2008,381,2,752,"H3","630291",8,1217,1217,35141,0
2008,381,2,392,"H3","640610",8,7843,7843,180867,0
2008,381,2,752,"H3","640610",8,320,320,24121,0
2008,381,2,392,"H3","640620",8,130668,130668,1955448,0
2008,381,2,752,"H3","640620",8,7345,7345,142552,0
2008,381,2,392,"H3","640691",8,816,816,74652,0
2008,381,2,752,"H3","640691",8,9247,9247,268988,0
2008,381,1,392,"H3","640699",8,108,108,2697,0
2008,381,2,392,"H3","640699",8,78719,78719,1897582,0
2008,381,2,392,"H3","630293",8,203,203,35556,0
2008,381,1,392,"H3","621490",5,223,51,20239,0
2008,381,1,392,"H3","65",1,,,15189834,0
2008,381,2,392,"H3","65",1,,,9177796,0
2008,381,2,752,"H3","630293",8,2,2,46,0
2008,381,2,752,"H3","640192",6,29304,61354,296323,4
2008,381,2,392,"H3","6501",8,404,404,15432,6
2008,381,1,752,"H3","6501",8,1,1,13,6
2008,381,2,752,"H3","6501",8,114,114,7510,6
2008,381,2,392,"H3","650100",8,404,404,15432,6
2008,381,1,752,"H3","650100",8,1,1,13,6
2008,381,2,752,"H3","650100",8,114,114,7510,6
2008,381,2,392,"H3","6502",1,,449,40731,0
2008,381,2,752,"H3","6502",1,,,2232,0
2008,381,2,392,"H3","650200",1,,449,40731,0
2008,381,2,752,"H3","650200",1,,,2232,0
2008,381,2,392,"H3","6504",8,9596,9596,2165156,0
2008,381,1,752,"H3","6504",8,328,328,4220,6
2008,381,2,752,"H3","6504",8,1144,1144,117983,6
2008,381,2,392,"H3","621490",5,388743,27627,5755669,0
2008,381,2,392,"H3","630319",8,1525,1525,75416,0
2008,381,1,752,"H3","630319",8,2031,2031,12601,6
2008,381,1,392,"H3","6505",8,1575,1575,345417,0
2008,381,2,392,"H3","6505",8,18948,18948,4140998,0
2008,381,2,752,"H3","640319",6,69541,54919,3818362,4
2008,381,1,752,"H3","621490",5,87,46,1252,4
2008,381,2,752,"H3","621490",5,22404,2934,343752,4
2008,381,1,752,"H3","640320",6,5,41,1132,4
2008,381,1,392,"H3","650590",8,1575,1575,345417,0
2008,381,2,392,"H3","650590",8,18696,18696,4111269,0
2008,381,2,752,"H3","640320",6,275,691,40840,4
2008,381,1,392,"H3","621111",5,147,24,7607,0
2008,381,1,392,"H3","6506",1,,84459,14442031,0
2008,381,2,392,"H3","6506",1,,24064,2670741,0
2008,381,1,752,"H3","640340",6,296,1877,19981,4
2008,381,2,752,"H3","640340",6,236187,550413,9101641,4
2008,381,2,392,"H3","621111",5,3473,373,113708,0
2008,381,1,752,"H3","621111",5,636,305,8786,4
2008,381,2,752,"H3","621111",5,9813,4788,263738,4
2008,381,1,752,"H3","630229",8,1,1,12,0
2008,381,2,752,"H3","630229",8,136,136,6892,0
2008,381,1,392,"H3","621590",8,3,3,3022,0
2008,381,1,392,"H3","650699",8,25,25,11122,0
2008,381,2,392,"H3","650699",8,5524,5524,947629,0
2008,381,2,392,"H3","621590",8,8771,8771,2275548,0
2008,381,1,752,"H3","621590",8,7,7,186,6
2008,381,1,392,"H3","6507",8,1928,1928,402386,0
2008,381,2,392,"H3","6507",8,1103,1103,144737,0
2008,381,1,752,"H3","6507",8,805,805,41729,0
2008,381,2,752,"H3","6507",8,1853,1853,176729,0
2008,381,1,392,"H3","650700",8,1928,1928,402386,0
2008,381,2,392,"H3","650700",8,1103,1103,144737,0
2008,381,1,752,"H3","650700",8,805,805,41729,0
2008,381,2,752,"H3","650700",8,1853,1853,176729,0
2008,381,1,392,"H3","66",1,,,20740,0
2008,381,2,392,"H3","66",1,,,604075,0
2008,381,1,752,"H3","66",1,,,42039,0
2008,381,2,752,"H3","66",1,,,298702,0
2008,381,1,392,"H3","6601",5,459,150,20740,0
2008,381,2,392,"H3","6601",5,8465,10800,528122,0
2008,381,2,752,"H3","621590",8,564,564,100400,6
2008,381,1,392,"H3","630399",8,14,14,1480,0
2008,381,2,392,"H3","660110",5,140,2798,65768,0
2008,381,1,752,"H3","660110",5,165,6419,19323,4
2008,381,2,752,"H3","660110",5,653,10072,80399,4
2008,381,2,392,"H3","660191",5,2147,866,72764,0
2008,381,1,752,"H3","660191",5,91,620,3006,4
2008,381,2,752,"H3","660191",5,274,90,2356,4
2008,381,1,392,"H3","660199",5,459,150,20740,0
2008,381,2,392,"H3","660199",5,6178,7136,389589,0
2008,381,2,392,"H3","630399",8,6305,6305,115655,0
2008,381,2,752,"H3","630399",8,20,20,643,6
2008,381,2,392,"H3","6602",1,,1545,45848,0
2008,381,2,752,"H3","6602",1,,34,558,0
2008,381,2,392,"H3","660200",5,13207,1545,45848,2
2008,381,2,752,"H3","660200",5,161,34,558,2
2008,381,1,392,"H3","640391",6,397,479,140124,0
2008,381,2,392,"H3","630411",8,595,595,54497,0
2008,381,2,392,"H3","640391",6,107620,158009,12295864,0
2008,381,1,392,"H3","621143",8,81,81,16482,0
2008,381,2,392,"H3","621143",8,12820,12820,2644858,0
2008,381,1,392,"H3","67",1,,,25601,0
2008,381,2,392,"H3","67",1,,,49888,0
2008,381,1,752,"H3","67",1,,,36939,0
2008,381,2,752,"H3","67",1,,,1286799,0
2008,381,2,392,"H3","6701",8,5,5,5371,0
2008,381,2,392,"H3","670100",8,5,5,5371,0
2008,381,2,392,"H3","6702",8,195,195,32093,0
2008,381,1,752,"H3","6702",8,1025,1025,14793,0
2008,381,2,752,"H3","6702",8,2189,2189,40404,0
2008,381,2,392,"H3","670210",8,4,4,3556,0
2008,381,1,752,"H3","670210",8,380,380,5668,0
2008,381,2,752,"H3","670210",8,940,940,15902,0
2008,381,2,392,"H3","670290",8,191,191,28537,0
2008,381,1,752,"H3","670290",8,645,645,9125,0
2008,381,2,752,"H3","670290",8,1249,1249,24501,0
2008,381,2,392,"H3","6703",8,28,28,10642,0
2008,381,2,392,"H3","670300",8,28,28,10642,0
2008,381,1,392,"H3","6704",8,291,291,25601,0
2008,381,2,392,"H3","6704",8,10,10,1782,0
2008,381,1,752,"H3","6704",8,165,165,22146,0
2008,381,2,752,"H3","6704",8,7120,7120,1246395,0
2008,381,1,752,"H3","621143",8,3349,3349,100759,6
2008,381,2,752,"H3","670419",8,3688,3688,1146857,0
2008,381,1,752,"H3","670420",8,118,118,13138,0
2008,381,2,752,"H3","670420",8,25,25,13281,0
2008,381,1,392,"H3","6404",6,5075,4808,495235,0
2008,381,2,752,"H3","621143",8,2511,2511,209445,6
2008,381,2,392,"H3","6404",6,83719,78833,6119766,0
2008,381,1,392,"H3","68",1,,,10754757,0
2008,381,2,392,"H3","68",1,,,16984613,0
2008,381,1,752,"H3","6404",6,7584,19695,290937,4
2008,381,2,752,"H3","6404",6,192953,88643,4294468,4
2008,381,2,392,"H3","6801",8,191800,191800,63040,0
2008,381,2,752,"H3","6801",8,19862,19862,3791,0
2008,381,2,392,"H3","640411",6,40438,49643,3070682,0
2008,381,1,752,"H3","640411",6,4655,16446,248589,4
2008,381,1,392,"H3","6802",8,30485,30485,42557,0
2008,381,2,392,"H3","6802",8,8052427,8052427,10591974,0
2008,381,2,752,"H3","640411",6,97178,19483,1257027,4
2008,381,1,392,"H3","640419",6,2120,2371,194216,0
2008,381,2,392,"H3","680210",8,659948,659948,735529,0
2008,381,1,392,"H3","6306",8,454,454,58498,0
2008,381,2,392,"H3","6306",8,25715,25715,519515,0
2008,381,1,392,"H3","621790",8,990,990,88345,0
2008,381,2,392,"H3","621790",8,3859,3859,1412407,0
2008,381,1,752,"H3","621790",8,4,4,357,0
2008,381,1,752,"H3","6306",8,3812,3812,21321,6
2008,381,1,392,"H3","680229",8,8706,8706,11199,0
2008,381,2,392,"H3","680229",8,132905,132905,97445,0
2008,381,2,752,"H3","680229",8,58408,58408,64689,0
2008,381,1,392,"H3","680291",8,29,29,3176,0
2008,381,2,752,"H3","6306",8,22543,22543,578823,0
2008,381,2,752,"H3","621790",8,29135,29135,129296,0
2008,381,1,392,"H3","680292",8,6000,6000,17521,0
2008,381,2,392,"H3","680292",8,712176,712176,817486,0
2008,381,2,752,"H3","680292",8,88025,88025,166023,0
2008,381,2,392,"H3","680293",8,140765,140765,267153,0
2008,381,1,392,"H3","63",1,,,442814,0
2008,381,1,392,"H3","680299",8,15750,15750,10661,0
2008,381,2,392,"H3","680299",8,590450,590450,659694,0
2008,381,2,392,"H3","63",1,,,7296241,0
2008,381,1,392,"H3","630630",8,119,119,45972,0
2008,381,2,392,"H3","6803",8,152247,152247,125755,0
2008,381,2,752,"H3","6803",8,4210,4210,4413,0
2008,381,2,392,"H3","680300",8,152247,152247,125755,0
2008,381,2,752,"H3","680300",8,4210,4210,4413,0
2008,381,1,392,"H3","6804",8,429794,429794,3862865,0
2008,381,2,392,"H3","6804",8,104776,104776,1291428,0
2008,381,2,392,"H3","630253",8,200,200,102933,0
2008,381,1,752,"H3","630253",8,1325,1325,17954,0
2008,381,1,392,"H3","680410",8,382013,382013,942934,0
2008,381,1,752,"H3","680410",8,170,170,13664,0
2008,381,2,392,"H3","630630",8,23,23,12026,0
2008,381,2,752,"H3","630630",8,51,51,13635,0
2008,381,1,752,"H3","630640",8,31,31,128,6
2008,381,2,752,"H3","6213",8,1550,1550,171927,6
2008,381,2,752,"H3","630253",8,152,152,2152,0
2008,381,1,752,"H3","6307",8,61283,61283,2838068,0
2008,381,2,752,"H3","6307",8,87138,87138,584322,0
2008,381,1,752,"H3","630710",8,19201,19201,723050,0
2008,381,1,392,"H3","680423",8,76,76,17211,0
2008,381,1,752,"H3","680423",8,787,787,13052,0
2008,381,2,752,"H3","680423",8,4,4,22,0
2008,381,1,392,"H3","680430",8,5730,5730,158150,0
2008,381,2,752,"H3","680430",8,2250,2250,7742,0
2008,381,2,752,"H3","630710",8,68765,68765,291491,0
2008,381,1,392,"H3","6214",5,8268,1318,547884,0
2008,381,2,392,"H3","6214",5,1036032,106446,22556646,0
2008,381,1,752,"H3","630790",8,41978,41978,2109118,0
2008,381,1,392,"H3","680510",8,1641,1641,51272,0
2008,381,2,392,"H3","680510",8,5853,5853,317888,0
2008,381,1,752,"H3","680510",8,69144,69144,956795,0
2008,381,2,752,"H3","680510",8,38226,38226,530013,0
2008,381,1,392,"H3","680520",8,1906,1906,50890,0
2008,381,2,752,"H3","630790",8,18260,18260,283946,0
2008,381,1,752,"H3","640420",6,16,27,866,4
2008,381,1,752,"H3","640419",6,2913,3222,41482,4
2008,381,2,752,"H3","640420",6,2563,2047,303059,4
2008,381,2,752,"H3","640419",6,93212,67113,2734382,4
2008,381,1,752,"H3","6405",6,934,2608,26959,4
2008,381,1,392,"H3","6806",8,1289956,1289956,1350363,0
2008,381,2,752,"H3","6405",6,13121,11695,578888,4
2008,381,1,392,"H3","640520",6,60,54,2279,0
2008,381,2,392,"H3","640520",6,11393,12566,811607,0
2008,381,1,392,"H3","680610",8,11,11,32082,0
2008,381,1,752,"H3","680610",8,2887,2887,4666,0
2008,381,2,752,"H3","680610",8,93,93,137,0
2008,381,1,752,"H3","640520",6,338,2049,18750,4
2008,381,2,752,"H3","640520",6,2071,5370,214447,4
2008,381,1,392,"H3","680690",8,1289936,1289936,1316271,0
2008,381,2,392,"H3","680690",8,126671,126671,1088625,0
2008,381,2,752,"H3","680690",8,285357,285357,919115,0
2008,381,2,392,"H3","6807",8,31166,31166,73313,0
2008,381,2,752,"H3","640590",6,8264,3589,198437,4
2008,381,1,392,"H3","6406",8,108,108,2697,0
2008,381,2,392,"H3","6406",8,218046,218046,4108549,0
2008,381,1,752,"H3","6406",8,113,113,2380,0
2008,381,2,752,"H3","6406",8,50981,50981,1275137,6
2008,381,1,392,"H3","6808",8,800,800,6008,0
2008,381,2,392,"H3","6808",8,12000,12000,53729,0
2008,381,1,752,"H3","640699",8,113,113,2380,0
2008,381,2,752,"H3","640699",8,34069,34069,839475,6
2008,381,2,392,"H3","6809",8,223206,223206,1110413,0
2008,381,1,752,"H3","65",1,,,1990014,0
2008,381,2,752,"H3","65",1,,,7129086,0
2008,381,2,392,"H3","680919",8,200450,200450,290904,0
2008,381,1,752,"H3","680919",8,179508,179508,91989,6
2008,381,2,392,"H3","680990",8,22756,22756,819509,0
2008,381,1,752,"H3","680990",8,2021,2021,1145,0
2008,381,2,392,"H3","6810",8,1662027,1662027,1669768,0
2008,381,1,752,"H3","6810",8,246577,246577,229497,0
2008,381,2,752,"H3","6810",8,5376033,5376033,3280073,6
2008,381,2,392,"H3","681011",8,41400,41400,11854,0
2008,381,2,392,"H3","681019",8,1558668,1558668,1514937,0
2008,381,2,752,"H3","681019",8,5164258,5164258,3146180,6
2008,381,1,752,"H3","681091",8,241008,241008,224193,0
2008,381,2,752,"H3","681091",8,13000,13000,6694,0
2008,381,2,392,"H3","681099",8,61959,61959,142977,0
2008,381,1,752,"H3","681099",8,5569,5569,5303,0
2008,381,2,752,"H3","681099",8,198775,198775,127199,0
2008,381,2,392,"H3","650400",8,9596,9596,2165156,0
2008,381,1,752,"H3","650400",8,328,328,4220,6
2008,381,2,752,"H3","650400",8,1144,1144,117983,6
2008,381,1,752,"H3","6505",8,10194,10194,252177,6
2008,381,2,752,"H3","6505",8,12175,12175,981323,6
2008,381,1,752,"H3","650590",8,10194,10194,252177,6
2008,381,2,752,"H3","650590",8,12171,12171,981216,6
2008,381,1,752,"H3","6506",1,,63351,1634488,4
2008,381,2,752,"H3","6506",1,,90854,5774296,4
2008,381,1,392,"H3","650610",5,67596,84434,14430908,0
2008,381,1,392,"H3","681320",8,1375,1375,140634,0
2008,381,2,752,"H3","681320",8,21,21,203,0
2008,381,2,392,"H3","650610",5,22014,17510,1628892,0
2008,381,2,392,"H3","650691",8,1030,1030,94221,0
2008,381,2,752,"H3","650691",8,240,240,7296,6
2008,381,1,752,"H3","640351",6,349,1124,38997,4
2008,381,2,752,"H3","640351",6,49505,37578,4693020,4
2008,381,1,392,"H3","640359",6,5518,3607,609881,0
2008,381,2,392,"H3","640359",6,1042355,894819,114500945,0
2008,381,1,752,"H3","640359",6,6806,39557,1252849,4
2008,381,2,752,"H3","640359",6,128986,74287,9670379,4
2008,381,2,752,"H3","670411",8,3407,3407,86257,0
2008,381,2,392,"H3","680100",8,191800,191800,63040,0
2008,381,2,752,"H3","680100",8,19862,19862,3791,0
2008,381,1,752,"H3","6802",8,19870,19870,76619,0
2008,381,2,752,"H3","6802",8,7797979,7797979,13095513,0
2008,381,2,752,"H3","680221",8,442406,442406,635656,0
2008,381,1,392,"H3","681510",8,77277,77277,2669509,0
2008,381,2,392,"H3","681510",8,967,967,45034,0
2008,381,2,392,"H3","680291",8,1668411,1668411,2385073,0
2008,381,1,752,"H3","6804",8,336532,336532,2446281,0
2008,381,2,752,"H3","6804",8,332584,332584,2858304,0
2008,381,1,392,"H3","681591",8,3912,3912,15564,0
2008,381,2,392,"H3","681591",8,650144,650144,355884,0
2008,381,1,752,"H3","681591",8,630,630,2217,0
2008,381,2,752,"H3","681591",8,28548,28548,18609,0
2008,381,1,392,"H3","681599",8,450,450,25064,0
2008,381,2,392,"H3","681599",8,30056,30056,60540,0
2008,381,1,752,"H3","681599",8,25927,25927,152007,0
2008,381,2,752,"H3","681599",8,93957,93957,77561,0
2008,381,1,392,"H3","680530",8,146,146,111218,0
2008,381,2,392,"H3","680530",8,4630,4630,94016,0
2008,381,2,392,"H3","6806",8,126671,126671,1088625,0
2008,381,1,752,"H3","6806",8,27337,27337,12318,0
2008,381,2,752,"H3","6806",8,285450,285450,919252,0
2008,381,2,752,"H3","6807",8,11076503,11076503,10140254,6
2008,381,2,392,"H3","680710",8,18186,18186,57689,0
2008,381,2,752,"H3","680710",8,11040153,11040153,10112029,6
2008,381,1,392,"H3","690100",8,39,39,9286,0
2008,381,2,392,"H3","690100",8,66141,66141,56235,0
2008,381,1,752,"H3","690100",8,541,541,722,0
2008,381,2,752,"H3","690100",8,230030,230030,212172,0
2008,381,1,392,"H3","6902",8,47713,47713,374410,0
2008,381,2,392,"H3","6902",8,62825,62825,134319,0
2008,381,1,752,"H3","6809",8,572942,572942,176142,6
2008,381,2,752,"H3","6812",8,2537,2537,176453,0
2008,381,2,392,"H3","690210",8,80,80,2221,0
2008,381,2,752,"H3","690210",8,9382055,9382055,9128390,0
2008,381,1,392,"H3","690220",8,47676,47676,361789,0
2008,381,2,392,"H3","690220",8,19803,19803,32603,0
2008,381,1,752,"H3","690220",8,192201,192201,258724,0
2008,381,2,752,"H3","690220",8,246674,246674,967463,0
2008,381,2,392,"H3","6603",8,656,656,30106,0
2008,381,2,752,"H3","6603",8,18450,18450,27225,0
2008,381,1,752,"H3","640391",6,275,766,16938,4
2008,381,1,392,"H3","6903",8,135333,135333,2412338,0
2008,381,2,392,"H3","6903",8,9634,9634,41284,0
2008,381,2,752,"H3","640391",6,206225,186549,12969095,4
2008,381,1,752,"H3","640399",6,3140,3387,82126,4
2008,381,1,392,"H3","690310",8,16057,16057,101245,0
2008,381,2,752,"H3","690310",8,254,254,6852,0
2008,381,2,752,"H3","640399",6,588823,239268,19150638,4
2008,381,1,752,"H3","68",1,,,15715827,0
2008,381,2,752,"H3","68",1,,,32998719,0
2008,381,1,392,"H3","690390",8,80529,80529,2280277,0
2008,381,2,392,"H3","690390",8,9634,9634,41284,0
2008,381,2,752,"H3","690390",8,329,329,3220,0
2008,381,2,392,"H3","6904",1,,23522,33140,0
2008,381,2,392,"H3","690490",8,23522,23522,33140,0
2008,381,2,392,"H3","680221",8,4084392,4084392,5542317,0
2008,381,2,392,"H3","690510",8,438697,438697,108797,0
2008,381,1,752,"H3","680421",8,2160,2160,259315,0
2008,381,2,752,"H3","680421",8,8022,8022,608619,0
2008,381,1,392,"H3","680422",8,26300,26300,1376856,0
2008,381,2,392,"H3","680422",8,101306,101306,1153103,0
2008,381,1,752,"H3","680422",8,333415,333415,2160250,0
2008,381,2,752,"H3","680422",8,322308,322308,2241921,0
2008,381,1,392,"H3","690710",2,84,832,3451,0
2008,381,2,392,"H3","690710",2,1789,34574,108361,0
2008,381,1,392,"H3","6805",8,3693,3693,213379,0
2008,381,2,392,"H3","6805",8,10483,10483,411905,0
2008,381,1,752,"H3","6805",8,1127794,1127794,7668846,0
2008,381,2,752,"H3","6805",8,121407,121407,1567533,0
2008,381,2,392,"H3","69",1,,,55138474,0
2008,381,1,392,"H3","690290",8,37,37,12621,0
2008,381,1,392,"H3","6813",8,41953,41953,2509664,0
2008,381,2,392,"H3","6813",8,360,360,4256,0
2008,381,1,752,"H3","6813",8,679229,679229,3798155,0
2008,381,2,752,"H3","6813",8,378,378,3613,0
2008,381,2,392,"H3","690290",8,42942,42942,99494,0
2008,381,1,392,"H3","690890",2,3170,10070,51736,0
2008,381,2,392,"H3","690890",2,1115921,21325804,22278515,0
2008,381,2,752,"H3","690290",8,166254,166254,723251,0
2008,381,1,752,"H3","681510",8,2545,2545,156584,0
2008,381,2,752,"H3","681510",8,6013,6013,230576,0
2008,381,1,392,"H3","69",1,,,6410053,0
2008,381,1,392,"H3","690320",8,38747,38747,30817,0
2008,381,1,752,"H3","690320",8,602,602,3546,0
2008,381,1,392,"H3","690912",8,340,340,34321,0
2008,381,2,392,"H3","690912",8,76,76,1951,0
2008,381,1,752,"H3","690912",8,15,15,652,0
2008,381,2,752,"H3","690912",8,281,281,1197,0
2008,381,1,392,"H3","690919",8,8463,8463,211156,0
2008,381,1,752,"H3","690919",8,11351,11351,47799,0
2008,381,2,752,"H3","690919",8,280,280,24246,0
2008,381,1,392,"H3","690990",8,1203,1203,328401,0
2008,381,2,392,"H3","690990",8,341,341,140407,0
2008,381,2,752,"H3","690990",8,3625,3625,17627,0
2008,381,2,752,"H3","690320",8,20044,20044,77711,0
2008,381,2,392,"H3","6905",8,438697,438697,108797,0
2008,381,1,392,"H3","6907",2,2937,63651,184556,0
2008,381,2,392,"H3","691010",1,,42868,563209,0
2008,381,1,752,"H3","691010",5,4316,7537,156766,2
2008,381,2,752,"H3","691010",1,,14592,156748,0
2008,381,2,392,"H3","691090",5,132309,105985,1870094,2
2008,381,2,392,"H3","6907",2,695859,14471484,15659357,0
2008,381,1,752,"H3","6907",2,98,11913,5373,4
2008,381,1,392,"H3","6911",8,42177,42177,571246,0
2008,381,2,392,"H3","6911",8,291374,291374,2900081,0
2008,381,2,752,"H3","6907",2,1431285,31724953,30086233,4
2008,381,1,392,"H3","690810",2,10112,93846,322236,0
2008,381,2,392,"H3","690810",2,33748,516769,507498,0
2008,381,2,752,"H3","690810",2,21421,689752,594156,4
2008,381,1,392,"H3","6909",8,12508,12508,629580,0
2008,381,2,392,"H3","6909",8,417,417,142359,0
2008,381,1,392,"H3","691190",8,343,343,23099,0
2008,381,2,392,"H3","691190",8,51472,51472,533566,0
2008,381,1,752,"H3","6909",8,11366,11366,48451,0
2008,381,2,752,"H3","6909",8,4186,4186,43070,0
2008,381,1,752,"H3","69",1,,,1113961,0
2008,381,2,752,"H3","69",1,,,85727376,0
2008,381,1,392,"H3","6908",2,13282,103916,373971,0
2008,381,1,752,"H3","680530",8,323165,323165,2248118,0
2008,381,2,752,"H3","680530",8,39279,39279,552146,0
2008,381,1,752,"H3","6902",8,192201,192201,258724,0
2008,381,1,392,"H3","680800",8,800,800,6008,0
2008,381,2,392,"H3","680800",8,12000,12000,53729,0
2008,381,2,752,"H3","6902",8,9794983,9794983,10819103,0
2008,381,1,752,"H3","680911",8,391413,391413,83007,6
2008,381,2,392,"H3","6812",8,184,184,38949,0
2008,381,2,392,"H3","6908",2,1149669,21842573,22786013,0
2008,381,1,392,"H3","691310",8,279,279,25669,0
2008,381,2,392,"H3","691310",8,16720,16720,418802,0
2008,381,2,752,"H3","681280",8,2390,2390,157707,0
2008,381,2,392,"H3","650510",8,252,252,29730,0
2008,381,2,752,"H3","650510",8,4,4,107,0
2008,381,2,752,"H3","6908",2,2678046,47125575,41720682,4
2008,381,1,752,"H3","650610",5,14504,63022,1629690,4
2008,381,2,752,"H3","650610",5,100807,88278,5605594,4
2008,381,1,752,"H3","650699",8,329,329,4798,6
2008,381,2,752,"H3","650699",8,2336,2336,161407,6
2008,381,1,752,"H3","6601",5,961,10046,35329,4
2008,381,2,752,"H3","6601",5,25082,22147,270919,4
2008,381,1,752,"H3","681410",8,21,21,461,0
2008,381,2,752,"H3","660320",8,17829,17829,18524,0
2008,381,1,752,"H3","6903",8,602,602,3546,0
2008,381,1,392,"H3","681490",8,1180,1180,59783,0
2008,381,1,392,"H3","691490",8,76666,76666,1611331,0
2008,381,2,392,"H3","691490",8,1794530,1794530,2725044,0
2008,381,1,752,"H3","691490",8,433,433,6155,0
2008,381,2,752,"H3","691490",8,434476,434476,280747,0
2008,381,1,392,"H3","70",1,,,22211910,0
2008,381,2,392,"H3","70",1,,,15198610,0
2008,381,2,752,"H3","6903",8,20627,20627,87782,0
2008,381,2,392,"H3","6910",1,,148853,2433303,0
2008,381,2,752,"H3","7001",8,44,44,255,0
2008,381,2,752,"H3","700100",8,44,44,255,0
2008,381,1,392,"H3","7002",8,3740573,3740573,10129704,0
2008,381,2,392,"H3","7002",8,17665,17665,134323,0
2008,381,1,392,"H3","670490",8,291,291,25601,0
2008,381,2,392,"H3","670490",8,10,10,1782,0
2008,381,2,392,"H3","700210",8,356,356,2936,0
2008,381,2,752,"H3","700210",8,716,716,772,0
2008,381,1,392,"H3","700220",8,59,59,20067,0
2008,381,2,392,"H3","700220",8,4639,4639,80180,0
2008,381,2,752,"H3","700220",8,408,408,9762,0
2008,381,2,752,"H3","700231",8,9,9,132,0
2008,381,1,752,"H3","670490",8,47,47,9008,0
2008,381,1,752,"H3","6910",1,,118669,565552,0
2008,381,2,752,"H3","6910",1,,211661,1768796,0
2008,381,1,752,"H3","691190",8,78,78,1204,0
2008,381,1,752,"H3","681520",8,413,413,1564,0
2008,381,2,392,"H3","7003",1,,2603,112419,0
2008,381,1,752,"H3","7003",1,,11315,14223,4
2008,381,2,752,"H3","7003",1,,758812,501753,4
2008,381,2,392,"H3","700312",2,317,2520,96932,0
2008,381,1,752,"H3","700312",2,108,11315,14223,4
2008,381,2,392,"H3","700319",2,10,83,15487,0
2008,381,2,752,"H3","700319",2,46123,758812,501753,4
2008,381,1,392,"H3","7004",2,57,370,21393,0
2008,381,2,392,"H3","7004",2,2,40,5730,0
2008,381,2,752,"H3","7004",2,6,1977,2091,4
2008,381,2,392,"H3","700420",2,1,5,2354,0
2008,381,1,392,"H3","700490",2,57,370,21393,0
2008,381,2,392,"H3","700490",2,1,35,3377,0
2008,381,1,392,"H3","680421",8,15675,15675,1367713,0
2008,381,1,392,"H3","7005",2,66621,470469,622603,0
2008,381,1,752,"H3","7005",2,16555,274252,167172,4
2008,381,2,752,"H3","7005",2,50188,720411,919313,4
2008,381,1,752,"H3","700510",2,14677,226053,144752,4
2008,381,2,752,"H3","700510",2,2748,25552,28119,4
2008,381,1,392,"H3","700521",2,58257,442195,564216,0
2008,381,1,752,"H3","700521",2,1560,45595,21099,4
2008,381,2,752,"H3","700521",2,37026,361634,687234,4
2008,381,1,392,"H3","700529",2,6600,10634,26553,0
2008,381,1,752,"H3","700529",2,318,2604,1320,4
2008,381,2,752,"H3","700529",2,10414,333225,203960,4
2008,381,2,392,"H3","680421",8,3470,3470,138325,0
2008,381,1,392,"H3","7006",8,36873,36873,485082,0
2008,381,2,392,"H3","7006",8,11411,11411,172705,0
2008,381,1,392,"H3","690600",8,1095,1095,71252,0
2008,381,1,752,"H3","691090",5,13123,111132,408786,2
2008,381,1,392,"H3","700600",8,36873,36873,485082,0
2008,381,2,392,"H3","700600",8,11411,11411,172705,0
2008,381,2,752,"H3","691090",5,114052,197069,1612047,2
2008,381,1,752,"H3","6911",8,7277,7277,43224,0
2008,381,2,752,"H3","6911",8,49416,49416,296345,0
2008,381,1,392,"H3","690790",2,2853,62819,181106,0
2008,381,2,392,"H3","690790",2,694070,14436910,15550996,0
2008,381,1,752,"H3","690790",2,98,11913,5373,4
2008,381,1,392,"H3","700711",8,1802,1802,49812,0
2008,381,2,392,"H3","700711",8,112,112,7379,0
2008,381,1,752,"H3","700711",8,1300993,1300993,5642185,0
2008,381,2,752,"H3","700711",8,542935,542935,1277217,0
2008,381,1,392,"H3","700719",2,86,948,54472,0
2008,381,2,392,"H3","700719",2,699,8442,187703,0
2008,381,1,752,"H3","700719",2,20853,870855,972930,4
2008,381,2,752,"H3","700719",2,1247,22101,96225,4
2008,381,1,392,"H3","700721",8,50221,50221,355738,0
2008,381,2,392,"H3","700721",8,638,638,117756,0
2008,381,1,752,"H3","700721",8,38581,38581,308667,0
2008,381,2,752,"H3","700721",8,2192379,2192379,9597681,0
2008,381,2,752,"H3","690790",2,1431009,31693505,30054133,4
2008,381,1,752,"H3","680520",8,735485,735485,4463933,0
2008,381,2,752,"H3","680520",8,43902,43902,485374,0
2008,381,2,392,"H3","7008",8,356,356,16601,0
2008,381,1,752,"H3","7008",8,46986,46986,148313,6
2008,381,2,752,"H3","7008",8,37,37,178,6
2008,381,2,392,"H3","700800",8,356,356,16601,0
2008,381,1,752,"H3","700800",8,46986,46986,148313,6
2008,381,2,752,"H3","700800",8,37,37,178,6
2008,381,1,392,"H3","691200",8,15294,15294,125802,0
2008,381,1,392,"H3","6405",6,90,83,7791,0
2008,381,2,392,"H3","691200",8,2389498,2389498,4957653,0
2008,381,2,392,"H3","6405",6,99554,86518,6654595,0
2008,381,1,392,"H3","700910",8,1592,1592,119135,0
2008,381,2,392,"H3","700910",8,623,623,12945,6
2008,381,1,752,"H3","700910",8,38207,38207,477319,6
2008,381,2,752,"H3","700910",8,10090,10090,129346,6
2008,381,1,392,"H3","700991",8,603,603,27551,0
2008,381,2,392,"H3","700991",8,14874,14874,147089,0
2008,381,1,752,"H3","640510",6,596,559,8209,4
2008,381,2,752,"H3","640510",6,2786,2735,166004,4
2008,381,1,392,"H3","700992",8,991,991,26865,0
2008,381,2,392,"H3","700992",8,60477,60477,714278,0
2008,381,1,752,"H3","680620",8,24450,24450,7651,0
2008,381,1,392,"H3","640590",6,30,29,5512,0
2008,381,2,392,"H3","640590",6,78229,65999,4821272,0
2008,381,1,752,"H3","6913",8,711,711,25965,0
2008,381,2,752,"H3","6913",8,4782,4782,37458,0
2008,381,1,752,"H3","691310",8,445,445,24377,0
2008,381,1,392,"H3","701020",8,40,40,1498,0
2008,381,1,752,"H3","701020",8,1476,1476,2910,0
2008,381,2,752,"H3","701020",8,7866,7866,37654,0
2008,381,2,752,"H3","691310",8,835,835,21956,0
2008,381,1,392,"H3","6914",8,77100,77100,1615628,0
2008,381,2,392,"H3","6914",8,1826320,1826320,3523552,0
2008,381,1,752,"H3","6914",8,551,551,7067,0
2008,381,2,752,"H3","6914",8,434638,434638,284108,0
2008,381,1,392,"H3","691410",8,434,434,4296,0
2008,381,1,752,"H3","660199",5,705,3008,13000,4
2008,381,2,752,"H3","660199",5,24155,11985,188164,4
2008,381,2,752,"H3","690890",2,2656625,46435823,41126526,4
2008,381,2,392,"H3","691410",8,31790,31790,798508,0
2008,381,1,752,"H3","691410",8,118,118,912,0
2008,381,2,752,"H3","691410",8,162,162,3361,0
2008,381,2,392,"H3","701310",8,22705,22705,142695,0
2008,381,1,752,"H3","701310",8,3638,3638,9562,6
2008,381,2,752,"H3","701310",8,3351,3351,13462,6
2008,381,2,392,"H3","701322",8,55852,55852,760031,0
2008,381,1,752,"H3","701322",8,274,274,2577,6
2008,381,2,752,"H3","701322",8,6982,6982,42775,6
2008,381,2,392,"H3","701328",8,53780,53780,912059,0
2008,381,1,752,"H3","70",1,,,11565714,0
2008,381,2,752,"H3","70",1,,,27837903,0
2008,381,2,392,"H3","701333",8,10584,10584,292074,0
2008,381,1,752,"H3","701333",8,856,856,4744,6
2008,381,2,752,"H3","701333",8,3613,3613,28344,6
2008,381,2,392,"H3","701337",8,305126,305126,1352535,0
2008,381,2,392,"H3","680223",8,63380,63380,87277,0
2008,381,2,752,"H3","680223",8,513582,513582,732550,0
2008,381,2,392,"H3","701341",8,2612,2612,179356,0
2008,381,1,752,"H3","701341",8,10420,10420,25679,6
2008,381,2,752,"H3","701341",8,861,861,12980,6
2008,381,2,392,"H3","701342",8,590,590,244775,0
2008,381,2,752,"H3","701342",8,2206,2206,34080,6
2008,381,2,752,"H3","680291",8,1934457,1934457,3291259,0
2008,381,2,752,"H3","680293",8,4698331,4698331,8037931,0
2008,381,1,752,"H3","680299",8,8065,8065,41068,0
2008,381,2,752,"H3","680299",8,58466,58466,160243,0
2008,381,1,392,"H3","701391",1,,319,8942,0
2008,381,2,392,"H3","701391",8,12743,12743,341893,0
2008,381,1,752,"H3","701391",1,,,7908,0
2008,381,2,752,"H3","701391",8,7392,7392,121243,6
2008,381,1,752,"H3","700992",8,163,163,2942,0
2008,381,2,752,"H3","700992",8,13901,13901,139839,0
2008,381,1,392,"H3","7010",8,7351,7351,73534,6
2008,381,2,392,"H3","7010",8,267607,267607,866967,0
2008,381,1,392,"H3","7014",8,8,8,16301,0
2008,381,1,752,"H3","7014",8,1896,1896,17598,0
2008,381,2,752,"H3","7014",8,119153,119153,675262,0
2008,381,1,392,"H3","701400",8,8,8,16301,0
2008,381,1,752,"H3","7010",8,29953,29953,33655,6
2008,381,2,752,"H3","7010",8,3033060,3033060,5353095,6
2008,381,1,392,"H3","701090",8,7311,7311,72036,6
2008,381,2,392,"H3","701090",8,267607,267607,866967,0
2008,381,1,392,"H3","7016",8,16450,16450,64031,0
2008,381,2,392,"H3","7016",8,471750,471750,1506548,0
2008,381,2,752,"H3","681299",8,6,6,76,0
2008,381,1,392,"H3","681381",8,605,605,9638,0
2008,381,1,752,"H3","701090",8,28477,28477,30745,6
2008,381,2,752,"H3","701090",8,3025194,3025194,5315441,6
2008,381,1,752,"H3","701337",8,23978,23978,42645,6
2008,381,1,392,"H3","6906",8,1095,1095,71252,0
2008,381,1,392,"H3","7017",8,83,83,22393,0
2008,381,2,392,"H3","7017",8,3637,3637,16423,0
2008,381,2,752,"H3","701337",8,756353,756353,2525050,6
2008,381,1,392,"H3","690911",8,2502,2502,55701,0
2008,381,1,752,"H3","701710",8,5,5,1065,0
2008,381,2,752,"H3","701710",8,39,39,931,0
2008,381,1,392,"H3","701720",8,13,13,2935,0
2008,381,1,752,"H3","701720",8,151,151,2876,0
2008,381,1,392,"H3","701790",8,70,70,19458,0
2008,381,2,392,"H3","701790",8,3637,3637,16423,0
2008,381,2,752,"H3","6912",8,28648,28648,151770,0
2008,381,2,752,"H3","701790",8,11246,11246,193539,0
2008,381,1,752,"H3","7009",8,58866,58866,597016,6
2008,381,2,752,"H3","7009",8,38704,38704,310832,6
2008,381,1,392,"H3","701810",8,3400,3400,290823,0
2008,381,2,392,"H3","701810",8,14823,14823,153736,0
2008,381,1,752,"H3","700991",8,20496,20496,116755,0
2008,381,1,752,"H3","6912",8,6519,6519,55493,0
2008,381,1,392,"H3","6901",8,39,39,9286,0
2008,381,1,392,"H3","7019",8,591753,591753,8844829,0
2008,381,2,392,"H3","7019",8,508875,508875,1544843,0
2008,381,2,752,"H3","700991",8,14713,14713,41647,0
2008,381,2,392,"H3","701399",8,133890,133890,2275342,0
2008,381,2,392,"H3","6901",8,66141,66141,56235,0
2008,381,1,752,"H3","701399",8,25589,25589,70315,6
2008,381,1,752,"H3","6901",8,541,541,722,0
2008,381,2,752,"H3","701399",8,23809,23809,196783,6
2008,381,1,392,"H3","701912",8,168799,168799,232599,0
2008,381,2,392,"H3","701912",8,11955,11955,34106,0
2008,381,1,752,"H3","701912",8,6800,6800,83869,0
2008,381,2,752,"H3","701912",8,99107,99107,200866,0
2008,381,1,392,"H3","701919",8,92872,92872,586211,0
2008,381,2,392,"H3","701919",8,37671,37671,15541,0
2008,381,2,752,"H3","701919",8,1979,1979,62964,0
2008,381,1,752,"H3","701400",8,1896,1896,17598,0
2008,381,2,752,"H3","6901",8,230030,230030,212172,0
2008,381,2,392,"H3","680790",8,12980,12980,15625,0
2008,381,1,392,"H3","701939",8,14709,14709,334455,0
2008,381,2,392,"H3","701939",8,1386,1386,36927,0
2008,381,1,752,"H3","701939",8,63461,63461,724014,0
2008,381,2,752,"H3","701939",8,34687,34687,308016,0
2008,381,1,752,"H3","701940",8,2007,2007,33987,0
2008,381,2,752,"H3","701951",8,1883,1883,14597,0
2008,381,2,392,"H3","701952",8,1588,1588,24986,0
2008,381,1,752,"H3","701952",8,5,5,38,0
2008,381,1,392,"H3","701959",8,80,80,18900,0
2008,381,2,752,"H3","701959",8,94526,94526,800311,0
2008,381,2,752,"H3","680790",8,36350,36350,28225,0
2008,381,2,752,"H3","701400",8,119153,119153,675262,0
2008,381,1,392,"H3","7015",8,48,48,15192,0
2008,381,1,392,"H3","701590",8,48,48,15192,0
2008,381,2,752,"H3","7016",8,367013,367013,2244673,0
2008,381,2,392,"H3","701610",8,6896,6896,128327,0
2008,381,1,392,"H3","691110",8,41834,41834,548147,0
2008,381,2,392,"H3","691110",8,239902,239902,2366515,0
2008,381,1,752,"H3","691110",8,7199,7199,42020,0
2008,381,2,752,"H3","701610",8,224233,224233,1783978,0
2008,381,1,392,"H3","701690",8,16450,16450,64031,0
2008,381,1,392,"H3","681389",8,39973,39973,2359393,0
2008,381,2,392,"H3","701690",8,464854,464854,1378221,0
2008,381,1,392,"H3","7011",8,60,60,1649,0
2008,381,2,752,"H3","7011",8,124,124,968,0
2008,381,2,752,"H3","701110",8,124,124,968,0
2008,381,1,392,"H3","7101",8,847,847,10829336,0
2008,381,2,392,"H3","7101",8,44,44,609350,0
2008,381,1,392,"H3","710110",8,0,0,1719,0
2008,381,1,392,"H3","710121",8,1,1,36536,0
2008,381,2,392,"H3","710121",8,3,3,26422,0
2008,381,1,392,"H3","710122",8,846,846,10791081,0
2008,381,2,392,"H3","710122",8,41,41,582928,0
2008,381,1,392,"H3","7102",13,21,,22113,0
2008,381,2,392,"H3","7102",13,3,0,3246,4
2008,381,1,392,"H3","710229",13,6,,1650,0
2008,381,1,392,"H3","710239",13,15,,20462,0
2008,381,2,392,"H3","710239",13,3,0,3246,4
2008,381,1,392,"H3","7103",1,,10,88080,0
2008,381,2,392,"H3","7103",1,,11,103147,0
2008,381,1,752,"H3","7103",1,,1,208,0
2008,381,2,752,"H3","7103",1,,28,2239,0
2008,381,2,392,"H3","710310",8,1,1,45811,0
2008,381,1,752,"H3","710310",8,1,1,208,0
2008,381,2,752,"H3","710310",8,28,28,881,0
2008,381,1,392,"H3","710391",13,9350,1,63648,0
2008,381,1,392,"H3","710399",13,49450,9,24432,0
2008,381,2,392,"H3","710399",13,56000,10,57336,0
2008,381,2,392,"H3","681389",8,360,360,4256,0
2008,381,1,752,"H3","681389",8,181,181,2476,0
2008,381,2,752,"H3","681389",8,178,178,1709,0
2008,381,2,752,"H3","691110",8,48378,48378,287314,0
2008,381,2,392,"H3","660390",8,656,656,30106,0
2008,381,2,752,"H3","660390",8,621,621,8701,0
2008,381,2,752,"H3","701690",8,142780,142780,460695,0
2008,381,1,752,"H3","701790",8,3410,3410,153188,0
2008,381,1,392,"H3","700232",8,6620,6620,38349,0
2008,381,1,392,"H3","700239",8,3733894,3733894,10071288,0
2008,381,2,392,"H3","700239",8,12670,12670,51207,0
2008,381,1,752,"H3","700239",8,28,28,43,0
2008,381,1,392,"H3","7106",8,2573,2573,1425719,0
2008,381,2,392,"H3","7106",8,32,32,55950,0
2008,381,1,752,"H3","680210",8,11805,11805,35550,0
2008,381,2,752,"H3","680210",8,4304,4304,7162,0
2008,381,1,392,"H3","710610",8,45,45,29244,0
2008,381,1,392,"H3","710691",8,1291,1291,717041,0
2008,381,2,392,"H3","710691",8,25,25,45723,0
2008,381,1,752,"H3","710691",8,2550,2550,1206682,0
2008,381,2,752,"H3","710691",8,570,570,292651,0
2008,381,1,752,"H3","7017",8,3566,3566,157129,0
2008,381,2,752,"H3","700239",8,264,264,4892,0
2008,381,2,752,"H3","7017",8,11285,11285,194470,0
2008,381,1,392,"H3","701349",8,213,213,9228,0
2008,381,2,752,"H3","691190",8,1038,1038,9031,0
2008,381,2,392,"H3","701349",8,146260,146260,724043,0
2008,381,1,752,"H3","701349",8,80809,80809,171205,6
2008,381,2,752,"H3","701349",8,341271,341271,1211382,6
2008,381,1,392,"H3","701399",8,11828,11828,70885,0
2008,381,2,752,"H3","700490",2,6,1977,2091,4
2008,381,1,392,"H3","7108",8,638,638,17043138,0
2008,381,2,392,"H3","7108",8,32,32,675449,0
2008,381,1,392,"H3","700530",2,1764,17640,31834,0
2008,381,1,752,"H3","7006",8,459825,459825,1900009,0
2008,381,1,392,"H3","710812",8,634,634,16968626,0
2008,381,1,752,"H3","710812",8,248,248,5703653,0
2008,381,2,752,"H3","710812",8,22,22,630282,0
2008,381,1,392,"H3","710813",8,4,4,74512,0
2008,381,2,392,"H3","710813",8,32,32,675449,0
2008,381,1,752,"H3","710813",8,0,0,29366,0
2008,381,2,752,"H3","710813",8,1,1,44862,0
2008,381,1,392,"H3","7110",8,14,14,708541,0
2008,381,2,392,"H3","7110",8,23,23,222421,0
2008,381,2,752,"H3","7110",8,16,16,167248,0
2008,381,1,392,"H3","711011",8,5,5,258604,0
2008,381,2,752,"H3","711011",8,0,0,7111,0
2008,381,1,392,"H3","711019",8,9,9,449937,0
2008,381,2,752,"H3","711021",8,13,13,134559,0
2008,381,2,752,"H3","7006",8,32090,32090,146800,0
2008,381,1,752,"H3","700600",8,459825,459825,1900009,0
2008,381,2,752,"H3","700600",8,32090,32090,146800,0
2008,381,2,392,"H3","7111",8,5,5,29079,0
2008,381,1,752,"H3","7111",8,1,1,107,0
2008,381,2,392,"H3","711100",8,5,5,29079,0
2008,381,1,752,"H3","711100",8,1,1,107,0
2008,381,1,752,"H3","7112",8,5111,5111,643030,0
2008,381,1,752,"H3","711299",8,5111,5111,643030,0
2008,381,1,392,"H3","7007",1,,53631,467481,0
2008,381,2,392,"H3","7007",1,,9430,315040,0
2008,381,2,752,"H3","690710",2,276,31447,32101,4
2008,381,1,752,"H3","7007",1,,2210429,6923783,4
2008,381,1,392,"H3","711311",8,266,266,437532,0
2008,381,2,392,"H3","711311",8,4012,4012,5006867,0
2008,381,2,752,"H3","7007",1,,2768046,10994596,4
2008,381,1,392,"H3","700729",2,53,660,7459,0
2008,381,1,392,"H3","711319",8,154,154,3479085,0
2008,381,2,392,"H3","711319",8,2994,2994,66069490,0
2008,381,2,392,"H3","700729",2,20,238,2202,0
2008,381,2,752,"H3","700729",2,1192,10631,23474,4
2008,381,1,392,"H3","711320",8,2,2,5847,0
2008,381,2,392,"H3","711320",8,2523,2523,1358362,0
2008,381,2,752,"H3","711320",8,83,83,55795,0
2008,381,1,392,"H3","7114",8,205,205,850240,0
2008,381,2,392,"H3","7114",8,3515,3515,1389155,0
2008,381,1,752,"H3","7114",8,31,31,2850,0
2008,381,2,752,"H3","7114",8,1312,1312,386898,0
2008,381,1,392,"H3","711411",8,197,197,702869,0
2008,381,2,392,"H3","711411",8,659,659,371532,0
2008,381,1,392,"H3","7018",8,85788,85788,988275,0
2008,381,1,392,"H3","711419",8,5,5,143359,0
2008,381,2,392,"H3","711419",8,665,665,102406,0
2008,381,2,752,"H3","711419",8,97,97,161626,0
2008,381,1,392,"H3","711420",8,3,3,4013,0
2008,381,2,392,"H3","711420",8,2191,2191,915217,0
2008,381,1,752,"H3","711420",8,31,31,2850,0
2008,381,2,752,"H3","711420",8,1108,1108,126336,0
2008,381,1,392,"H3","7115",8,201,201,202279,0
2008,381,2,392,"H3","7115",8,124,124,737514,0
2008,381,2,752,"H3","7115",8,276,276,96239,0
2008,381,1,392,"H3","711590",8,201,201,202279,0
2008,381,2,392,"H3","711590",8,124,124,737514,0
2008,381,2,752,"H3","711590",8,276,276,96239,0
2008,381,1,392,"H3","7116",8,92,92,694489,0
2008,381,2,392,"H3","7116",8,541,541,278833,0
2008,381,2,392,"H3","6912",8,2389498,2389498,4957653,0
2008,381,2,392,"H3","7018",8,46126,46126,1397327,0
2008,381,1,392,"H3","711610",8,70,70,631277,0
2008,381,2,392,"H3","711610",8,3,3,17526,0
2008,381,1,392,"H3","701890",8,71,71,12155,0
2008,381,2,392,"H3","701890",8,31303,31303,1243591,0
2008,381,1,752,"H3","7019",8,84074,84074,879824,0
2008,381,2,752,"H3","7019",8,346605,346605,1771579,0
2008,381,1,752,"H3","691200",8,6519,6519,55493,0
2008,381,2,752,"H3","691200",8,28648,28648,151770,0
2008,381,1,392,"H3","6913",8,773,773,41983,0
2008,381,2,392,"H3","6913",8,365810,365810,2362380,0
2008,381,2,392,"H3","711711",8,1687,1687,659269,0
2008,381,1,752,"H3","711711",8,1,1,139,0
2008,381,2,752,"H3","711711",8,30,30,16068,0
2008,381,1,392,"H3","710410",8,63,63,10112,0
2008,381,2,392,"H3","710410",8,1,1,3069,0
2008,381,1,392,"H3","710510",13,6000,1,10280,0
2008,381,2,752,"H3","710510",13,2000,0,211,0
2008,381,1,392,"H3","711790",8,1766,1766,159459,0
2008,381,2,392,"H3","711790",8,10516,10516,3263802,0
2008,381,1,392,"H3","6815",8,81639,81639,2710137,0
2008,381,2,392,"H3","6815",8,681167,681167,461458,0
2008,381,2,392,"H3","7118",8,27,27,19200,0
2008,381,2,392,"H3","711810",8,27,27,19200,0
2008,381,1,752,"H3","6815",8,29515,29515,312372,0
2008,381,2,752,"H3","6815",8,128518,128518,326746,0
2008,381,1,392,"H3","710700",8,2,2,2458,0
2008,381,2,392,"H3","710700",8,2,2,9417,0
2008,381,1,752,"H3","710700",8,63,63,7478,0
2008,381,1,392,"H3","6912",8,15294,15294,125802,0
2008,381,2,392,"H3","711029",8,15,15,218457,0
2008,381,2,752,"H3","711029",8,3,3,25578,0
2008,381,1,392,"H3","7202",8,58080,58080,241036,0
2008,381,1,752,"H3","7202",8,9034192,9034192,33806531,0
2008,381,1,752,"H3","7116",8,0,0,235,0
2008,381,2,752,"H3","7116",8,0,0,11829,0
2008,381,1,392,"H3","711620",8,22,22,63212,0
2008,381,2,392,"H3","711620",8,538,538,261307,0
2008,381,1,752,"H3","711620",8,0,0,235,0
2008,381,2,752,"H3","711620",8,0,0,11829,0
2008,381,1,752,"H3","720291",8,24000,24000,138058,0
2008,381,1,392,"H3","7117",8,2299,2299,434224,0
2008,381,2,392,"H3","7117",8,41049,41049,16880135,0
2008,381,1,752,"H3","7117",8,1716,1716,110663,0
2008,381,2,752,"H3","7117",8,22255,22255,1544102,0
2008,381,1,392,"H3","711719",8,533,533,274766,0
2008,381,2,392,"H3","711719",8,28846,28846,12957064,0
2008,381,1,392,"H3","7013",1,,12360,89055,0
2008,381,1,392,"H3","7204",8,1,1,1824,0
2008,381,2,392,"H3","7204",8,77781,77781,283697,0
2008,381,1,752,"H3","7204",8,5739041,5739041,2050592,0
2008,381,2,752,"H3","7204",8,1032829,1032829,4154346,0
2008,381,2,392,"H3","7013",1,,744142,7224803,0
2008,381,2,392,"H3","720421",8,50520,50520,179121,0
2008,381,1,752,"H3","720421",8,117228,117228,105985,0
2008,381,2,752,"H3","720421",8,1020974,1020974,4052730,0
2008,381,1,752,"H3","7013",1,,,409359,0
2008,381,2,392,"H3","720430",8,26861,26861,30636,0
2008,381,1,752,"H3","711719",8,1527,1527,89142,0
2008,381,2,752,"H3","7013",1,,1186381,4421527,4
2008,381,1,752,"H3","701328",8,19856,19856,74723,6
2008,381,1,392,"H3","7205",8,672,672,18744,0
2008,381,1,752,"H3","7205",8,17169540,17169540,37260442,0
2008,381,2,752,"H3","701328",8,40544,40544,235428,6
2008,381,2,752,"H3","711719",8,14980,14980,1000270,0
2008,381,1,392,"H3","720529",8,157,157,16542,0
2008,381,1,752,"H3","720529",8,17136620,17136620,37100114,0
2008,381,1,752,"H3","711790",8,188,188,21381,0
2008,381,2,752,"H3","711790",8,7245,7245,527764,0
2008,381,2,392,"H3","711039",8,8,8,3964,0
2008,381,1,752,"H3","7113",8,34,34,589893,0
2008,381,2,752,"H3","7113",8,7669,7669,27091559,0
2008,381,1,752,"H3","720292",8,6042,6042,249803,0
2008,381,1,752,"H3","720712",8,15221579,15221579,11467246,0
2008,381,2,752,"H3","720712",8,5036480,5036480,3615506,0
2008,381,2,752,"H3","720720",8,1250,1250,22464,0
2008,381,1,392,"H3","7208",8,163155,163155,362378,0
2008,381,1,752,"H3","720429",8,18150,18150,47171,0
2008,381,1,752,"H3","720221",8,1055370,1055370,2022013,0
2008,381,1,752,"H3","720241",8,5516908,5516908,14813453,0
2008,381,1,392,"H3","701820",8,82317,82317,685298,0
2008,381,1,392,"H3","701911",8,27000,27000,54512,0
2008,381,2,392,"H3","701911",8,2109,2109,25917,0
2008,381,1,752,"H3","701911",8,4043,4043,5497,0
2008,381,2,752,"H3","701911",8,56490,56490,103005,0
2008,381,1,752,"H3","720836",8,10593117,10593117,8267621,0
2008,381,1,392,"H3","720837",8,163155,163155,362378,0
2008,381,1,752,"H3","720837",8,25576355,25576355,20705261,0
2008,381,1,752,"H3","720838",8,9928167,9928167,6893000,0
2008,381,2,392,"H3","701931",8,453705,453705,1381063,0
2008,381,1,752,"H3","701931",8,7725,7725,32213,0
2008,381,2,752,"H3","701931",8,56627,56627,238737,0
2008,381,1,392,"H3","701990",8,288293,288293,7618153,0
2008,381,1,752,"H3","720852",8,1346637,1346637,772993,0
2008,381,2,752,"H3","720852",8,5031,5031,5255,0
2008,381,2,392,"H3","701990",8,461,461,26303,0
2008,381,1,392,"H3","7203",8,388471,388471,1665288,0
2008,381,1,752,"H3","7203",8,154000,154000,171016,0
2008,381,1,752,"H3","720310",8,154000,154000,171016,0
2008,381,1,752,"H3","701990",8,33,33,206,0
2008,381,2,752,"H3","701990",8,1306,1306,43083,0
2008,381,1,392,"H3","71",1,,,36565838,0
2008,381,2,392,"H3","71",1,,,93457003,0
2008,381,2,752,"H3","710399",13,1000,0,1358,0
2008,381,1,392,"H3","710490",8,5,5,29862,0
2008,381,2,392,"H3","710490",8,50,50,6318,0
2008,381,1,752,"H3","720926",8,200453,200453,321104,0
2008,381,2,752,"H3","720926",8,17024,17024,16318,0
2008,381,1,392,"H3","7206",8,503,503,9441,0
2008,381,2,752,"H3","7206",8,40,40,53,0
2008,381,1,752,"H3","720990",8,7435,7435,257526,0
2008,381,2,752,"H3","720990",8,12160,12160,28793,0
2008,381,1,752,"H3","7106",8,2563,2563,1248243,0
2008,381,1,392,"H3","720690",8,503,503,9441,0
2008,381,1,392,"H3","72",1,,,74281579,0
2008,381,2,392,"H3","72",1,,,2977724,0
2008,381,2,752,"H3","7106",8,4464,4464,1183039,0
2008,381,1,392,"H3","721012",8,239691,239691,375805,0
2008,381,2,392,"H3","721012",8,120,120,2129,0
2008,381,1,752,"H3","7201",8,3851450,3851450,2888121,0
2008,381,2,752,"H3","7201",8,158525,158525,1389924,0
2008,381,1,752,"H3","721049",8,1377500,1377500,1250700,0
2008,381,2,752,"H3","721049",8,14887491,14887491,18063590,0
2008,381,1,752,"H3","720150",8,3851450,3851450,2888121,0
2008,381,2,392,"H3","721070",8,26390,26390,46312,0
2008,381,2,752,"H3","721070",8,4906281,4906281,9695106,0
2008,381,1,392,"H3","721090",8,215241,215241,1680361,0
2008,381,1,752,"H3","720219",8,3558,3558,3568,0
2008,381,1,392,"H3","7211",8,67245,67245,226564,0
2008,381,2,392,"H3","7211",8,48345,48345,173831,0
2008,381,1,752,"H3","7211",8,3531800,3531800,9066496,0
2008,381,2,752,"H3","7211",8,2115540,2115540,2357408,0
2008,381,2,752,"H3","720690",8,40,40,53,0
2008,381,1,392,"H3","7113",8,422,422,3922464,0
2008,381,2,392,"H3","7113",8,9529,9529,72434719,0
2008,381,1,752,"H3","7207",8,15221579,15221579,11467246,0
2008,381,2,752,"H3","7207",8,5037730,5037730,3637969,0
2008,381,1,752,"H3","720825",8,24842237,24842237,20071947,0
2008,381,2,752,"H3","720825",8,81675,81675,82901,0
2008,381,2,392,"H3","721129",8,36345,36345,107586,0
2008,381,1,752,"H3","721129",8,1223025,1223025,5593141,0
2008,381,1,752,"H3","720280",8,39751,39751,1163245,0
2008,381,1,752,"H3","720839",8,4405485,4405485,2856187,0
2008,381,2,752,"H3","720839",8,2016,2016,4292,0
2008,381,1,752,"H3","720890",8,741,741,675,0
2008,381,1,392,"H3","7212",8,263993,263993,2303393,0
2008,381,1,752,"H3","7212",8,901651,901651,3767932,0
2008,381,2,752,"H3","7212",8,2791818,2791818,3294559,0
2008,381,1,752,"H3","721230",8,135754,135754,483462,0
2008,381,2,752,"H3","721230",8,2721460,2721460,3096924,0
2008,381,2,752,"H3","720890",8,10981,10981,37494,0
2008,381,1,752,"H3","720917",8,9762875,9762875,9199026,0
2008,381,1,392,"H3","721250",8,263993,263993,2303393,0
2008,381,1,752,"H3","721250",8,1713,1713,6900,0
2008,381,2,752,"H3","721250",8,70266,70266,197493,0
2008,381,1,752,"H3","721260",8,338900,338900,2663814,0
2008,381,1,392,"H3","7213",8,322972,322972,404986,0
2008,381,1,752,"H3","7213",8,3830,3830,2053,0
2008,381,2,752,"H3","7213",8,1294520,1294520,1469040,0
2008,381,2,752,"H3","721320",8,296170,296170,344344,0
2008,381,1,392,"H3","721391",8,322972,322972,404986,0
2008,381,1,392,"H3","7104",8,1533,1533,332477,0
2008,381,1,752,"H3","721399",8,3830,3830,2053,0
2008,381,2,752,"H3","721399",8,903740,903740,1023871,0
2008,381,1,392,"H3","7214",8,680,680,9682,0
2008,381,2,392,"H3","7214",8,40381,40381,273479,0
2008,381,2,392,"H3","7104",8,51,51,9386,0
2008,381,1,392,"H3","710420",8,1465,1465,292503,0
2008,381,2,752,"H3","720917",8,150652,150652,152238,0
2008,381,1,752,"H3","7210",8,1844826,1844826,2270517,0
2008,381,2,752,"H3","7210",8,19812795,19812795,27784543,0
2008,381,1,752,"H3","721491",8,37332,37332,50266,0
2008,381,2,752,"H3","721491",8,7253696,7253696,7548647,0
2008,381,1,752,"H3","721030",8,277064,277064,526975,0
2008,381,1,392,"H3","720390",8,388471,388471,1665288,0
2008,381,1,392,"H3","7105",1,,1,10280,0
2008,381,1,392,"H3","7215",8,150,150,9374,0
2008,381,1,752,"H3","7215",8,212865,212865,547916,0
2008,381,2,752,"H3","7215",8,7958540,7958540,13675925,0
2008,381,2,752,"H3","7105",1,,0,211,0
2008,381,2,752,"H3","721119",8,36297,36297,106606,0
2008,381,1,752,"H3","721550",8,16758,16758,33492,0
2008,381,2,752,"H3","721550",8,5776430,5776430,9207799,0
2008,381,1,392,"H3","721590",8,150,150,9374,0
2008,381,1,752,"H3","721590",8,194807,194807,513323,0
2008,381,2,752,"H3","721590",8,1242730,1242730,3021858,0
2008,381,2,392,"H3","7216",8,35010,35010,126697,0
2008,381,2,752,"H3","721123",8,1639740,1639740,1672180,0
2008,381,2,752,"H3","7216",8,12241512,12241512,13492258,0
2008,381,1,752,"H3","721610",8,2350,2350,11962,0
2008,381,2,752,"H3","721610",8,215615,215615,201438,0
2008,381,1,752,"H3","720249",8,66654,66654,362946,0
2008,381,1,752,"H3","720270",8,184789,184789,11235858,0
2008,381,1,752,"H3","721240",8,425284,425284,613756,0
2008,381,2,752,"H3","721240",8,92,92,142,0
2008,381,2,392,"H3","681291",8,184,184,38949,0
2008,381,2,752,"H3","681291",8,141,141,18670,0
2008,381,1,752,"H3","681381",8,679048,679048,3795680,0
2008,381,2,752,"H3","681381",8,179,179,1702,0
2008,381,1,752,"H3","7214",8,170933,170933,281997,0
2008,381,2,752,"H3","7214",8,15768115,15768115,16641113,0
2008,381,1,392,"H3","701190",8,60,60,1649,0
2008,381,2,392,"H3","721669",8,29180,29180,112680,0
2008,381,2,752,"H3","721669",8,105732,105732,584354,0
2008,381,1,752,"H3","721691",8,26125,26125,55306,0
2008,381,2,752,"H3","721691",8,2906,2906,5400,0
2008,381,2,392,"H3","721699",8,2760,2760,6773,0
2008,381,1,752,"H3","721699",8,143939,143939,482951,0
2008,381,2,752,"H3","721699",8,770,770,15247,0
2008,381,2,752,"H3","720441",8,11855,11855,101616,0
2008,381,1,392,"H3","720510",8,515,515,2202,0
2008,381,1,752,"H3","720510",8,32920,32920,160328,0
2008,381,1,752,"H3","720927",8,8885,8885,5375,0
2008,381,1,752,"H3","721510",8,1300,1300,1101,0
2008,381,2,752,"H3","721510",8,939380,939380,1446268,0
2008,381,2,752,"H3","720927",8,5080,5080,5124,0
2008,381,1,392,"H3","7210",8,454932,454932,2056166,0
2008,381,2,392,"H3","7210",8,26510,26510,48440,0
2008,381,1,392,"H3","721730",8,105854,105854,226243,0
2008,381,2,392,"H3","721730",8,2116,2116,45180,0
2008,381,1,752,"H3","721730",8,15118,15118,91970,0
2008,381,2,752,"H3","721730",8,292928,292928,543949,0
2008,381,2,752,"H3","721790",8,76710,76710,187704,0
2008,381,2,392,"H3","7218",8,75700,75700,407504,0
2008,381,1,752,"H3","7218",8,3429334,3429334,25473848,0
2008,381,2,752,"H3","7218",8,210283,210283,3448135,0
2008,381,2,752,"H3","721810",8,85364,85364,2000027,0
2008,381,2,392,"H3","721891",8,75700,75700,407504,0
2008,381,1,752,"H3","721891",8,895604,895604,7197470,0
2008,381,2,752,"H3","721891",8,2363,2363,34920,0
2008,381,1,752,"H3","721899",8,2533730,2533730,18276378,0
2008,381,2,752,"H3","721899",8,122556,122556,1413188,0
2008,381,1,392,"H3","7219",8,19726938,19726938,56284109,0
2008,381,2,392,"H3","7219",8,10979,10979,61603,0
2008,381,1,752,"H3","7219",8,38847589,38847589,252989980,0
2008,381,2,752,"H3","7219",8,880034,880034,3930892,0
2008,381,1,752,"H3","72",1,,,840874835,0
2008,381,2,752,"H3","72",1,,,227758203,0
2008,381,1,392,"H3","721912",8,403397,403397,1917946,0
2008,381,1,752,"H3","721912",8,6898014,6898014,37705281,0
2008,381,2,752,"H3","721912",8,13590,13590,68724,0
2008,381,1,392,"H3","721913",8,297044,297044,1338654,0
2008,381,1,752,"H3","721913",8,694082,694082,2959923,0
2008,381,2,752,"H3","721913",8,4985,4985,37328,0
2008,381,2,752,"H3","720110",8,158525,158525,1389924,0
2008,381,1,752,"H3","7216",8,209014,209014,901776,0
2008,381,1,752,"H3","721123",8,1965650,1965650,2645037,0
2008,381,2,752,"H3","721631",8,2048692,2048692,1994448,0
2008,381,2,392,"H3","721190",8,12000,12000,66245,0
2008,381,1,392,"H3","680620",8,9,9,2010,0
2008,381,1,392,"H3","721922",8,391304,391304,3067870,0
2008,381,2,392,"H3","721922",8,5225,5225,24723,0
2008,381,1,752,"H3","721922",8,2986099,2986099,27362331,0
2008,381,2,752,"H3","721922",8,146871,146871,763030,0
2008,381,1,392,"H3","721923",8,255,255,1755,0
2008,381,1,752,"H3","721923",8,250994,250994,2317150,0
2008,381,2,752,"H3","721923",8,6816,6816,29272,0
2008,381,1,752,"H3","721190",8,343125,343125,828317,0
2008,381,2,752,"H3","721190",8,400,400,2305,0
2008,381,1,392,"H3","721932",8,59368,59368,248016,0
2008,381,1,752,"H3","721932",8,3470712,3470712,21740279,0
2008,381,2,752,"H3","721932",8,49680,49680,368022,0
2008,381,1,392,"H3","721933",8,1584809,1584809,4258879,0
2008,381,2,392,"H3","721933",8,4675,4675,27423,0
2008,381,1,752,"H3","721632",8,65,65,4066,0
2008,381,2,752,"H3","721632",8,806440,806440,849405,0
2008,381,1,392,"H3","721934",8,13712927,13712927,34118373,0
2008,381,1,752,"H3","721934",8,874446,874446,6766538,0
2008,381,2,752,"H3","721934",8,350706,350706,1109515,0
2008,381,2,752,"H3","721633",8,264279,264279,326574,0
2008,381,1,392,"H3","7217",8,329818,329818,1163725,0
2008,381,2,392,"H3","7217",8,2736,2736,48578,0
2008,381,2,392,"H3","721990",8,583,583,6316,0
2008,381,1,752,"H3","721990",8,958269,958269,6167076,0
2008,381,2,752,"H3","721990",8,27989,27989,112403,0
2008,381,1,392,"H3","7220",8,52752,52752,781224,0
2008,381,2,392,"H3","7220",8,8210,8210,15490,0
2008,381,1,752,"H3","7217",8,642348,642348,973221,0
2008,381,2,752,"H3","7217",8,1039577,1039577,1709012,0
2008,381,1,752,"H3","721921",8,12237662,12237662,90854804,0
2008,381,2,752,"H3","721921",8,79648,79648,502773,0
2008,381,1,392,"H3","721914",8,60370,60370,410495,0
2008,381,1,752,"H3","721914",8,165865,165865,914188,0
2008,381,1,392,"H3","721921",8,524471,524471,4079114,0
2008,381,2,392,"H3","721921",8,496,496,3140,0
2008,381,2,752,"H3","721621",8,368384,368384,365038,0
2008,381,2,752,"H3","721622",8,220789,220789,224955,0
2008,381,1,392,"H3","722090",8,5733,5733,42657,0
2008,381,1,752,"H3","722090",8,15222,15222,273529,0
2008,381,2,392,"H3","7221",8,55478,55478,176079,0
2008,381,1,752,"H3","7221",8,5260067,5260067,31009197,0
2008,381,2,752,"H3","7221",8,2007,2007,18154,0
2008,381,2,392,"H3","722100",8,55478,55478,176079,0
2008,381,1,752,"H3","722100",8,5260067,5260067,31009197,0
2008,381,2,752,"H3","722100",8,2007,2007,18154,0
2008,381,1,392,"H3","7222",8,773,773,20196,0
2008,381,2,392,"H3","7222",8,159260,159260,1170993,0
2008,381,2,752,"H3","722011",8,17771,17771,157604,0
2008,381,1,392,"H3","7020",8,1599,1599,196836,0
2008,381,1,752,"H3","722211",8,1237017,1237017,9559076,0
2008,381,2,752,"H3","722211",8,61980,61980,527430,0
2008,381,2,392,"H3","7020",8,50402,50402,1010568,0
2008,381,2,752,"H3","721640",8,1371506,1371506,1591760,0
2008,381,1,392,"H3","722220",8,6,6,1586,0
2008,381,2,392,"H3","722220",8,159260,159260,1170993,0
2008,381,1,752,"H3","722220",8,98926,98926,1040981,0
2008,381,2,752,"H3","722220",8,11782372,11782372,75223534,0
2008,381,1,392,"H3","722230",8,523,523,8753,0
2008,381,1,752,"H3","722230",8,1608126,1608126,12389890,0
2008,381,2,752,"H3","722230",8,50135,50135,268837,0
2008,381,1,752,"H3","7020",8,709,709,23957,0
2008,381,2,752,"H3","7020",8,9150,9150,193678,0
2008,381,1,752,"H3","7220",8,4437086,4437086,35593088,0
2008,381,2,752,"H3","7220",8,157686,157686,1119073,0
2008,381,1,752,"H3","722011",8,1268058,1268058,8368074,0
2008,381,1,752,"H3","7002",8,28,28,43,0
2008,381,2,752,"H3","7002",8,1397,1397,15559,0
2008,381,1,392,"H3","722300",8,123693,123693,1437732,0
2008,381,2,392,"H3","722300",8,10622,10622,133539,0
2008,381,1,752,"H3","722300",8,1618068,1618068,14892740,0
2008,381,2,752,"H3","722300",8,266968,266968,1835139,0
2008,381,2,392,"H3","7224",8,101,101,26391,0
2008,381,1,752,"H3","7224",8,5355213,5355213,4756264,0
2008,381,2,752,"H3","7224",8,87040,87040,156674,0
2008,381,1,752,"H3","722410",8,7139,7139,164441,0
2008,381,2,392,"H3","722490",8,101,101,26391,0
2008,381,1,752,"H3","722490",8,5348074,5348074,4591823,0
2008,381,2,752,"H3","722490",8,87040,87040,156674,0
2008,381,1,392,"H3","721935",8,2596345,2596345,6122688,0
2008,381,1,752,"H3","721935",8,68952,68952,484101,0
2008,381,2,752,"H3","721935",8,44552,44552,322330,0
2008,381,2,752,"H3","722020",8,136617,136617,945098,0
2008,381,2,392,"H3","722012",8,8210,8210,15490,0
2008,381,1,752,"H3","7225",8,124573606,124573606,172571264,0
2008,381,2,752,"H3","7225",8,456453,456453,2532535,0
2008,381,1,392,"H3","691390",8,494,494,16314,0
2008,381,2,392,"H3","691390",8,349090,349090,1943578,0
2008,381,1,752,"H3","691390",8,266,266,1589,0
2008,381,2,752,"H3","691390",8,3947,3947,15503,0
2008,381,1,392,"H3","7223",8,123693,123693,1437732,0
2008,381,2,392,"H3","7223",8,10622,10622,133539,0
2008,381,1,752,"H3","7223",8,1618068,1618068,14892740,0
2008,381,2,752,"H3","7223",8,266968,266968,1835139,0
2008,381,1,392,"H3","7226",8,6069,6069,126716,0
2008,381,1,752,"H3","7226",8,2866024,2866024,7693510,0
2008,381,2,752,"H3","7226",8,1863284,1863284,2600651,0
2008,381,1,392,"H3","722611",8,5098,5098,110438,0
2008,381,2,752,"H3","722611",8,35177,35177,181464,0
2008,381,1,392,"H3","722619",8,971,971,16278,0
2008,381,1,752,"H3","722619",8,2365338,2365338,3712935,0
2008,381,1,392,"H3","7225",8,1443617,1443617,2502822,0
2008,381,1,752,"H3","722012",8,49725,49725,470722,0
2008,381,2,752,"H3","722012",8,3298,3298,16370,0
2008,381,1,392,"H3","722020",8,47019,47019,738567,0
2008,381,1,752,"H3","722020",8,3104081,3104081,26480762,0
2008,381,2,392,"H3","7009",8,75974,75974,874313,6
2008,381,1,392,"H3","722530",8,520490,520490,755751,0
2008,381,1,752,"H3","722530",8,72322472,72322472,74740512,0
2008,381,1,752,"H3","722550",8,2045013,2045013,1794925,0
2008,381,1,752,"H3","722591",8,426410,426410,522343,0
2008,381,1,752,"H3","722592",8,11371429,11371429,13667325,0
2008,381,1,392,"H3","7009",8,3186,3186,173551,0
2008,381,1,752,"H3","722599",8,596975,596975,1575575,0
2008,381,2,752,"H3","722599",8,50760,50760,272352,0
2008,381,1,392,"H3","7228",8,31031,31031,358837,0
2008,381,2,392,"H3","7228",8,3102,3102,8187,0
2008,381,1,752,"H3","722699",8,9173,9173,46651,0
2008,381,2,752,"H3","722511",8,405693,405693,2260183,0
2008,381,2,752,"H3","721129",8,20439,20439,66182,0
2008,381,2,392,"H3","7227",8,1700,1700,4315,0
2008,381,1,752,"H3","722519",8,3631008,3631008,4699532,0
2008,381,1,752,"H3","7208",8,89655677,89655677,71130606,0
2008,381,1,392,"H3","720299",8,58080,58080,241036,0
2008,381,1,392,"H3","722830",8,11518,11518,88863,0
2008,381,2,392,"H3","722830",8,3100,3100,3828,0
2008,381,1,752,"H3","722830",8,12737093,12737093,25114802,0
2008,381,2,752,"H3","722830",8,5282205,5282205,7420426,0
2008,381,1,752,"H3","721931",8,718854,718854,5354187,0
2008,381,2,752,"H3","721931",8,13889,13889,68424,0
2008,381,1,752,"H3","720851",8,1837525,1837525,2313125,0
2008,381,2,752,"H3","720851",8,2030299,2030299,2085064,0
2008,381,1,752,"H3","720299",8,2137120,2137120,3817587,0
2008,381,1,752,"H3","720854",8,218473,218473,176995,0
2008,381,1,752,"H3","7227",8,45029,45029,536892,0
2008,381,1,392,"H3","722870",8,310,310,5434,0
2008,381,2,392,"H3","722870",8,2,2,4359,0
2008,381,1,752,"H3","722870",8,91300,91300,174594,0
2008,381,2,752,"H3","722870",8,106224,106224,546215,0
2008,381,1,752,"H3","7209",8,20150805,20150805,20834945,0
2008,381,2,752,"H3","7209",8,1071876,1071876,1121224,0
2008,381,1,752,"H3","722219",8,17145,17145,91741,0
2008,381,2,752,"H3","722219",8,797292,797292,5000388,0
2008,381,1,392,"H3","722920",8,500960,500960,920271,0
2008,381,1,752,"H3","722920",8,347726,347726,1408771,0
2008,381,2,752,"H3","722920",8,8014,8014,16042,0
2008,381,1,392,"H3","722990",8,368553,368553,1530662,0
2008,381,2,392,"H3","722990",8,10109,10109,18900,0
2008,381,1,752,"H3","722990",8,89665,89665,437601,0
2008,381,2,752,"H3","722990",8,935533,935533,1717392,0
2008,381,2,752,"H3","7227",8,5753891,5753891,7569032,0
2008,381,1,392,"H3","722240",8,244,244,9858,0
2008,381,1,752,"H3","722240",8,89328,89328,694764,0
2008,381,2,752,"H3","722240",8,957157,957157,5867251,0
2008,381,1,392,"H3","7301",8,2600,2600,50900,0
2008,381,1,752,"H3","7301",8,49,49,173,0
2008,381,2,752,"H3","7301",8,18556,18556,58800,0
2008,381,1,392,"H3","730120",8,2600,2600,50900,0
2008,381,1,752,"H3","730120",8,49,49,173,0
2008,381,2,752,"H3","730120",8,18556,18556,58800,0
2008,381,1,392,"H3","702000",8,1599,1599,196836,0
2008,381,2,392,"H3","702000",8,50402,50402,1010568,0
2008,381,1,752,"H3","702000",8,709,709,23957,0
2008,381,2,752,"H3","722720",8,95614,95614,122087,0
2008,381,1,392,"H3","7304",8,11892714,11892714,48183282,0
2008,381,2,392,"H3","7304",8,1124965,1124965,3299738,0
2008,381,2,752,"H3","702000",8,9150,9150,193678,0
2008,381,1,752,"H3","71",1,,,8335726,0
2008,381,2,752,"H3","71",1,,,32057336,0
2008,381,2,752,"H3","721391",8,94610,94610,100825,0
2008,381,2,752,"H3","721499",8,8489119,8489119,9061635,0
2008,381,1,752,"H3","722511",8,376740,376740,615170,0
2008,381,1,392,"H3","730419",8,8632707,8632707,24330690,0
2008,381,2,392,"H3","730419",8,388927,388927,949933,0
2008,381,2,752,"H3","7208",8,4011544,4011544,4026367,0
2008,381,1,392,"H3","6814",8,1180,1180,59783,0
2008,381,1,752,"H3","6814",8,21,21,461,0
2008,381,1,392,"H3","730429",8,882548,882548,3364756,0
2008,381,1,392,"H3","722790",8,1193983,1193983,1846409,0
2008,381,1,392,"H3","720449",8,1,1,1824,0
2008,381,2,392,"H3","720449",8,400,400,73940,0
2008,381,1,392,"H3","721410",8,680,680,9682,0
2008,381,1,392,"H3","730439",8,2926,2926,39625,0
2008,381,2,392,"H3","730439",8,15805,15805,70568,0
2008,381,2,752,"H3","722790",8,5658277,5658277,7446945,0
2008,381,2,392,"H3","721410",8,6000,6000,43405,0
2008,381,1,392,"H3","730441",8,151055,151055,1310942,0
2008,381,1,752,"H3","7228",8,20059257,20059257,60944089,0
2008,381,1,392,"H3","721710",8,223964,223964,937482,0
2008,381,1,392,"H3","730449",8,159751,159751,1377098,0
2008,381,1,752,"H3","730449",8,829621,829621,20359462,0
2008,381,2,752,"H3","730449",8,3819,3819,19543,0
2008,381,1,392,"H3","730451",8,125,125,6955,0
2008,381,1,752,"H3","730451",8,2285230,2285230,5913064,0
2008,381,2,752,"H3","730451",8,152737,152737,1247460,0
2008,381,2,392,"H3","721710",8,620,620,3399,0
2008,381,1,752,"H3","722691",8,193667,193667,1004237,0
2008,381,2,752,"H3","721710",8,353204,353204,546865,0
2008,381,1,752,"H3","721720",8,627230,627230,881251,0
2008,381,1,392,"H3","730490",8,3027,3027,88237,0
2008,381,2,392,"H3","730490",8,1403,1403,14277,0
2008,381,2,752,"H3","721720",8,316735,316735,430494,0
2008,381,2,752,"H3","721410",8,25300,25300,30831,0
2008,381,1,392,"H3","7305",8,292186,292186,712088,0
2008,381,2,392,"H3","7305",8,27687,27687,377525,0
2008,381,1,752,"H3","7305",8,39849,39849,195268,0
2008,381,2,752,"H3","7305",8,350265,350265,527292,0
2008,381,1,392,"H3","730511",8,270544,270544,635541,0
2008,381,2,392,"H3","730511",8,12,12,4319,0
2008,381,1,752,"H3","730512",8,4790,4790,2440,0
2008,381,2,752,"H3","730512",8,334742,334742,450062,0
2008,381,1,392,"H3","730519",8,19842,19842,73964,0
2008,381,2,392,"H3","730520",8,23389,23389,292002,0
2008,381,2,752,"H3","730520",8,3654,3654,40088,0
2008,381,1,392,"H3","730531",8,1800,1800,2583,0
2008,381,2,392,"H3","730531",8,2176,2176,10730,0
2008,381,2,752,"H3","730531",8,11869,11869,37143,0
2008,381,2,392,"H3","721499",8,34381,34381,230075,0
2008,381,1,752,"H3","730590",8,35059,35059,192827,0
2008,381,1,392,"H3","7306",8,2325874,2325874,6513696,0
2008,381,2,392,"H3","7306",8,56860,56860,405434,0
2008,381,2,752,"H3","721012",8,633,633,816,0
2008,381,1,392,"H3","710692",8,1237,1237,679435,0
2008,381,1,392,"H3","730611",8,192,192,2057,0
2008,381,2,392,"H3","730611",8,73,73,32154,0
2008,381,1,752,"H3","730611",8,44681,44681,226491,0
2008,381,2,752,"H3","730611",8,71626,71626,367753,0
2008,381,1,392,"H3","730619",8,1800,1800,27250,0
2008,381,2,752,"H3","730619",8,22141,22141,29197,0
2008,381,2,392,"H3","710692",8,7,7,10228,0
2008,381,1,752,"H3","710692",8,13,13,41562,0
2008,381,1,392,"H3","730630",8,330184,330184,1728766,0
2008,381,1,752,"H3","730630",8,937,937,1095,0
2008,381,2,752,"H3","730630",8,15333024,15333024,25746735,0
2008,381,1,392,"H3","730640",8,2380,2380,99035,0
2008,381,2,392,"H3","730640",8,4326,4326,214879,0
2008,381,2,752,"H3","710692",8,3894,3894,890388,0
2008,381,1,392,"H3","7107",8,2,2,2458,0
2008,381,1,392,"H3","730650",8,7460,7460,367835,0
2008,381,2,392,"H3","7107",8,2,2,9417,0
2008,381,1,752,"H3","7107",8,63,63,7478,0
2008,381,2,752,"H3","722691",8,1828107,1828107,2419187,0
2008,381,1,752,"H3","721499",8,133601,133601,231731,0
2008,381,2,752,"H3","721061",8,18390,18390,25030,0
2008,381,2,392,"H3","730669",8,51700,51700,112030,0
2008,381,1,752,"H3","730669",8,18225,18225,37279,0
2008,381,2,752,"H3","730669",8,2523699,2523699,3966647,0
2008,381,1,392,"H3","730690",8,9034,9034,101647,0
2008,381,2,392,"H3","730690",8,761,761,46372,0
2008,381,1,752,"H3","730690",8,46698,46698,1399127,0
2008,381,2,752,"H3","730690",8,97063,97063,354977,0
2008,381,1,392,"H3","7307",8,236970,236970,1984159,0
2008,381,2,392,"H3","7307",8,909564,909564,14901746,0
2008,381,1,752,"H3","7108",8,249,249,5733019,0
2008,381,1,752,"H3","722692",8,269350,269350,2542036,0
2008,381,2,392,"H3","730711",8,10722,10722,388879,0
2008,381,1,752,"H3","730711",8,26026,26026,423952,0
2008,381,2,752,"H3","730711",8,237378,237378,6663847,0
2008,381,2,752,"H3","7108",8,23,23,675145,0
2008,381,2,752,"H3","721113",8,386497,386497,481508,0
2008,381,1,392,"H3","721114",8,66679,66679,222754,0
2008,381,2,752,"H3","721114",8,32167,32167,28626,0
2008,381,1,392,"H3","730721",8,286,286,13342,0
2008,381,2,392,"H3","730721",8,32347,32347,123874,0
2008,381,1,752,"H3","730721",8,36992,36992,611930,0
2008,381,2,752,"H3","730721",8,366726,366726,2800711,0
2008,381,1,392,"H3","730722",8,16968,16968,296238,0
2008,381,2,392,"H3","730722",8,10640,10640,100422,0
2008,381,2,752,"H3","7228",8,10453608,10453608,19475150,0
2008,381,1,392,"H3","721123",8,566,566,3810,0
2008,381,1,392,"H3","730723",8,171,171,7795,0
2008,381,2,392,"H3","730723",8,5464,5464,387145,0
2008,381,1,392,"H3","7227",8,1193983,1193983,1846409,0
2008,381,1,752,"H3","711311",8,17,17,120276,0
2008,381,1,392,"H3","730729",8,361,361,27503,0
2008,381,2,392,"H3","730729",8,139,139,40518,0
2008,381,2,752,"H3","711311",8,6751,6751,6336576,0
2008,381,1,752,"H3","711319",8,17,17,469618,0
2008,381,1,392,"H3","730791",8,376,376,23347,0
2008,381,2,392,"H3","730791",8,637047,637047,10673779,0
2008,381,2,752,"H3","711319",8,835,835,20699189,0
2008,381,2,752,"H3","711411",8,106,106,98936,0
2008,381,1,392,"H3","730792",8,233,233,13897,0
2008,381,2,392,"H3","730792",8,545,545,11172,0
2008,381,1,752,"H3","730792",8,2518,2518,50160,0
2008,381,2,752,"H3","730792",8,170439,170439,3943755,0
2008,381,2,392,"H3","722790",8,1700,1700,4315,0
2008,381,1,752,"H3","720826",8,7757180,7757180,6610953,0
2008,381,2,752,"H3","720826",8,1220919,1220919,1153333,0
2008,381,1,752,"H3","720827",8,2187285,2187285,1852035,0
2008,381,1,392,"H3","730799",8,23433,23433,441278,0
2008,381,2,392,"H3","730799",8,48883,48883,465418,0
2008,381,2,752,"H3","720827",8,656578,656578,654182,0
2008,381,1,752,"H3","721933",8,6000305,6000305,34015222,0
2008,381,2,752,"H3","721933",8,141308,141308,549073,0
2008,381,1,392,"H3","7229",8,869513,869513,2450932,0
2008,381,2,392,"H3","7229",8,10109,10109,18900,0
2008,381,1,752,"H3","7229",8,437391,437391,1846372,0
2008,381,2,752,"H3","730810",8,826,826,2268,0
2008,381,1,752,"H3","730820",8,5003,5003,95655,0
2008,381,2,752,"H3","730820",8,51164,51164,225995,0
2008,381,2,392,"H3","730830",8,15306,15306,169777,0
2008,381,2,752,"H3","7229",8,943547,943547,1733434,0
2008,381,1,392,"H3","73",1,,,103888447,0
2008,381,2,392,"H3","73",1,,,135575925,0
2008,381,1,752,"H3","73",1,,,146411478,0
2008,381,1,392,"H3","730890",8,455,455,48307,0
2008,381,2,392,"H3","730890",8,604403,604403,1302551,0
2008,381,2,752,"H3","73",1,,,322369160,0
2008,381,1,392,"H3","722540",8,923127,923127,1747071,0
2008,381,1,752,"H3","722540",8,33803559,33803559,74955882,0
2008,381,1,752,"H3","722710",8,45029,45029,536892,0
2008,381,2,752,"H3","7302",8,1867,1867,8191,0
2008,381,2,752,"H3","730240",8,1867,1867,8191,0
2008,381,1,392,"H3","730411",8,1442570,1442570,13243663,0
2008,381,2,392,"H3","730411",8,220,220,12972,0
2008,381,1,392,"H3","7310",8,54060,54060,80621,0
2008,381,2,392,"H3","7310",8,20193,20193,204114,0
2008,381,1,752,"H3","730411",8,108513,108513,2892694,0
2008,381,2,752,"H3","730411",8,1393,1393,1628,0
2008,381,1,752,"H3","730419",8,59045,59045,263536,0
2008,381,1,752,"H3","720410",8,5603663,5603663,1897437,0
2008,381,2,752,"H3","730419",8,509568,509568,1329280,0
2008,381,2,392,"H3","730431",8,257849,257849,823881,0
2008,381,1,752,"H3","730431",8,855917,855917,2202187,0
2008,381,2,752,"H3","730431",8,5905072,5905072,16066346,0
2008,381,1,752,"H3","730439",8,2861255,2861255,21487623,0
2008,381,2,752,"H3","730439",8,1927742,1927742,4283595,0
2008,381,1,752,"H3","722620",8,28496,28496,387651,0
2008,381,1,752,"H3","7306",8,854182,854182,7555700,0
2008,381,1,752,"H3","721011",8,5275,5275,37953,0
2008,381,1,392,"H3","7311",8,51832,51832,291426,0
2008,381,2,392,"H3","7311",8,140566,140566,896406,0
2008,381,2,752,"H3","7306",8,27823454,27823454,67226428,0
2008,381,1,752,"H3","730650",8,1076,1076,11143,0
2008,381,1,392,"H3","731100",8,51832,51832,291426,0
2008,381,2,392,"H3","731100",8,140566,140566,896406,0
2008,381,2,752,"H3","730650",8,2407,2407,2842,0
2008,381,1,392,"H3","730719",8,26618,26618,145532,0
2008,381,2,392,"H3","730719",8,8972,8972,116094,0
2008,381,1,752,"H3","730719",8,6863,6863,31251,0
2008,381,2,752,"H3","730719",8,721511,721511,7801541,0
2008,381,1,752,"H3","722820",8,7163,7163,15170,0
2008,381,2,752,"H3","722820",8,15175,15175,17573,0
2008,381,1,752,"H3","730799",8,8613,8613,125033,0
2008,381,2,752,"H3","730799",8,1766906,1766906,25212371,0
2008,381,1,752,"H3","7308",8,890057,890057,5312596,6
2008,381,1,752,"H3","731290",8,977,977,1044,0
2008,381,2,752,"H3","731290",8,6187,6187,53782,0
2008,381,2,752,"H3","7308",8,4077858,4077858,11679816,6
2008,381,1,752,"H3","730300",8,3607,3607,175068,0
2008,381,1,752,"H3","720916",8,10171157,10171157,11051914,0
2008,381,2,752,"H3","720916",8,886960,886960,918751,0
2008,381,1,392,"H3","7314",8,21537,21537,65775,0
2008,381,2,392,"H3","7314",8,5786,5786,30683,0
2008,381,1,752,"H3","730441",8,1145467,1145467,31559328,0
2008,381,2,752,"H3","730441",8,6492,6492,110189,0
2008,381,2,752,"H3","731412",8,1523,1523,24215,0
2008,381,1,392,"H3","731414",8,3,3,1982,0
2008,381,2,392,"H3","731414",8,33,33,2768,0
2008,381,1,752,"H3","731414",8,120,120,80011,0
2008,381,2,752,"H3","731414",8,2469,2469,68700,0
2008,381,1,392,"H3","721911",8,96648,96648,720319,0
2008,381,1,752,"H3","721911",8,3523335,3523335,16348901,0
2008,381,1,752,"H3","730722",8,5847,5847,98184,0
2008,381,1,752,"H3","731420",8,36711,36711,218730,0
2008,381,2,752,"H3","731420",8,76,76,91,0
2008,381,2,752,"H3","730722",8,56432,56432,1778105,0
2008,381,1,752,"H3","730723",8,145027,145027,3113887,0
2008,381,1,392,"H3","731439",8,150,150,4662,0
2008,381,2,752,"H3","730723",8,20446,20446,917200,0
2008,381,1,752,"H3","730791",8,10999,10999,149093,0
2008,381,2,752,"H3","731441",8,100707,100707,196578,0
2008,381,2,752,"H3","731442",8,158798,158798,357649,0
2008,381,2,752,"H3","731449",8,38233,38233,157452,0
2008,381,2,752,"H3","730791",8,128541,128541,652564,0
2008,381,1,392,"H3","722810",8,2342,2342,146344,0
2008,381,1,392,"H3","7315",8,781688,781688,10859033,0
2008,381,2,392,"H3","7315",8,84370,84370,1124192,0
2008,381,1,392,"H3","7308",8,455,455,48307,0
2008,381,1,752,"H3","720853",8,962475,962475,609814,0
2008,381,1,392,"H3","731511",8,628816,628816,8550964,0
2008,381,2,752,"H3","720853",8,4045,4045,3847,0
2008,381,2,392,"H3","7308",8,619709,619709,1472328,0
2008,381,1,752,"H3","730830",8,283595,283595,1380889,6
2008,381,2,752,"H3","730830",8,8355,8355,58637,6
2008,381,1,752,"H3","730840",8,133564,133564,223833,0
2008,381,2,752,"H3","730840",8,545125,545125,2449590,0
2008,381,1,752,"H3","730890",8,467895,467895,3612219,0
2008,381,1,392,"H3","731519",8,18061,18061,180229,0
2008,381,2,392,"H3","731519",8,11442,11442,153326,0
2008,381,1,752,"H3","731519",8,1,1,10,0
2008,381,2,752,"H3","731519",8,53587,53587,335908,0
2008,381,1,392,"H3","731520",8,8780,8780,56982,0
2008,381,2,392,"H3","731520",8,62271,62271,763126,0
2008,381,1,752,"H3","731520",8,4909,4909,48491,0
2008,381,2,752,"H3","731520",8,58951,58951,290267,0
2008,381,2,392,"H3","731581",8,4573,4573,27624,0
2008,381,2,752,"H3","731581",8,10329,10329,81778,0
2008,381,2,392,"H3","731582",8,37,37,8777,0
2008,381,1,752,"H3","731582",8,143484,143484,543505,0
2008,381,2,752,"H3","731582",8,394782,394782,1232343,0
2008,381,1,392,"H3","731589",8,20,20,5675,0
2008,381,2,392,"H3","731589",8,1410,1410,25285,0
2008,381,2,752,"H3","730890",8,3472388,3472388,8943326,0
2008,381,1,752,"H3","730629",8,3548,3548,2084,0
2008,381,2,392,"H3","731590",8,1166,1166,44492,0
2008,381,1,752,"H3","731590",8,455,455,1540,0
2008,381,2,752,"H3","731590",8,3055,3055,19797,0
2008,381,1,752,"H3","7315",8,155663,155663,663505,0
2008,381,1,392,"H3","722840",8,280,280,2028,0
2008,381,1,752,"H3","722840",8,6331301,6331301,28441653,0
2008,381,2,752,"H3","722840",8,22132,22132,114138,0
2008,381,1,392,"H3","7317",8,26,26,8233,0
2008,381,2,392,"H3","7317",8,19656,19656,143853,0
2008,381,2,752,"H3","7315",8,832377,832377,6386696,0
2008,381,2,392,"H3","7309",8,34617,34617,620343,0
2008,381,1,392,"H3","731700",8,26,26,8233,0
2008,381,1,752,"H3","7309",8,14234,14234,73553,0
2008,381,2,752,"H3","7309",8,803987,803987,9255591,0
2008,381,1,752,"H3","730490",8,10151,10151,830195,0
2008,381,2,752,"H3","730490",8,621727,621727,1869360,0
2008,381,2,392,"H3","730539",8,2110,2110,70474,0
2008,381,1,392,"H3","7312",8,1788544,1788544,5975128,0
2008,381,2,392,"H3","7312",8,3907,3907,101504,0
2008,381,1,392,"H3","731811",8,5090,5090,35614,0
2008,381,2,392,"H3","731811",8,5296,5296,21201,0
2008,381,1,752,"H3","731811",8,5573,5573,72102,0
2008,381,2,752,"H3","731811",8,3040,3040,14112,0
2008,381,1,392,"H3","731812",8,3424,3424,33783,0
2008,381,2,392,"H3","731812",8,1,1,2681,0
2008,381,1,752,"H3","731812",8,1532,1532,7239,0
2008,381,2,752,"H3","731812",8,99169,99169,325639,0
2008,381,1,392,"H3","731813",8,2,2,1982,0
2008,381,2,392,"H3","731813",8,3,3,7840,0
2008,381,1,752,"H3","731813",8,73945,73945,250031,0
2008,381,2,752,"H3","731813",8,1469,1469,6322,0
2008,381,1,392,"H3","731814",8,22161,22161,445194,0
2008,381,2,392,"H3","731814",8,1206,1206,19257,0
2008,381,1,752,"H3","7312",8,6569,6569,37035,0
2008,381,2,752,"H3","7312",8,65492,65492,433254,0
2008,381,1,392,"H3","731815",8,1081465,1081465,13108761,0
2008,381,1,752,"H3","7222",8,3050542,3050542,23776451,0
2008,381,2,752,"H3","7222",8,13648936,13648936,86887440,0
2008,381,2,392,"H3","730900",8,34617,34617,620343,0
2008,381,1,752,"H3","731300",8,13,13,40,0
2008,381,2,752,"H3","731300",8,798,798,15675,0
2008,381,1,392,"H3","730661",8,1974824,1974824,4187104,0
2008,381,1,752,"H3","730661",8,4752,4752,20171,0
2008,381,2,752,"H3","730661",8,4074949,4074949,5828586,0
2008,381,2,392,"H3","731815",8,140814,140814,1100253,0
2008,381,2,752,"H3","7316",8,2414,2414,7671,0
2008,381,2,752,"H3","731819",8,147221,147221,928180,0
2008,381,1,392,"H3","731821",8,159,159,8729,0
2008,381,1,752,"H3","731821",8,22786,22786,1382827,0
2008,381,2,752,"H3","731821",8,170174,170174,1492499,0
2008,381,1,392,"H3","731822",8,4572,4572,139537,0
2008,381,2,392,"H3","731822",8,129,129,12240,0
2008,381,1,752,"H3","731822",8,6469,6469,112467,0
2008,381,2,752,"H3","731822",8,75954,75954,773184,0
2008,381,1,752,"H3","731823",8,1729,1729,41037,0
2008,381,2,752,"H3","731823",8,1475,1475,21889,0
2008,381,1,392,"H3","731824",8,1016,1016,5844,0
2008,381,1,752,"H3","731824",8,799,799,65118,0
2008,381,2,752,"H3","731824",8,3906,3906,42877,0
2008,381,1,392,"H3","731829",8,175232,175232,1443797,0
2008,381,2,392,"H3","731829",8,1380,1380,104646,0
2008,381,1,752,"H3","731829",8,9095,9095,92833,0
2008,381,2,752,"H3","731829",8,606594,606594,813633,0
2008,381,1,392,"H3","7319",8,1927,1927,951203,0
2008,381,2,392,"H3","7319",8,5,5,2787,0
2008,381,1,752,"H3","7319",8,245,245,3869,0
2008,381,2,752,"H3","7319",8,64,64,1594,0
2008,381,1,752,"H3","722810",8,49326,49326,3736161,0
2008,381,1,392,"H3","731930",8,47,47,7665,0
2008,381,1,752,"H3","731930",8,27,27,527,0
2008,381,2,752,"H3","731930",8,3,3,37,0
2008,381,2,752,"H3","722810",8,112916,112916,817661,0
2008,381,1,752,"H3","731815",8,43927,43927,879727,0
2008,381,1,752,"H3","730793",8,7600,7600,153920,0
2008,381,2,752,"H3","731815",8,4407990,4407990,21367669,0
2008,381,1,392,"H3","731210",8,1788544,1788544,5975128,0
2008,381,2,392,"H3","731210",8,3907,3907,101504,0
2008,381,2,752,"H3","730793",8,44441,44441,508197,0
2008,381,1,752,"H3","731210",8,5592,5592,35991,0
2008,381,1,392,"H3","732010",8,94756,94756,387579,0
2008,381,1,752,"H3","732010",8,1316,1316,4748,0
2008,381,2,752,"H3","732010",8,51133,51133,244848,0
2008,381,1,392,"H3","732020",8,2817528,2817528,6234653,0
2008,381,2,392,"H3","732020",8,2712,2712,26582,0
2008,381,1,752,"H3","732020",8,9256,9256,124195,0
2008,381,2,752,"H3","732020",8,45145,45145,502716,0
2008,381,1,392,"H3","732090",8,20636,20636,252953,0
2008,381,2,392,"H3","732090",8,22024,22024,5157437,0
2008,381,2,752,"H3","731210",8,59305,59305,379472,0
2008,381,1,752,"H3","7317",8,26240,26240,315521,0
2008,381,1,392,"H3","7321",1,,304660,3184491,0
2008,381,2,392,"H3","7321",1,,135252,1511281,0
2008,381,2,752,"H3","7317",8,56220,56220,321258,0
2008,381,1,392,"H3","722860",8,16581,16581,116169,0
2008,381,2,392,"H3","731511",8,149,149,8840,0
2008,381,1,752,"H3","731511",8,5815,5815,61774,0
2008,381,1,752,"H3","732112",5,56,410,1235,4
2008,381,1,752,"H3","722860",8,116671,116671,395010,0
2008,381,2,752,"H3","731511",8,179677,179677,2490248,0
2008,381,1,752,"H3","7313",8,13,13,40,0
2008,381,2,752,"H3","7313",8,798,798,15675,0
2008,381,1,392,"H3","731512",8,126011,126011,2065183,0
2008,381,1,392,"H3","732182",5,31043,245494,2411685,0
2008,381,2,392,"H3","732182",5,21,541,12408,0
2008,381,2,392,"H3","731512",8,3322,3322,92722,0
2008,381,2,392,"H3","732189",5,3021,33379,471681,0
2008,381,1,752,"H3","732189",5,1127,240653,937189,4
2008,381,2,752,"H3","732189",5,238,,482521,0
2008,381,1,392,"H3","732190",8,86,86,3671,0
2008,381,2,392,"H3","732190",8,11221,11221,83967,0
2008,381,1,752,"H3","731512",8,772,772,7296,0
2008,381,2,752,"H3","731512",8,62355,62355,1134396,0
2008,381,1,392,"H3","7322",8,70,70,1803,0
2008,381,2,392,"H3","7322",8,11943,11943,79080,0
2008,381,1,752,"H3","7322",8,6882,6882,139647,0
2008,381,2,752,"H3","7322",8,1721058,1721058,6160675,0
2008,381,1,392,"H3","732219",8,70,70,1803,0
2008,381,2,392,"H3","732219",8,9777,9777,58658,0
2008,381,1,752,"H3","732219",8,220,220,1012,0
2008,381,2,752,"H3","732219",8,1521648,1521648,3788585,0
2008,381,2,392,"H3","732290",8,2166,2166,20423,0
2008,381,1,752,"H3","732290",8,6662,6662,138635,0
2008,381,2,752,"H3","732290",8,199410,199410,2372090,0
2008,381,1,392,"H3","7323",8,6065,6065,121732,0
2008,381,2,392,"H3","7323",8,169389,169389,4501723,0
2008,381,1,752,"H3","731589",8,227,227,888,0
2008,381,2,752,"H3","731589",8,69641,69641,801960,0
2008,381,2,752,"H3","732310",8,396,396,1633,0
2008,381,1,392,"H3","732391",8,2079,2079,43510,0
2008,381,2,392,"H3","732391",8,710,710,22346,0
2008,381,2,752,"H3","732391",8,266,266,4151,0
2008,381,2,392,"H3","732392",8,8424,8424,163269,0
2008,381,2,752,"H3","732392",8,29,29,103,0
2008,381,2,392,"H3","731700",8,19656,19656,143853,0
2008,381,1,752,"H3","731700",8,26240,26240,315521,0
2008,381,2,752,"H3","731700",8,56220,56220,321258,0
2008,381,2,752,"H3","721650",8,6636668,6636668,7009883,0
2008,381,2,392,"H3","732394",8,6809,6809,245998,0
2008,381,1,752,"H3","732394",8,722,722,5972,0
2008,381,2,752,"H3","732394",8,12864,12864,47047,0
2008,381,2,392,"H3","721661",8,3070,3070,7244,0
2008,381,1,752,"H3","7314",8,37719,37719,314483,0
2008,381,1,752,"H3","721661",8,36535,36535,347490,0
2008,381,2,752,"H3","721661",8,199731,199731,323757,0
2008,381,1,392,"H3","731010",8,369,369,7949,0
2008,381,2,392,"H3","731010",8,17847,17847,158939,0
2008,381,1,752,"H3","730429",8,2014,2014,19014,0
2008,381,1,392,"H3","731021",8,418,418,7772,0
2008,381,2,392,"H3","732410",8,849,849,31606,0
2008,381,2,392,"H3","731021",8,2120,2120,42578,0
2008,381,2,752,"H3","731021",8,1140,1140,16859,0
2008,381,1,392,"H3","732429",8,786,786,97347,6
2008,381,2,392,"H3","732429",8,2192,2192,33827,0
2008,381,2,752,"H3","732429",8,19707,19707,88386,6
2008,381,1,392,"H3","732490",8,6,6,7428,0
2008,381,2,392,"H3","732490",8,6734,6734,155850,0
2008,381,1,752,"H3","732490",8,1229,1229,27247,0
2008,381,2,752,"H3","732490",8,9015,9015,61506,0
2008,381,1,392,"H3","731029",8,53273,53273,64900,0
2008,381,2,392,"H3","731029",8,226,226,2597,0
2008,381,2,752,"H3","7314",8,690333,690333,1928616,0
2008,381,1,392,"H3","731419",8,24,24,5026,0
2008,381,2,392,"H3","732510",8,899,899,20440,0
2008,381,1,752,"H3","732510",8,6000,6000,37285,0
2008,381,2,752,"H3","732510",8,87516,87516,383620,6
2008,381,1,392,"H3","732599",8,48886,48886,95984,0
2008,381,2,392,"H3","732599",8,7799,7799,115012,0
2008,381,1,752,"H3","732599",8,15014,15014,57729,0
2008,381,2,752,"H3","732599",8,298514,298514,1635444,0
2008,381,1,392,"H3","7326",8,206142,206142,1959718,0
2008,381,2,392,"H3","7326",8,9165686,9165686,98367757,0
2008,381,1,752,"H3","731029",8,1646,1646,16173,0
2008,381,1,392,"H3","7318",8,1370051,1370051,15820907,0
2008,381,1,392,"H3","732619",8,23839,23839,279441,0
2008,381,2,392,"H3","732619",8,478180,478180,2415767,0
2008,381,2,392,"H3","7318",8,194509,194509,1994674,0
2008,381,1,752,"H3","731419",8,25,25,10611,0
2008,381,1,752,"H3","7318",8,178281,178281,3022628,0
2008,381,2,752,"H3","731029",8,196187,196187,949889,0
2008,381,1,752,"H3","7311",8,718,718,4461,0
2008,381,2,752,"H3","731419",8,9775,9775,85883,0
2008,381,2,752,"H3","7311",8,531598,531598,2945469,0
2008,381,1,752,"H3","730621",8,2623,2623,12160,0
2008,381,1,752,"H3","7316",8,158,158,662,0
2008,381,1,752,"H3","730640",8,731642,731642,5846150,0
2008,381,2,752,"H3","730640",8,5698545,5698545,30929690,0
2008,381,1,392,"H3","731819",8,55764,55764,244605,0
2008,381,2,392,"H3","731819",8,12544,12544,326777,0
2008,381,1,752,"H3","7307",8,256607,256607,4997808,0
2008,381,2,752,"H3","7307",8,3611409,3611409,51961066,0
2008,381,2,752,"H3","7318",8,6490947,6490947,29977075,0
2008,381,1,752,"H3","731814",8,3933,3933,33730,0
2008,381,1,752,"H3","721090",8,184987,184987,454889,0
2008,381,2,752,"H3","731814",8,9836,9836,47736,0
2008,381,1,752,"H3","740311",8,24622,24622,201730,0
2008,381,1,752,"H3","731819",8,333,333,4252,0
2008,381,2,392,"H3","731431",8,5753,5753,27915,0
2008,381,2,392,"H3","740321",8,19953,19953,156816,0
2008,381,2,752,"H3","731431",8,226075,226075,650773,0
2008,381,1,392,"H3","740322",8,17649,17649,280611,0
2008,381,2,392,"H3","740322",8,46,46,2055,0
2008,381,1,752,"H3","730729",8,6122,6122,240399,0
2008,381,2,752,"H3","730729",8,98589,98589,1682774,0
2008,381,1,392,"H3","731450",8,21360,21360,54105,0
2008,381,2,392,"H3","7404",8,25820,25820,113215,0
2008,381,2,752,"H3","7404",8,8350300,8350300,9718473,0
2008,381,2,752,"H3","731450",8,126957,126957,320982,0
2008,381,1,392,"H3","730793",8,168524,168524,1015226,0
2008,381,2,392,"H3","730793",8,154805,154805,2594446,0
2008,381,2,752,"H3","731920",8,6,6,167,0
2008,381,1,752,"H3","7406",8,149,149,1314,0
2008,381,2,752,"H3","7406",8,3200,3200,32071,0
2008,381,1,752,"H3","740610",8,149,149,1314,0
2008,381,2,752,"H3","740610",8,3200,3200,32071,0
2008,381,1,392,"H3","7407",8,85690,85690,1339930,0
2008,381,2,392,"H3","7407",8,77,77,3414,0
2008,381,1,752,"H3","7407",8,481673,481673,4453714,0
2008,381,2,752,"H3","7407",8,54003,54003,805260,0
2008,381,1,752,"H3","740710",8,39714,39714,363676,0
2008,381,2,752,"H3","740710",8,628,628,21358,0
2008,381,2,392,"H3","740721",8,77,77,3414,0
2008,381,1,752,"H3","740721",8,414146,414146,3133615,0
2008,381,2,752,"H3","740721",8,50179,50179,421861,0
2008,381,1,392,"H3","740729",8,85690,85690,1339930,0
2008,381,1,752,"H3","740729",8,27813,27813,956423,0
2008,381,2,752,"H3","740729",8,3196,3196,362042,0
2008,381,1,392,"H3","7408",8,256636,256636,3126006,0
2008,381,2,392,"H3","7408",8,1697,1697,171436,0
2008,381,1,752,"H3","7408",8,481577,481577,4087243,0
2008,381,2,752,"H3","7408",8,9420,9420,115730,0
2008,381,1,392,"H3","731990",8,1880,1880,943539,0
2008,381,2,392,"H3","731990",8,5,5,2787,0
2008,381,1,752,"H3","731990",8,218,218,3342,0
2008,381,2,752,"H3","731990",8,55,55,1390,0
2008,381,1,752,"H3","7320",8,71419,71419,647646,0
2008,381,1,752,"H3","731600",8,158,158,662,0
2008,381,2,752,"H3","7320",8,118135,118135,1130381,0
2008,381,2,752,"H3","731600",8,2414,2414,7671,0
2008,381,1,392,"H3","740822",8,3809,3809,70032,0
2008,381,1,752,"H3","740822",8,38994,38994,832356,0
2008,381,2,392,"H3","732111",5,5645,88710,926133,0
2008,381,2,752,"H3","732111",5,26388,508344,4569742,4
2008,381,1,392,"H3","732181",5,1025,59080,769136,0
2008,381,2,392,"H3","732181",5,62,1401,17093,0
2008,381,1,392,"H3","7409",8,434,434,39872,0
2008,381,2,392,"H3","7409",8,28369,28369,269123,0
2008,381,2,752,"H3","732181",5,767,25650,204439,4
2008,381,2,752,"H3","732182",5,11,155,1368,4
2008,381,1,752,"H3","740911",8,149795,149795,1361547,0
2008,381,2,752,"H3","740911",8,2189,2189,21550,0
2008,381,1,392,"H3","740919",8,434,434,39872,0
2008,381,1,752,"H3","740919",8,373,373,5659,0
2008,381,2,752,"H3","740919",8,10438,10438,104225,0
2008,381,1,752,"H3","732190",8,35604,35604,461701,0
2008,381,2,392,"H3","740929",8,28256,28256,266334,0
2008,381,1,752,"H3","740929",8,339,339,1762,0
2008,381,2,752,"H3","740929",8,168363,168363,1274616,0
2008,381,2,752,"H3","732190",8,40995,40995,764978,0
2008,381,2,392,"H3","740939",8,113,113,2790,0
2008,381,1,752,"H3","7323",8,123455,123455,962470,0
2008,381,2,752,"H3","7323",8,540107,540107,3158855,0
2008,381,1,752,"H3","740990",8,8635,8635,182793,0
2008,381,1,392,"H3","7410",8,704,704,81358,0
2008,381,1,752,"H3","7410",8,726551,726551,6979842,0
2008,381,2,752,"H3","7410",8,1269,1269,29368,0
2008,381,1,392,"H3","732393",8,2220,2220,39196,0
2008,381,1,752,"H3","741012",8,241359,241359,2286411,0
2008,381,2,752,"H3","741012",8,31,31,6608,0
2008,381,2,392,"H3","732393",8,123373,123373,3102511,0
2008,381,1,752,"H3","732393",8,39468,39468,691347,0
2008,381,2,752,"H3","732393",8,147870,147870,1956635,0
2008,381,1,392,"H3","732399",8,1766,1766,39026,0
2008,381,2,392,"H3","732399",8,30073,30073,967599,0
2008,381,1,392,"H3","7411",8,172551,172551,2307842,0
2008,381,1,752,"H3","7411",8,92551,92551,926903,0
2008,381,2,752,"H3","7411",8,441786,441786,4571420,0
2008,381,1,392,"H3","741110",8,7256,7256,73710,0
2008,381,1,392,"H3","7324",8,792,792,104775,6
2008,381,2,392,"H3","7324",8,9775,9775,221283,0
2008,381,1,752,"H3","7324",8,1846,1846,46350,0
2008,381,2,752,"H3","7324",8,50947,50947,670811,6
2008,381,1,752,"H3","732410",8,617,617,19103,0
2008,381,1,392,"H3","741122",8,102271,102271,1243810,0
2008,381,2,752,"H3","741122",8,15394,15394,265121,0
2008,381,2,752,"H3","732410",8,22225,22225,520919,0
2008,381,1,392,"H3","7325",8,48886,48886,95984,0
2008,381,2,392,"H3","7325",8,8698,8698,135452,0
2008,381,1,752,"H3","7325",8,21014,21014,95014,0
2008,381,2,752,"H3","7325",8,386030,386030,2019064,6
2008,381,1,752,"H3","7326",8,3233931,3233931,16029790,0
2008,381,2,752,"H3","7326",8,14104946,14104946,90102968,0
2008,381,1,752,"H3","732619",8,176484,176484,792702,0
2008,381,2,752,"H3","732619",8,4102778,4102778,19207700,0
2008,381,2,392,"H3","741220",8,3549,3549,108699,0
2008,381,2,392,"H3","732620",8,64160,64160,628835,0
2008,381,1,752,"H3","732620",8,96653,96653,925438,0
2008,381,1,752,"H3","7413",8,157,157,2113,0
2008,381,2,752,"H3","7413",8,1226,1226,9717,0
2008,381,1,752,"H3","741300",8,157,157,2113,0
2008,381,2,752,"H3","741300",8,1226,1226,9717,0
2008,381,1,392,"H3","7415",8,200,200,15686,0
2008,381,2,392,"H3","7415",8,399,399,16287,0
2008,381,2,752,"H3","732620",8,222617,222617,1332163,0
2008,381,1,392,"H3","732690",8,182303,182303,1680277,0
2008,381,2,392,"H3","732690",8,8623346,8623346,95323155,0
2008,381,1,752,"H3","732690",8,2960794,2960794,14311650,0
2008,381,2,752,"H3","732690",8,9779551,9779551,69563104,0
2008,381,1,752,"H3","741521",8,577,577,26484,0
2008,381,2,752,"H3","741521",8,4,4,40,0
2008,381,1,752,"H3","741529",8,69,69,1186,0
2008,381,2,752,"H3","741529",8,57292,57292,838910,0
2008,381,1,392,"H3","741533",8,200,200,15686,0
2008,381,2,392,"H3","741533",8,10,10,5265,0
2008,381,1,752,"H3","741533",8,1043,1043,23101,0
2008,381,2,752,"H3","741533",8,125,125,1078,0
2008,381,2,392,"H3","741539",8,387,387,7550,0
2008,381,1,752,"H3","741539",8,40,40,1032,0
2008,381,2,752,"H3","741539",8,18440,18440,419119,0
2008,381,1,392,"H3","7418",8,193,193,19574,0
2008,381,2,392,"H3","7418",8,23299,23299,395608,0
2008,381,1,752,"H3","7418",8,9,9,185,0
2008,381,2,752,"H3","7418",8,35752,35752,1109902,0
2008,381,2,392,"H3","741811",8,15129,15129,104724,0
2008,381,1,392,"H3","74",1,,,13274752,0
2008,381,2,392,"H3","74",1,,,4986988,0
2008,381,1,392,"H3","741819",8,193,193,19574,0
2008,381,2,392,"H3","741819",8,1466,1466,38071,0
2008,381,1,752,"H3","74",1,,,20260851,0
2008,381,2,752,"H3","74",1,,,30942192,0
2008,381,2,392,"H3","741820",8,6704,6704,252813,0
2008,381,2,752,"H3","741820",8,34667,34667,1088525,0
2008,381,1,392,"H3","7403",8,672326,672326,5982590,0
2008,381,2,392,"H3","7403",8,20035,20035,168660,0
2008,381,1,392,"H3","740821",8,70705,70705,701578,0
2008,381,2,392,"H3","740821",8,86,86,36638,0
2008,381,1,392,"H3","741910",8,32,32,3119,0
2008,381,2,392,"H3","741910",8,21,21,17304,0
2008,381,2,752,"H3","741910",8,734,734,15973,0
2008,381,1,392,"H3","741991",8,49,49,16667,0
2008,381,2,392,"H3","741991",8,356,356,62328,0
2008,381,2,752,"H3","740821",8,679,679,6663,0
2008,381,1,392,"H3","741121",8,63024,63024,990322,0
2008,381,1,392,"H3","741999",8,1726,1726,111815,0
2008,381,2,392,"H3","741999",8,283803,283803,3660914,0
2008,381,1,752,"H3","741121",8,543,543,2026,0
2008,381,2,752,"H3","741121",8,621,621,5443,0
2008,381,1,392,"H3","75",1,,,4492637,0
2008,381,2,392,"H3","75",1,,,10644193,0
2008,381,1,392,"H3","7412",8,3025,3025,230294,0
2008,381,2,392,"H3","7412",8,3549,3549,108699,0
2008,381,2,752,"H3","7502",8,9000,9000,219834,0
2008,381,2,752,"H3","750210",8,9000,9000,219834,0
2008,381,2,392,"H3","7504",8,100,100,5535,0
2008,381,2,392,"H3","750400",8,100,100,5535,0
2008,381,1,392,"H3","7505",8,1886,1886,124965,0
2008,381,2,392,"H3","7505",8,1333,1333,64212,0
2008,381,1,752,"H3","7505",8,86467,86467,2909119,0
2008,381,2,752,"H3","7505",8,5112,5112,259539,0
2008,381,1,752,"H3","7412",8,41320,41320,1060418,0
2008,381,1,392,"H3","750512",8,34,34,2865,0
2008,381,1,752,"H3","750512",8,460,460,26688,0
2008,381,2,752,"H3","750512",8,5112,5112,259539,0
2008,381,2,752,"H3","7412",8,303825,303825,7903247,0
2008,381,1,392,"H3","750522",8,1852,1852,122101,0
2008,381,2,392,"H3","750522",8,1333,1333,64212,0
2008,381,1,752,"H3","750522",8,85740,85740,2874249,0
2008,381,1,392,"H3","7506",8,23732,23732,848798,0
2008,381,2,392,"H3","7506",8,1563,1563,67860,0
2008,381,1,752,"H3","7506",8,21900,21900,1073668,0
2008,381,2,752,"H3","7506",8,2016,2016,112931,0
2008,381,1,392,"H3","750620",8,23732,23732,848798,0
2008,381,2,392,"H3","750620",8,1563,1563,67860,0
2008,381,1,752,"H3","750620",8,21900,21900,1073668,0
2008,381,2,752,"H3","750620",8,2016,2016,112931,0
2008,381,1,392,"H3","7507",8,24744,24744,2953883,0
2008,381,2,392,"H3","7507",8,143849,143849,10425033,0
2008,381,1,752,"H3","7507",8,2741,2741,176329,0
2008,381,2,752,"H3","7507",8,31096,31096,1731265,0
2008,381,2,392,"H3","750711",8,136361,136361,9508345,0
2008,381,1,752,"H3","750711",8,2741,2741,176329,0
2008,381,2,752,"H3","750711",8,30488,30488,1716345,0
2008,381,1,392,"H3","740319",8,654677,654677,5701979,0
2008,381,2,392,"H3","740319",8,6,6,5870,0
2008,381,2,392,"H3","740329",8,30,30,3919,0
2008,381,1,392,"H3","750720",8,10,10,7726,0
2008,381,2,752,"H3","750720",8,479,479,6636,0
2008,381,1,392,"H3","7508",8,7587,7587,564990,0
2008,381,2,392,"H3","7508",8,1335,1335,81553,0
2008,381,2,752,"H3","7508",8,1167,1167,395910,0
2008,381,1,392,"H3","750890",8,7587,7587,564990,0
2008,381,2,392,"H3","750890",8,1335,1335,81553,0
2008,381,2,752,"H3","750890",8,1167,1167,395910,0
2008,381,1,392,"H3","76",1,,,15236288,0
2008,381,2,392,"H3","76",1,,,15231749,0
2008,381,1,752,"H3","740329",8,700,700,4129,0
2008,381,2,752,"H3","7419",8,178375,178375,3631257,0
2008,381,2,392,"H3","7601",8,2189190,2189190,4913964,0
2008,381,2,752,"H3","740921",8,1,1,7,0
2008,381,1,752,"H3","732399",8,83265,83265,265151,0
2008,381,1,752,"H3","760110",8,146601,146601,533945,0
2008,381,2,392,"H3","760120",8,2189190,2189190,4913964,0
2008,381,2,752,"H3","732399",8,378682,378682,1149287,0
2008,381,1,752,"H3","741999",8,4077,4077,104057,0
2008,381,1,752,"H3","7602",8,2102989,2102989,3652102,0
2008,381,2,752,"H3","7602",8,77542,77542,189481,0
2008,381,1,752,"H3","760200",8,2102989,2102989,3652102,0
2008,381,2,752,"H3","760200",8,77542,77542,189481,0
2008,381,1,392,"H3","7603",8,10000,10000,24961,0
2008,381,1,752,"H3","7603",8,6100,6100,27933,0
2008,381,2,752,"H3","7603",8,458,458,1495,0
2008,381,1,392,"H3","760310",8,10000,10000,24961,0
2008,381,1,752,"H3","760310",8,6100,6100,27933,0
2008,381,2,752,"H3","760310",8,408,408,846,0
2008,381,2,752,"H3","760320",8,50,50,649,0
2008,381,1,392,"H3","7604",8,46364,46364,324777,0
2008,381,2,392,"H3","7604",8,601068,601068,3104475,0
2008,381,2,752,"H3","741999",8,159449,159449,3254097,0
2008,381,1,752,"H3","741819",8,1,1,4,0
2008,381,1,392,"H3","760410",8,5709,5709,91907,0
2008,381,2,392,"H3","760410",8,22688,22688,289752,0
2008,381,2,752,"H3","741819",8,112,112,3064,0
2008,381,1,392,"H3","7419",8,1807,1807,131601,0
2008,381,2,392,"H3","760421",8,560735,560735,2693556,0
2008,381,1,752,"H3","760421",8,38195,38195,769531,0
2008,381,2,752,"H3","760421",8,4346,4346,44952,0
2008,381,1,392,"H3","760429",8,40655,40655,232871,0
2008,381,2,392,"H3","760429",8,17645,17645,121168,0
2008,381,2,392,"H3","7419",8,284180,284180,3740547,0
2008,381,1,752,"H3","7419",8,4107,4107,105058,0
2008,381,1,392,"H3","7605",8,15871,15871,105742,0
2008,381,2,392,"H3","7605",8,37690,37690,360995,0
2008,381,1,752,"H3","7605",8,34153,34153,311385,0
2008,381,2,752,"H3","7605",8,46589,46589,379212,0
2008,381,1,752,"H3","7403",8,26461,26461,209413,0
2008,381,1,392,"H3","760519",8,1245,1245,16840,0
2008,381,2,752,"H3","7403",8,5723,5723,24293,0
2008,381,1,392,"H3","760521",8,8942,8942,45629,0
2008,381,1,392,"H3","760529",8,5684,5684,43274,0
2008,381,2,392,"H3","760529",8,37690,37690,360995,0
2008,381,1,752,"H3","760529",8,1611,1611,13294,0
2008,381,2,752,"H3","760529",8,46109,46109,377377,0
2008,381,1,392,"H3","7606",8,201768,201768,1874158,0
2008,381,2,392,"H3","7606",8,82978,82978,1068420,0
2008,381,1,752,"H3","740322",8,1139,1139,3555,0
2008,381,2,392,"H3","740400",8,25820,25820,113215,0
2008,381,1,392,"H3","760611",8,23900,23900,210163,0
2008,381,2,392,"H3","760611",8,47847,47847,697227,0
2008,381,2,752,"H3","740400",8,8350300,8350300,9718473,0
2008,381,2,752,"H3","7405",8,694,694,3952,0
2008,381,1,752,"H3","7601",8,9629663,9629663,30245949,0
2008,381,2,752,"H3","7601",8,297734,297734,890829,0
2008,381,1,752,"H3","760120",8,9483062,9483062,29712004,0
2008,381,2,752,"H3","760120",8,297734,297734,890829,0
2008,381,2,392,"H3","760691",8,6519,6519,81632,0
2008,381,2,752,"H3","760691",8,3660,3660,14054,0
2008,381,2,392,"H3","760692",8,13128,13128,151372,0
2008,381,1,392,"H3","7607",8,1374642,1374642,10553489,0
2008,381,2,392,"H3","7607",8,22881,22881,1142909,0
2008,381,1,752,"H3","7607",8,3622265,3622265,18716860,0
2008,381,2,752,"H3","7607",8,1945639,1945639,10520039,0
2008,381,1,392,"H3","760711",8,1363136,1363136,10295768,0
2008,381,2,392,"H3","760711",8,1032,1032,17464,0
2008,381,1,752,"H3","7415",8,1738,1738,51859,0
2008,381,2,752,"H3","7415",8,75877,75877,1259452,0
2008,381,2,752,"H3","7402",8,90,90,194,0
2008,381,1,752,"H3","76",1,,,90926955,0
2008,381,2,752,"H3","76",1,,,54091516,0
2008,381,1,392,"H3","740811",8,32,32,3111,0
2008,381,1,392,"H3","760720",8,2650,2650,28030,0
2008,381,2,392,"H3","760720",8,758,758,5513,0
2008,381,1,752,"H3","740811",8,439296,439296,3190708,0
2008,381,1,392,"H3","740819",8,935,935,45799,0
2008,381,1,392,"H3","7608",8,4,4,2498,0
2008,381,2,392,"H3","7608",8,3927,3927,115706,0
2008,381,1,752,"H3","740819",8,3213,3213,63567,0
2008,381,2,752,"H3","740819",8,1152,1152,3820,0
2008,381,2,392,"H3","760810",8,3873,3873,111814,0
2008,381,2,752,"H3","760810",8,269,269,1424,0
2008,381,1,392,"H3","760820",8,4,4,2498,0
2008,381,2,392,"H3","760820",8,54,54,3892,0
2008,381,1,392,"H3","7320",8,2932920,2932920,6875185,0
2008,381,2,392,"H3","7320",8,24736,24736,5184019,0
2008,381,1,392,"H3","7609",8,1,1,3276,0
2008,381,1,752,"H3","7609",8,352,352,5464,0
2008,381,2,752,"H3","7609",8,4317,4317,56179,0
2008,381,1,392,"H3","760900",8,1,1,3276,0
2008,381,2,392,"H3","760612",8,15484,15484,138189,0
2008,381,1,752,"H3","732090",8,60847,60847,518703,0
2008,381,2,752,"H3","732090",8,21857,21857,382817,0
2008,381,1,752,"H3","7321",1,,277283,1401798,4
2008,381,2,752,"H3","7321",1,,,6104877,0
2008,381,1,752,"H3","722850",8,726403,726403,3066699,0
2008,381,2,752,"H3","722850",8,4914956,4914956,10559137,0
2008,381,1,752,"H3","732119",5,149,616,1674,4
2008,381,2,752,"H3","732119",5,54,,81829,0
2008,381,1,752,"H3","7409",8,160770,160770,1651749,0
2008,381,1,392,"H3","761090",8,380082,380082,1588573,0
2008,381,2,392,"H3","761090",8,8634,8634,163071,0
2008,381,2,752,"H3","7409",8,184889,184889,1420772,0
2008,381,1,752,"H3","760612",8,4106512,4106512,19960770,0
2008,381,1,392,"H3","7612",8,5,5,1794,0
2008,381,2,392,"H3","7612",8,24572,24572,413090,0
2008,381,1,752,"H3","7612",8,29334,29334,213756,0
2008,381,2,752,"H3","7612",8,10075,10075,195384,0
2008,381,1,752,"H3","740940",8,1628,1628,99988,0
2008,381,1,392,"H3","761290",8,5,5,1794,0
2008,381,2,392,"H3","761290",8,20165,20165,303438,0
2008,381,1,752,"H3","761290",8,29334,29334,213756,0
2008,381,2,752,"H3","761290",8,10075,10075,195384,0
2008,381,2,392,"H3","7613",8,5362,5362,156042,0
2008,381,2,752,"H3","7613",8,3693,3693,33700,0
2008,381,2,392,"H3","761300",8,5362,5362,156042,0
2008,381,2,752,"H3","740940",8,3884,3884,20307,0
2008,381,1,752,"H3","741011",8,447245,447245,4283379,0
2008,381,1,392,"H3","741021",8,704,704,81358,0
2008,381,1,752,"H3","741021",8,859,859,15745,0
2008,381,2,752,"H3","741021",8,369,369,7122,0
2008,381,1,392,"H3","731816",8,21166,21166,353061,0
2008,381,1,752,"H3","730900",8,14234,14234,73553,0
2008,381,1,752,"H3","7303",8,3607,3607,175068,0
2008,381,2,392,"H3","731816",8,33136,33136,399779,0
2008,381,1,752,"H3","7304",8,15278893,15278893,101239818,0
2008,381,2,752,"H3","7304",8,9924750,9924750,26476956,0
2008,381,1,752,"H3","741110",8,83669,83669,801779,0
2008,381,1,752,"H3","731816",8,8160,8160,81264,0
2008,381,2,752,"H3","760612",8,1817015,1817015,9661252,0
2008,381,2,392,"H3","761520",8,5802,5802,133466,0
2008,381,2,752,"H3","761520",8,288,288,1506,0
2008,381,1,392,"H3","7616",8,45468,45468,750906,0
2008,381,2,392,"H3","7616",8,92256,92256,1267518,0
2008,381,2,752,"H3","730900",8,803987,803987,9255591,0
2008,381,1,752,"H3","7310",8,7675,7675,35643,0
2008,381,1,392,"H3","761610",8,200,200,44321,0
2008,381,2,392,"H3","761610",8,6662,6662,238477,0
2008,381,1,752,"H3","761610",8,2957,2957,111002,0
2008,381,2,752,"H3","761610",8,2341,2341,28352,0
2008,381,1,752,"H3","761691",8,125,125,1067,0
2008,381,2,752,"H3","761691",8,1631,1631,102652,0
2008,381,2,752,"H3","7310",8,232161,232161,1118838,0
2008,381,2,752,"H3","741110",8,425735,425735,4300649,0
2008,381,1,752,"H3","7604",8,577529,577529,3727357,0
2008,381,2,752,"H3","7604",8,1914468,1914468,10142133,0
2008,381,1,752,"H3","731010",8,6029,6029,19470,0
2008,381,2,752,"H3","731010",8,34834,34834,152090,0
2008,381,2,392,"H3","730423",8,3890,3890,16150,0
2008,381,1,752,"H3","75",1,,,4175012,0
2008,381,2,752,"H3","75",1,,,2719480,0
2008,381,1,392,"H3","750712",8,24734,24734,2946157,0
2008,381,1,392,"H3","741210",8,3025,3025,230294,0
2008,381,1,392,"H3","730459",8,618005,618005,4421316,0
2008,381,2,752,"H3","7806",8,26733,26733,188817,0
2008,381,2,752,"H3","780600",8,26733,26733,188817,0
2008,381,2,392,"H3","730459",8,456871,456871,1411957,0
2008,381,1,752,"H3","741210",8,127,127,2549,0
2008,381,1,752,"H3","730459",8,7121680,7121680,15712715,0
2008,381,2,752,"H3","730459",8,796200,796200,1549555,0
2008,381,1,392,"H3","7901",8,1646375,1646375,3592966,0
2008,381,1,752,"H3","7901",8,153941,153941,302384,0
2008,381,2,752,"H3","741210",8,11205,11205,203025,0
2008,381,1,392,"H3","760719",8,8856,8856,229690,0
2008,381,2,392,"H3","741510",8,2,2,3472,0
2008,381,1,752,"H3","741510",8,9,9,56,0
2008,381,2,752,"H3","741510",8,16,16,305,0
2008,381,1,752,"H3","760410",8,849,849,15708,0
2008,381,2,752,"H3","760410",8,30115,30115,336031,0
2008,381,1,392,"H3","7903",8,69,69,5011,0
2008,381,1,752,"H3","7903",8,29448,29448,134514,0
2008,381,1,392,"H3","790310",8,69,69,5011,0
2008,381,1,752,"H3","790310",8,29448,29448,134514,0
2008,381,1,392,"H3","7907",8,978,978,24239,0
2008,381,2,392,"H3","7907",8,1836,1836,71409,0
2008,381,1,752,"H3","731100",8,718,718,4461,0
2008,381,2,752,"H3","731100",8,531598,531598,2945469,0
2008,381,2,752,"H3","731816",8,964119,964119,4143334,0
2008,381,2,392,"H3","760719",8,21091,21091,1119932,0
2008,381,1,752,"H3","760511",8,32542,32542,298091,0
2008,381,2,752,"H3","760519",8,480,480,1835,0
2008,381,1,392,"H3","80",1,,,32821,0
2008,381,2,392,"H3","80",1,,,50690,0
2008,381,1,752,"H3","80",1,,,14269,0
2008,381,2,752,"H3","80",1,,,16099,0
2008,381,1,392,"H3","8001",8,320,320,32821,0
2008,381,1,392,"H3","800120",8,320,320,32821,0
2008,381,2,392,"H3","750712",8,7488,7488,916688,0
2008,381,2,752,"H3","750712",8,129,129,8284,0
2008,381,2,392,"H3","8007",8,72,72,50690,0
2008,381,2,752,"H3","8007",8,662,662,16099,0
2008,381,2,752,"H3","740321",8,5723,5723,24293,0
2008,381,1,752,"H3","760719",8,82820,82820,873996,0
2008,381,1,392,"H3","81",1,,,17489412,0
2008,381,2,392,"H3","81",1,,,120200,0
2008,381,2,752,"H3","760719",8,52466,52466,792030,0
2008,381,1,392,"H3","760612",8,177868,177868,1663995,0
2008,381,1,392,"H3","761010",8,15,15,2252,6
2008,381,2,392,"H3","761010",8,5587,5587,200323,0
2008,381,1,752,"H3","761010",8,29411,29411,294730,6
2008,381,2,752,"H3","761010",8,1809,1809,22619,6
2008,381,1,752,"H3","761090",8,944058,944058,7144262,0
2008,381,2,752,"H3","761090",8,83022,83022,666710,0
2008,381,1,392,"H3","7615",8,44,44,3862,0
2008,381,2,392,"H3","7615",8,208073,208073,2325236,0
2008,381,1,752,"H3","7615",8,18064,18064,278714,0
2008,381,2,752,"H3","7615",8,883620,883620,8320073,0
2008,381,1,392,"H3","8104",8,8096,8096,104524,0
2008,381,1,752,"H3","8104",8,118480,118480,482490,0
2008,381,2,752,"H3","8104",8,2874,2874,17689,0
2008,381,1,392,"H3","810411",8,1500,1500,49128,0
2008,381,1,752,"H3","761519",8,18025,18025,278307,0
2008,381,2,752,"H3","761519",8,883281,883281,8318213,0
2008,381,1,752,"H3","7616",8,60882,60882,1072664,0
2008,381,1,392,"H3","810490",8,6596,6596,55396,0
2008,381,1,752,"H3","810490",8,257,257,1147,0
2008,381,2,752,"H3","7616",8,854078,854078,8737442,0
2008,381,1,392,"H3","761699",8,45268,45268,706585,0
2008,381,2,392,"H3","761699",8,85594,85594,1029041,0
2008,381,1,752,"H3","761699",8,57800,57800,960595,0
2008,381,2,752,"H3","761699",8,850106,850106,8606437,0
2008,381,1,392,"H3","810590",8,30,30,113313,0
2008,381,1,392,"H3","8108",8,312515,312515,17172209,0
2008,381,2,392,"H3","8108",8,14,14,3452,0
2008,381,1,752,"H3","78",1,,,16440767,0
2008,381,2,752,"H3","78",1,,,695678,0
2008,381,1,752,"H3","750511",8,53,53,874,0
2008,381,1,392,"H3","79",1,,,3622216,0
2008,381,2,392,"H3","79",1,,,283293,0
2008,381,1,752,"H3","7907",8,3261,3261,62153,0
2008,381,2,752,"H3","7907",8,75213,75213,917896,0
2008,381,1,392,"H3","790700",8,978,978,24239,0
2008,381,2,392,"H3","790700",8,1836,1836,71409,0
2008,381,2,392,"H3","8109",8,2264,2264,115116,0
2008,381,1,752,"H3","8109",8,4220,4220,164449,0
2008,381,2,752,"H3","8109",8,1000,1000,56306,0
2008,381,2,392,"H3","810990",8,2264,2264,115116,0
2008,381,1,752,"H3","810990",8,4220,4220,164449,0
2008,381,2,752,"H3","810990",8,1000,1000,56306,0
2008,381,1,752,"H3","790700",8,3261,3261,62153,0
2008,381,2,752,"H3","790700",8,75213,75213,917896,0
2008,381,1,752,"H3","741022",8,37088,37088,394307,0
2008,381,2,752,"H3","741022",8,869,869,15638,0
2008,381,1,752,"H3","760720",8,1067,1067,21842,0
2008,381,1,752,"H3","8112",8,40,40,10572,0
2008,381,1,752,"H3","811221",8,40,40,10572,0
2008,381,2,752,"H3","760720",8,453187,453187,3086032,0
2008,381,2,392,"H3","8113",8,3,3,1633,0
2008,381,1,752,"H3","8113",8,303,303,13254,0
2008,381,2,752,"H3","8113",8,5189,5189,116257,0
2008,381,2,392,"H3","811300",8,3,3,1633,0
2008,381,1,752,"H3","811300",8,303,303,13254,0
2008,381,2,752,"H3","811300",8,5189,5189,116257,0
2008,381,1,392,"H3","82",1,,,33432878,0
2008,381,2,392,"H3","82",1,,,11928439,0
2008,381,1,392,"H3","8112",8,81,81,34273,0
2008,381,1,752,"H3","7801",8,6364110,6364110,14647405,0
2008,381,1,392,"H3","8201",8,38496,38496,884033,0
2008,381,2,392,"H3","8201",8,647,647,34390,0
2008,381,2,752,"H3","7801",8,167840,167840,506861,0
2008,381,1,752,"H3","750521",8,214,214,7309,0
2008,381,1,752,"H3","79",1,,,499051,0
2008,381,2,752,"H3","820120",8,1180,1180,5406,6
2008,381,1,392,"H3","820130",8,650,650,29620,0
2008,381,2,392,"H3","820130",8,500,500,16498,0
2008,381,1,752,"H3","820140",8,149,149,1314,0
2008,381,2,752,"H3","79",1,,,1025655,0
2008,381,1,752,"H3","741811",8,8,8,181,0
2008,381,2,752,"H3","741811",8,973,973,18313,0
2008,381,1,752,"H3","760429",8,538485,538485,2942118,0
2008,381,2,752,"H3","760429",8,1880007,1880007,9761151,0
2008,381,1,752,"H3","8003",8,602,602,14269,0
2008,381,1,392,"H3","820190",8,10255,10255,282670,0
2008,381,1,752,"H3","820190",8,4249,4249,137787,0
2008,381,2,752,"H3","820190",8,3566,3566,20003,0
2008,381,1,392,"H3","8202",8,62707,62707,2871108,0
2008,381,2,392,"H3","8202",8,51993,51993,1472688,0
2008,381,1,752,"H3","8202",8,55572,55572,1116494,0
2008,381,2,752,"H3","8202",8,21989,21989,515070,0
2008,381,1,392,"H3","820210",8,33539,33539,818798,0
2008,381,1,752,"H3","820210",8,7126,7126,77504,0
2008,381,2,752,"H3","820210",8,1445,1445,22996,0
2008,381,1,392,"H3","820220",8,4128,4128,63937,0
2008,381,1,752,"H3","820220",8,23242,23242,465307,0
2008,381,2,752,"H3","820220",8,1397,1397,20552,0
2008,381,1,392,"H3","820231",8,7670,7670,728648,0
2008,381,2,392,"H3","820231",8,25589,25589,1311462,0
2008,381,1,752,"H3","7606",8,4970762,4970762,24306011,0
2008,381,1,752,"H3","800300",8,602,602,14269,0
2008,381,1,392,"H3","820239",8,5022,5022,528247,0
2008,381,2,392,"H3","820239",8,1527,1527,9598,0
2008,381,2,752,"H3","7606",8,2091289,2091289,11590584,0
2008,381,1,752,"H3","760611",8,864250,864250,4345240,0
2008,381,1,392,"H3","820240",8,151,151,15984,0
2008,381,2,392,"H3","820240",8,1590,1590,56633,0
2008,381,1,752,"H3","820240",8,792,792,28763,0
2008,381,2,752,"H3","760611",8,270614,270614,1915278,0
2008,381,2,392,"H3","820291",8,82,82,3355,0
2008,381,1,752,"H3","820291",8,109,109,2603,0
2008,381,2,752,"H3","820291",8,4,4,160,0
2008,381,1,392,"H3","820299",8,12197,12197,715495,0
2008,381,2,392,"H3","820299",8,23205,23205,91641,0
2008,381,1,752,"H3","820299",8,7047,7047,128221,0
2008,381,2,752,"H3","820299",8,10371,10371,25425,0
2008,381,1,752,"H3","7608",8,20466,20466,179921,0
2008,381,2,752,"H3","7608",8,223653,223653,1361229,0
2008,381,1,752,"H3","741991",8,30,30,1001,0
2008,381,2,752,"H3","741991",8,18192,18192,361187,0
2008,381,1,392,"H3","820310",8,225,225,6549,0
2008,381,2,392,"H3","820310",8,1785,1785,60243,0
2008,381,1,752,"H3","820310",8,5287,5287,101147,0
2008,381,2,752,"H3","820310",8,106,106,11151,0
2008,381,1,392,"H3","820320",8,10415,10415,429184,0
2008,381,2,392,"H3","820320",8,1148,1148,82575,0
2008,381,1,392,"H3","810295",8,95,95,19683,0
2008,381,2,392,"H3","761511",8,2895,2895,34544,0
2008,381,1,752,"H3","761511",8,39,39,407,0
2008,381,2,752,"H3","761511",8,51,51,354,0
2008,381,1,752,"H3","820110",8,310,310,786,6
2008,381,1,392,"H3","811292",8,81,81,34273,0
2008,381,1,392,"H3","820340",8,55467,55467,418516,0
2008,381,2,392,"H3","820340",8,160,160,18667,0
2008,381,1,752,"H3","820340",8,577,577,25805,0
2008,381,2,752,"H3","820340",8,627,627,15087,0
2008,381,1,752,"H3","8203",8,17587,17587,948086,0
2008,381,2,752,"H3","8203",8,4506,4506,665052,0
2008,381,1,392,"H3","740829",8,181155,181155,2305486,0
2008,381,2,392,"H3","740829",8,1611,1611,134799,0
2008,381,1,392,"H3","820411",8,2934,2934,152048,0
2008,381,2,392,"H3","820411",8,383,383,5001,6
2008,381,1,752,"H3","820411",8,3924,3924,61786,0
2008,381,2,752,"H3","820411",8,44513,44513,279487,0
2008,381,1,752,"H3","740829",8,74,74,611,0
2008,381,2,752,"H3","740829",8,7589,7589,105247,0
2008,381,1,392,"H3","820420",8,13117,13117,502418,0
2008,381,2,392,"H3","820420",8,1480,1480,22980,0
2008,381,2,752,"H3","740931",8,14,14,68,0
2008,381,1,392,"H3","8102",8,95,95,19683,0
2008,381,1,392,"H3","761519",8,44,44,3862,0
2008,381,2,392,"H3","761519",8,199376,199376,2157227,0
2008,381,1,752,"H3","810520",8,8050,8050,609320,0
2008,381,1,392,"H3","810820",8,11576,11576,1227631,0
2008,381,1,392,"H3","820510",8,254,254,18722,0
2008,381,2,392,"H3","820510",8,445,445,24120,0
2008,381,1,752,"H3","820510",8,83,83,1982,0
2008,381,2,752,"H3","820510",8,735,735,15579,0
2008,381,2,392,"H3","820520",8,68,68,4388,0
2008,381,1,752,"H3","741129",8,8339,8339,123098,0
2008,381,2,752,"H3","741129",8,36,36,207,0
2008,381,1,392,"H3","820530",8,3679,3679,25104,0
2008,381,2,392,"H3","820530",8,20,20,6699,0
2008,381,2,392,"H3","810820",8,14,14,3452,0
2008,381,1,392,"H3","820540",8,1144,1144,35133,0
2008,381,2,392,"H3","820540",8,42,42,6222,0
2008,381,1,752,"H3","820540",8,2110,2110,58385,0
2008,381,2,752,"H3","820540",8,3593,3593,58198,0
2008,381,1,392,"H3","820551",8,315,315,36812,0
2008,381,2,392,"H3","820551",8,18717,18717,377132,0
2008,381,1,752,"H3","820551",8,7672,7672,83737,0
2008,381,2,752,"H3","820551",8,10586,10586,182338,0
2008,381,1,392,"H3","820559",8,53790,53790,1145182,0
2008,381,2,392,"H3","820559",8,16310,16310,341101,0
2008,381,2,752,"H3","780199",8,840,840,354,0
2008,381,1,752,"H3","810820",8,17830,17830,1206938,0
2008,381,2,752,"H3","810820",8,1226,1226,27000,0
2008,381,1,392,"H3","820570",8,87,87,6092,0
2008,381,2,392,"H3","820570",8,630,630,29289,0
2008,381,1,392,"H3","790120",8,2000,2000,5704,0
2008,381,1,752,"H3","790120",8,2639,2639,3727,0
2008,381,1,392,"H3","8110",8,98,98,43287,0
2008,381,2,752,"H3","740200",8,90,90,194,0
2008,381,1,752,"H3","820239",8,16721,16721,402618,0
2008,381,2,392,"H3","800700",8,72,72,50690,0
2008,381,2,752,"H3","800700",8,662,662,16099,0
2008,381,2,752,"H3","820239",8,2069,2069,47370,0
2008,381,2,752,"H3","740500",8,694,694,3952,0
2008,381,1,392,"H3","8204",8,16051,16051,654466,0
2008,381,1,752,"H3","82",1,,,12615707,0
2008,381,2,392,"H3","8204",8,1863,1863,27981,6
2008,381,1,752,"H3","8204",8,6195,6195,93818,0
2008,381,1,752,"H3","820320",8,10323,10323,722705,0
2008,381,2,752,"H3","8204",8,47766,47766,332936,0
2008,381,1,752,"H3","820420",8,2197,2197,30668,0
2008,381,2,752,"H3","820420",8,2449,2449,35519,0
2008,381,1,392,"H3","8205",8,61899,61899,1581156,0
2008,381,2,752,"H3","820320",8,2170,2170,101813,0
2008,381,2,752,"H3","82",1,,,27802091,0
2008,381,2,392,"H3","820713",8,1175,1175,164940,0
2008,381,1,752,"H3","820713",8,217972,217972,3430639,0
2008,381,2,752,"H3","820713",8,27,27,1373,0
2008,381,1,392,"H3","820719",8,467,467,142327,0
2008,381,2,392,"H3","820719",8,3774,3774,593017,0
2008,381,2,392,"H3","8205",8,50645,50645,986652,0
2008,381,1,752,"H3","8205",8,38436,38436,752482,0
2008,381,1,392,"H3","820720",8,57513,57513,264606,0
2008,381,1,752,"H3","820720",8,567,567,14282,0
2008,381,2,752,"H3","820720",8,115735,115735,5257684,0
2008,381,1,392,"H3","820730",8,71138,71138,2299106,0
2008,381,2,392,"H3","820730",8,55769,55769,1141460,0
2008,381,2,752,"H3","8205",8,273009,273009,2766056,0
2008,381,1,392,"H3","820150",8,17271,17271,346335,0
2008,381,1,392,"H3","820740",8,4809,4809,1046396,0
2008,381,2,392,"H3","820740",8,2161,2161,168720,0
2008,381,1,752,"H3","820740",8,1025,1025,249053,0
2008,381,2,752,"H3","820740",8,4166,4166,540765,0
2008,381,2,392,"H3","820150",8,70,70,7331,0
2008,381,1,752,"H3","741220",8,41193,41193,1057869,0
2008,381,2,752,"H3","741220",8,292620,292620,7700222,0
2008,381,2,752,"H3","820150",8,1449,1449,54899,6
2008,381,1,392,"H3","820760",8,450,450,121324,0
2008,381,2,392,"H3","820760",8,2922,2922,78688,0
2008,381,1,752,"H3","820760",8,1937,1937,472703,0
2008,381,2,752,"H3","820760",8,175,175,25964,0
2008,381,1,392,"H3","820770",8,3041,3041,1436216,0
2008,381,2,392,"H3","820770",8,465,465,101219,0
2008,381,1,752,"H3","760711",8,3538378,3538378,17821022,0
2008,381,2,752,"H3","820530",8,151,151,8129,0
2008,381,2,392,"H3","820780",8,3716,3716,65388,0
2008,381,1,752,"H3","820780",8,1210,1210,225303,0
2008,381,2,752,"H3","820780",8,194,194,21917,0
2008,381,1,392,"H3","820790",8,165792,165792,9251350,0
2008,381,2,392,"H3","820790",8,21556,21556,3176382,0
2008,381,1,752,"H3","820570",8,467,467,2737,0
2008,381,2,752,"H3","760711",8,1439986,1439986,6641977,0
2008,381,1,392,"H3","8208",8,30975,30975,1276580,0
2008,381,2,392,"H3","8208",8,22785,22785,772042,0
2008,381,1,752,"H3","8208",8,106617,106617,2017758,0
2008,381,2,752,"H3","8208",8,6055,6055,260351,0
2008,381,1,392,"H3","820810",8,81,81,9678,0
2008,381,2,392,"H3","820810",8,195,195,6818,0
2008,381,1,752,"H3","820810",8,64,64,2639,0
2008,381,2,752,"H3","820810",8,547,547,11421,0
2008,381,1,392,"H3","820820",8,979,979,17432,0
2008,381,2,392,"H3","820820",8,11,11,4788,0
2008,381,1,752,"H3","820820",8,4966,4966,86537,0
2008,381,2,752,"H3","820820",8,422,422,18278,0
2008,381,1,392,"H3","820830",8,452,452,108569,0
2008,381,2,392,"H3","820830",8,3152,3152,67007,0
2008,381,1,752,"H3","820830",8,503,503,63579,0
2008,381,2,752,"H3","820830",8,527,527,16691,0
2008,381,2,752,"H3","820570",8,65933,65933,467259,0
2008,381,1,752,"H3","820559",8,8137,8137,368596,0
2008,381,2,752,"H3","820559",8,78501,78501,1495768,0
2008,381,1,752,"H3","8206",8,3261,3261,40250,0
2008,381,1,392,"H3","820890",8,10636,10636,865826,0
2008,381,2,392,"H3","820890",8,3408,3408,583406,0
2008,381,1,752,"H3","820890",8,95801,95801,1818304,0
2008,381,2,752,"H3","820890",8,3516,3516,206280,0
2008,381,2,752,"H3","8206",8,12745,12745,156521,0
2008,381,1,752,"H3","760820",8,20466,20466,179921,0
2008,381,2,752,"H3","760820",8,223384,223384,1359805,0
2008,381,1,392,"H3","7610",8,380097,380097,1590825,6
2008,381,1,392,"H3","820900",8,9173,9173,3713342,0
2008,381,2,392,"H3","820900",8,573,573,85187,0
2008,381,1,752,"H3","820900",8,641,641,385923,0
2008,381,2,752,"H3","820900",8,3716,3716,272591,0
2008,381,2,392,"H3","7610",8,14221,14221,363394,0
2008,381,1,752,"H3","7610",8,973469,973469,7438992,6
2008,381,2,752,"H3","7610",8,84831,84831,689329,6
2008,381,1,752,"H3","8101",8,7620,7620,522663,0
2008,381,2,752,"H3","8101",8,148,148,17193,0
2008,381,1,392,"H3","810194",8,20,20,2125,0
2008,381,2,752,"H3","810194",8,62,62,8103,0
2008,381,1,392,"H3","8207",8,324475,324475,17992570,0
2008,381,2,392,"H3","8207",8,106484,106484,5627987,0
2008,381,2,752,"H3","761300",8,3693,3693,33700,0
2008,381,1,752,"H3","811100",8,160158,160158,1176076,0
2008,381,1,392,"H3","8105",8,30,30,113313,0
2008,381,1,752,"H3","8105",8,8050,8050,609320,0
2008,381,2,752,"H3","8105",8,31737,31737,667535,0
2008,381,2,752,"H3","820770",8,28001,28001,2741745,0
2008,381,1,752,"H3","820790",8,2430,2430,492409,0
2008,381,1,392,"H3","821191",1,,1560,167023,0
2008,381,2,392,"H3","821191",1,,550,58079,0
2008,381,1,752,"H3","821191",1,,976,10058,0
2008,381,2,752,"H3","821191",1,,9741,188096,0
2008,381,1,752,"H3","820840",8,5283,5283,46699,0
2008,381,2,752,"H3","820840",8,1043,1043,7682,0
2008,381,2,752,"H3","820790",8,63580,63580,5965704,0
2008,381,1,392,"H3","820750",8,21265,21265,3431245,0
2008,381,2,392,"H3","820750",8,14946,14946,138173,0
2008,381,1,392,"H3","820840",8,18827,18827,275075,0
2008,381,2,392,"H3","820840",8,16019,16019,110023,0
2008,381,1,752,"H3","820580",8,368,368,3246,0
2008,381,1,392,"H3","821194",8,26113,26113,688149,0
2008,381,2,392,"H3","821194",8,536,536,36279,0
2008,381,1,752,"H3","821194",8,20,20,172,0
2008,381,2,752,"H3","821194",8,1486,1486,143587,0
2008,381,2,392,"H3","7902",8,248045,248045,211884,0
2008,381,1,752,"H3","820770",8,653,653,236494,0
2008,381,2,752,"H3","820580",8,26,26,366,0
2008,381,1,392,"H3","820590",8,2630,2630,314112,0
2008,381,1,752,"H3","8111",8,160158,160158,1176076,0
2008,381,1,392,"H3","821210",5,2940,90,14432,0
2008,381,2,392,"H3","821210",5,2600,125,15221,0
2008,381,1,752,"H3","821210",5,23660,4495,78880,4
2008,381,2,752,"H3","821210",5,78279,31713,563782,4
2008,381,1,752,"H3","820231",8,535,535,11479,0
2008,381,2,752,"H3","820231",8,6634,6634,395192,0
2008,381,1,392,"H3","8213",8,4484,4484,1199121,0
2008,381,2,392,"H3","8213",8,458,458,64856,0
2008,381,2,392,"H3","820590",8,14413,14413,197701,0
2008,381,1,392,"H3","821300",8,4484,4484,1199121,0
2008,381,2,392,"H3","821300",8,458,458,64856,0
2008,381,2,752,"H3","821300",8,3028,3028,147464,0
2008,381,1,752,"H3","820590",8,18965,18965,229541,0
2008,381,2,752,"H3","820590",8,99794,99794,414122,0
2008,381,1,392,"H3","8206",8,364,364,39619,0
2008,381,1,752,"H3","81",1,,,4362466,0
2008,381,2,752,"H3","81",1,,,3560765,0
2008,381,2,752,"H3","820240",8,69,69,3374,0
2008,381,1,392,"H3","8101",8,20,20,2125,0
2008,381,1,392,"H3","821420",8,144,144,13160,0
2008,381,2,392,"H3","821420",8,766,766,70773,0
2008,381,1,752,"H3","821420",8,1,1,9,0
2008,381,2,752,"H3","821420",8,834,834,54108,0
2008,381,1,392,"H3","821490",8,26,26,15198,0
2008,381,2,392,"H3","821490",8,94,94,17593,0
2008,381,1,752,"H3","821490",8,120,120,3095,0
2008,381,2,752,"H3","821490",8,422,422,9837,0
2008,381,2,392,"H3","8206",8,10401,10401,1098494,0
2008,381,1,392,"H3","820600",8,364,364,39619,0
2008,381,2,392,"H3","820600",8,10401,10401,1098494,0
2008,381,1,752,"H3","820600",8,3261,3261,40250,0
2008,381,1,392,"H3","821510",8,22,22,4364,0
2008,381,2,392,"H3","821510",8,1940,1940,179033,0
2008,381,1,752,"H3","821510",8,560,560,25007,0
2008,381,2,752,"H3","821510",8,23,23,438,0
2008,381,1,392,"H3","821520",8,341,341,30009,0
2008,381,2,392,"H3","821520",8,6786,6786,210505,0
2008,381,2,752,"H3","820600",8,12745,12745,156521,0
2008,381,1,752,"H3","7614",8,877,877,28917,0
2008,381,1,392,"H3","821599",8,40,40,13372,0
2008,381,2,392,"H3","821599",8,25767,25767,761455,0
2008,381,1,752,"H3","8207",8,241362,241362,6246358,0
2008,381,2,752,"H3","8207",8,341082,341082,19928550,0
2008,381,1,752,"H3","8108",8,21828,21828,1354983,0
2008,381,2,752,"H3","8108",8,35911,35911,2642813,0
2008,381,1,752,"H3","731439",8,863,863,5132,0
2008,381,2,752,"H3","731439",8,25720,25720,66294,0
2008,381,1,392,"H3","8301",8,53175,53175,2330234,0
2008,381,2,392,"H3","8301",8,7343,7343,356785,0
2008,381,1,752,"H3","8215",8,10177,10177,108757,0
2008,381,2,752,"H3","8215",8,24422,24422,486368,0
2008,381,2,392,"H3","830110",8,1733,1733,48211,0
2008,381,1,752,"H3","810196",8,16,16,9460,0
2008,381,1,392,"H3","830120",8,51330,51330,2222220,0
2008,381,1,752,"H3","830120",8,3570,3570,465476,0
2008,381,2,752,"H3","830120",8,11566,11566,281967,0
2008,381,1,752,"H3","780191",8,2251794,2251794,5262209,0
2008,381,1,392,"H3","8209",8,9173,9173,3713342,0
2008,381,2,752,"H3","830130",8,1372,1372,22596,0
2008,381,1,392,"H3","830140",8,1186,1186,37960,0
2008,381,2,392,"H3","830140",8,1162,1162,58173,0
2008,381,2,392,"H3","8209",8,573,573,85187,0
2008,381,2,392,"H3","8203",8,3143,3143,169240,0
2008,381,2,392,"H3","830150",8,10,10,4384,0
2008,381,2,752,"H3","830150",8,25,25,630,0
2008,381,2,392,"H3","830160",8,119,119,7384,0
2008,381,1,752,"H3","830160",8,1441,1441,32377,0
2008,381,2,752,"H3","830160",8,6687,6687,142846,0
2008,381,2,752,"H3","8301",8,71984,71984,2752020,0
2008,381,1,752,"H3","8209",8,641,641,385923,0
2008,381,2,752,"H3","8209",8,3716,3716,272591,0
2008,381,1,752,"H3","760900",8,352,352,5464,0
2008,381,2,752,"H3","760900",8,4317,4317,56179,0
2008,381,2,752,"H3","830110",8,1671,1671,35152,0
2008,381,1,752,"H3","821520",8,5471,5471,43205,0
2008,381,1,392,"H3","8210",8,3,3,4685,0
2008,381,2,752,"H3","821520",8,11009,11009,226131,0
2008,381,2,392,"H3","8210",8,12432,12432,178939,0
2008,381,1,752,"H3","8210",8,2,2,23,0
2008,381,2,752,"H3","8210",8,3223,3223,36855,0
2008,381,1,392,"H3","830220",8,1647,1647,17913,0
2008,381,2,392,"H3","830220",8,11114,11114,134216,0
2008,381,1,392,"H3","821000",8,3,3,4685,0
2008,381,2,392,"H3","821000",8,12432,12432,178939,0
2008,381,1,392,"H3","830230",8,22385,22385,870296,0
2008,381,2,392,"H3","830230",8,1889,1889,99309,0
2008,381,1,752,"H3","820412",8,74,74,1364,0
2008,381,2,752,"H3","820412",8,804,804,17930,0
2008,381,1,752,"H3","821000",8,2,2,23,0
2008,381,2,752,"H3","821000",8,3223,3223,36855,0
2008,381,1,392,"H3","8211",1,,63360,1850495,0
2008,381,2,392,"H3","830130",8,704,704,25895,0
2008,381,1,752,"H3","810199",8,7604,7604,513203,0
2008,381,2,392,"H3","761210",8,4407,4407,109651,0
2008,381,2,392,"H3","8211",1,,1647,155402,0
2008,381,1,752,"H3","8211",1,,3122,112710,0
2008,381,1,392,"H3","830249",8,2368,2368,102870,0
2008,381,2,392,"H3","830249",8,29652,29652,840902,0
2008,381,1,752,"H3","821599",8,4146,4146,40546,0
2008,381,1,752,"H3","761490",8,877,877,28917,0
2008,381,1,392,"H3","830250",8,491,491,12978,0
2008,381,2,392,"H3","830250",8,2294,2294,45467,0
2008,381,1,752,"H3","830250",8,13679,13679,60036,0
2008,381,2,752,"H3","830250",8,13974,13974,75279,0
2008,381,2,752,"H3","810199",8,86,86,9090,0
2008,381,2,752,"H3","821599",8,13390,13390,259799,0
2008,381,1,392,"H3","83",1,,,8052434,0
2008,381,2,752,"H3","8211",1,,11688,349067,0
2008,381,1,392,"H3","8303",8,590,590,11833,0
2008,381,2,392,"H3","8303",8,3376,3376,74708,0
2008,381,1,752,"H3","8303",8,14044,14044,139148,6
2008,381,2,752,"H3","8303",8,102195,102195,919165,6
2008,381,1,752,"H3","810419",8,117729,117729,480618,0
2008,381,1,392,"H3","820330",8,18214,18214,259697,0
2008,381,2,392,"H3","820330",8,50,50,7755,0
2008,381,1,752,"H3","820330",8,1400,1400,98429,0
2008,381,1,752,"H3","8304",8,22,22,301,0
2008,381,2,752,"H3","8304",8,418,418,7981,0
2008,381,1,752,"H3","830400",8,22,22,301,0
2008,381,2,752,"H3","830400",8,418,418,7981,0
2008,381,1,392,"H3","8305",8,5916,5916,345027,0
2008,381,2,392,"H3","8305",8,777,777,37134,0
2008,381,1,752,"H3","820719",8,6420,6420,751856,0
2008,381,2,752,"H3","820719",8,12331,12331,56310,0
2008,381,2,752,"H3","830510",8,14441,14441,114451,0
2008,381,1,752,"H3","820730",8,2637,2637,115670,0
2008,381,1,752,"H3","810420",8,494,494,725,0
2008,381,2,752,"H3","810430",8,2874,2874,17689,0
2008,381,1,392,"H3","821110",1,,717,72202,0
2008,381,2,392,"H3","830590",8,572,572,31819,0
2008,381,1,752,"H3","830590",8,526,526,21643,0
2008,381,2,752,"H3","830590",8,261,261,3569,0
2008,381,2,392,"H3","821110",5,20315,461,49191,2
2008,381,1,752,"H3","821110",1,,20,4092,0
2008,381,2,752,"H3","820730",8,109946,109946,4524188,0
2008,381,2,752,"H3","821110",5,312,46,755,2
2008,381,2,392,"H3","830610",8,86,86,39351,0
2008,381,1,752,"H3","830610",8,16,16,132,0
2008,381,2,752,"H3","830610",8,5,5,68,0
2008,381,2,392,"H3","830621",8,1345,1345,36611,0
2008,381,2,752,"H3","810530",8,31737,31737,667535,0
2008,381,1,392,"H3","830629",8,252,252,15328,0
2008,381,2,392,"H3","830629",8,63937,63937,988009,0
2008,381,2,392,"H3","83",1,,,9276213,0
2008,381,1,752,"H3","83",1,,,16337908,0
2008,381,1,392,"H3","830630",8,4493,4493,148442,0
2008,381,2,392,"H3","830630",8,12484,12484,290644,0
2008,381,1,752,"H3","830630",8,113,113,784,0
2008,381,2,752,"H3","830630",8,254,254,5686,0
2008,381,2,392,"H3","8307",8,4,4,7025,0
2008,381,1,752,"H3","820520",8,634,634,4258,0
2008,381,1,752,"H3","8201",8,7023,7023,175125,6
2008,381,2,752,"H3","8201",8,6195,6195,80308,6
2008,381,1,752,"H3","780110",8,4112316,4112316,9385196,0
2008,381,2,752,"H3","820520",8,9649,9649,38543,0
2008,381,2,752,"H3","780110",8,167000,167000,506507,0
2008,381,2,752,"H3","820330",8,1603,1603,537002,0
2008,381,1,752,"H3","830130",8,11335,11335,35891,0
2008,381,2,752,"H3","820560",8,4041,4041,85753,0
2008,381,1,392,"H3","790111",8,1644375,1644375,3587262,0
2008,381,1,752,"H3","790111",8,151115,151115,298457,0
2008,381,1,752,"H3","820750",8,6511,6511,257951,0
2008,381,2,752,"H3","820750",8,6927,6927,792901,0
2008,381,1,752,"H3","790112",8,187,187,201,0
2008,381,1,392,"H3","8212",1,,1417,85232,0
2008,381,2,392,"H3","830820",8,91,91,12580,0
2008,381,1,752,"H3","830820",8,253,253,4944,0
2008,381,2,752,"H3","830820",8,160032,160032,1602897,0
2008,381,1,392,"H3","830890",8,440,440,55792,0
2008,381,2,392,"H3","830890",8,37706,37706,1449163,0
2008,381,2,392,"H3","8212",1,,125,15221,0
2008,381,1,392,"H3","810890",8,300939,300939,15944577,0
2008,381,1,392,"H3","8309",8,57875,57875,806413,0
2008,381,2,392,"H3","8309",8,3038,3038,70867,0
2008,381,1,752,"H3","810890",8,3998,3998,148044,0
2008,381,2,752,"H3","810890",8,34685,34685,2615813,0
2008,381,1,392,"H3","830910",8,56145,56145,767183,0
2008,381,2,392,"H3","830910",8,230,230,7398,0
2008,381,2,752,"H3","830910",8,14459,14459,42932,0
2008,381,1,392,"H3","830990",8,1730,1730,39230,0
2008,381,2,392,"H3","830990",8,2808,2808,63469,0
2008,381,1,752,"H3","8212",1,,4495,78880,4
2008,381,1,392,"H3","811090",8,98,98,43287,0
2008,381,1,392,"H3","8310",8,30,30,27347,0
2008,381,2,392,"H3","8310",8,825,825,160852,0
2008,381,1,752,"H3","8310",8,3486,3486,133664,0
2008,381,2,752,"H3","8310",8,14701,14701,179144,0
2008,381,1,392,"H3","831000",8,30,30,27347,0
2008,381,2,392,"H3","831000",8,825,825,160852,0
2008,381,1,752,"H3","831000",8,3486,3486,133664,0
2008,381,2,752,"H3","831000",8,14701,14701,179144,0
2008,381,1,392,"H3","8311",8,26322,26322,306046,0
2008,381,2,392,"H3","8311",8,455,455,43171,0
2008,381,1,752,"H3","8311",8,1184893,1184893,11246304,0
2008,381,2,752,"H3","8311",8,896646,896646,2582793,0
2008,381,2,752,"H3","8212",1,,,564729,0
2008,381,1,392,"H3","821220",5,517000,1327,70800,0
2008,381,2,752,"H3","821220",5,30000,,947,0
2008,381,2,752,"H3","8213",8,3028,3028,147464,0
2008,381,1,392,"H3","831120",8,25152,25152,245078,0
2008,381,1,752,"H3","831120",8,198635,198635,1564117,0
2008,381,2,752,"H3","831120",8,249777,249777,902496,0
2008,381,1,392,"H3","831130",8,880,880,6406,0
2008,381,2,752,"H3","831130",8,2916,2916,361451,0
2008,381,2,752,"H3","83",1,,,34623501,0
2008,381,1,752,"H3","8301",8,23821,23821,971407,0
2008,381,1,392,"H3","821410",8,1101,1101,90421,0
2008,381,1,752,"H3","821410",8,1,1,9,0
2008,381,2,752,"H3","821410",8,99,99,1920,0
2008,381,1,392,"H3","8203",8,84321,84321,1113945,0
2008,381,1,392,"H3","8215",8,403,403,47745,0
2008,381,1,392,"H3","8401",8,45,45,2518,0
2008,381,1,392,"H3","840140",8,45,45,2518,0
2008,381,2,392,"H3","8215",8,34493,34493,1150993,0
2008,381,1,752,"H3","830140",8,5133,5133,394779,0
2008,381,2,752,"H3","830140",8,9906,9906,264760,0
2008,381,1,392,"H3","830170",8,659,659,70054,0
2008,381,2,392,"H3","840219",8,4646,4646,148914,0
2008,381,2,752,"H3","840219",8,12645,12645,356777,0
2008,381,2,392,"H3","830170",8,3615,3615,212738,0
2008,381,1,752,"H3","830170",8,2342,2342,42885,0
2008,381,1,392,"H3","840290",8,52,52,5196,0
2008,381,2,392,"H3","840290",8,181,181,14805,0
2008,381,2,752,"H3","840290",8,14259,14259,453574,0
2008,381,1,392,"H3","8403",1,,6505,595994,0
2008,381,2,392,"H3","8403",1,,8916,118108,0
2008,381,1,752,"H3","8403",1,,52580,818794,0
2008,381,2,752,"H3","8403",1,,465948,4025597,0
2008,381,2,392,"H3","840310",1,,8756,113226,0
2008,381,1,752,"H3","840310",1,,25149,355595,0
2008,381,2,752,"H3","840310",1,,366056,2208856,0
2008,381,2,752,"H3","830170",8,40757,40757,2004069,0
2008,381,1,392,"H3","8302",8,122707,122707,3619275,0
2008,381,2,392,"H3","8302",8,389681,389681,5590164,0
2008,381,1,752,"H3","8302",8,367083,367083,2915254,0
2008,381,2,752,"H3","8302",8,1935239,1935239,17489032,0
2008,381,1,392,"H3","830210",8,1616,1616,123152,0
2008,381,1,752,"H3","840410",8,12135,12135,52693,0
2008,381,2,752,"H3","840410",8,50578,50578,120752,0
2008,381,2,392,"H3","830210",8,187775,187775,2380313,0
2008,381,1,752,"H3","830210",8,55460,55460,266417,0
2008,381,2,752,"H3","830210",8,247536,247536,2865781,0
2008,381,1,752,"H3","830220",8,2622,2622,34349,0
2008,381,2,752,"H3","830220",8,80874,80874,807712,0
2008,381,1,752,"H3","830230",8,278941,278941,2152383,0
2008,381,2,752,"H3","830230",8,34764,34764,531386,0
2008,381,2,752,"H3","830621",8,333,333,7592,0
2008,381,1,752,"H3","830629",8,227,227,14263,0
2008,381,2,752,"H3","830629",8,37123,37123,589177,0
2008,381,1,752,"H3","830710",8,593,593,184606,0
2008,381,2,752,"H3","830710",8,125853,125853,2008677,0
2008,381,1,392,"H3","8406",1,,43552,2578824,0
2008,381,2,392,"H3","8406",1,,82411,3837219,0
2008,381,1,392,"H3","821192",1,,4172,135133,0
2008,381,2,392,"H3","821192",1,,96,8621,0
2008,381,1,392,"H3","840681",1,,10,1511,0
2008,381,1,392,"H3","840682",1,,5468,213220,0
2008,381,2,392,"H3","840682",1,,8413,1463983,0
2008,381,1,752,"H3","821192",1,,914,38099,0
2008,381,1,752,"H3","8308",8,68665,68665,258052,0
2008,381,2,752,"H3","821192",1,,123,3274,0
2008,381,1,392,"H3","821193",1,,30798,787987,0
2008,381,2,392,"H3","821193",1,,4,3232,0
2008,381,2,752,"H3","8308",8,329798,329798,3736333,0
2008,381,1,752,"H3","821193",1,,1183,59942,0
2008,381,2,752,"H3","821193",1,,292,13355,0
2008,381,1,392,"H3","820160",8,10320,10320,225409,0
2008,381,2,392,"H3","790200",8,248045,248045,211884,0
2008,381,2,392,"H3","820160",8,77,77,10561,0
2008,381,1,752,"H3","820160",8,2315,2315,35239,0
2008,381,1,392,"H3","830300",8,590,590,11833,0
2008,381,2,392,"H3","830300",8,3376,3376,74708,0
2008,381,1,392,"H3","840729",5,34,627,82370,0
2008,381,2,392,"H3","840729",5,103,274,60819,0
2008,381,1,752,"H3","840729",5,183,162035,3645433,4
2008,381,1,392,"H3","840731",5,4738,15076,422845,0
2008,381,2,392,"H3","840731",5,30,31026,566267,0
2008,381,1,392,"H3","840732",5,3671,116486,2141898,0
2008,381,2,392,"H3","840732",5,616,17622,655145,0
2008,381,1,752,"H3","830300",8,14044,14044,139148,6
2008,381,2,752,"H3","830300",8,102195,102195,919165,6
2008,381,1,752,"H3","830890",8,8024,8024,67120,0
2008,381,2,752,"H3","830890",8,164486,164486,2042441,0
2008,381,1,752,"H3","8309",8,794,794,4280,0
2008,381,1,392,"H3","840734",5,14,2305,91788,0
2008,381,2,392,"H3","840734",5,9,1680,194431,0
2008,381,1,752,"H3","840734",5,81,19139,361845,4
2008,381,2,752,"H3","840734",5,6820,1359966,23574438,4
2008,381,1,392,"H3","840790",5,93110,1969844,32218352,0
2008,381,2,392,"H3","840790",5,1347,4549,262192,0
2008,381,1,752,"H3","840790",5,658,16257,151158,4
2008,381,2,752,"H3","840790",5,15576,111401,2336897,4
2008,381,2,752,"H3","8309",8,320228,320228,3352915,0
2008,381,1,392,"H3","831110",8,18,18,7087,0
2008,381,2,392,"H3","831110",8,255,255,36689,0
2008,381,1,752,"H3","831110",8,986258,986258,9682187,0
2008,381,2,752,"H3","831110",8,45836,45836,143878,0
2008,381,1,392,"H3","84",1,,,2028863684,0
2008,381,2,392,"H3","84",1,,,584130435,0
2008,381,1,392,"H3","840820",5,8368,2065040,32879760,0
2008,381,2,392,"H3","840820",5,339,93851,15315254,0
2008,381,1,752,"H3","84",1,,,1074648277,0
2008,381,2,752,"H3","84",1,,,1580127138,0
2008,381,1,392,"H3","840890",5,12600,1947166,26407476,0
2008,381,2,392,"H3","840890",5,1697,754104,15028392,0
2008,381,1,752,"H3","840890",5,664,1296272,22167857,4
2008,381,2,752,"H3","840890",5,559,70493,1306584,4
2008,381,1,392,"H3","8409",8,3112901,3112901,90458808,0
2008,381,2,392,"H3","8409",8,657528,657528,14607658,0
2008,381,1,752,"H3","8307",8,2184,2184,216805,0
2008,381,2,752,"H3","8307",8,162707,162707,2413587,0
2008,381,1,392,"H3","840910",8,1058,1058,44168,0
2008,381,2,392,"H3","840910",8,5141,5141,155327,0
2008,381,1,752,"H3","840910",8,6,6,1599,0
2008,381,2,752,"H3","840910",8,1234,1234,51069,0
2008,381,1,392,"H3","8308",8,32408,32408,442489,0
2008,381,2,392,"H3","8308",8,42498,42498,1580890,0
2008,381,1,392,"H3","840710",5,23,280,31667,0
2008,381,2,392,"H3","840710",5,11,573,65416,0
2008,381,1,392,"H3","840999",8,823974,823974,23888024,0
2008,381,2,392,"H3","840999",8,602895,602895,13137373,0
2008,381,2,752,"H3","840710",5,3,31,7535,4
2008,381,1,752,"H3","8402",8,74,74,20710,0
2008,381,2,752,"H3","8402",8,26922,26922,810623,0
2008,381,1,752,"H3","840490",8,1788,1788,61785,0
2008,381,1,392,"H3","8405",8,29660,29660,1188582,0
2008,381,2,392,"H3","8405",8,2616,2616,217639,0
2008,381,1,392,"H3","841011",1,,11450,422136,0
2008,381,2,392,"H3","841011",5,0,80,8753,2
2008,381,1,752,"H3","8405",8,1800,1800,140154,0
2008,381,1,392,"H3","841090",8,8001,8001,473478,0
2008,381,2,392,"H3","841090",8,14095,14095,1571575,0
2008,381,2,752,"H3","8405",8,572,572,29587,0
2008,381,1,392,"H3","830241",8,1,1,2114,0
2008,381,1,392,"H3","8411",1,,85373,17006382,0
2008,381,2,392,"H3","8411",1,,96829,18531320,0
2008,381,2,392,"H3","830241",8,27573,27573,306347,0
2008,381,1,752,"H3","830241",8,1917,1917,27487,0
2008,381,2,392,"H3","841121",5,1,110,761828,0
2008,381,1,392,"H3","841181",5,10,48,6908,0
2008,381,1,392,"H3","841191",8,8828,8828,1975104,0
2008,381,2,392,"H3","841191",8,9607,9607,12997656,0
2008,381,1,752,"H3","841191",8,108,108,1109720,0
2008,381,1,392,"H3","841199",8,76497,76497,15024370,0
2008,381,2,392,"H3","841199",8,87112,87112,4771837,0
2008,381,2,752,"H3","830241",8,317017,317017,4884789,0
2008,381,1,392,"H3","830242",8,50482,50482,1366239,0
2008,381,1,392,"H3","8412",1,,3656874,62203606,0
2008,381,2,392,"H3","8412",1,,362438,4882433,0
2008,381,2,392,"H3","830242",8,114226,114226,1329192,0
2008,381,1,752,"H3","830242",8,5814,5814,135376,0
2008,381,2,392,"H3","841210",5,2,276,10443,0
2008,381,2,752,"H3","830242",8,547035,547035,3492077,0
2008,381,1,752,"H3","830249",8,8589,8589,235738,0
2008,381,1,392,"H3","841221",1,,467233,4610195,0
2008,381,2,392,"H3","841221",1,,15884,276008,0
2008,381,2,752,"H3","830249",8,591127,591127,2207723,0
2008,381,1,392,"H3","830260",8,43717,43717,1123712,0
2008,381,1,392,"H3","841229",1,,1841198,23031322,0
2008,381,2,392,"H3","841229",1,,96210,1787067,0
2008,381,1,752,"H3","841229",1,,370455,20764564,0
2008,381,2,752,"H3","841229",1,,125049,3290854,0
2008,381,1,392,"H3","841231",1,,42115,3708662,0
2008,381,2,392,"H3","841231",1,,5742,91496,0
2008,381,1,752,"H3","841231",1,,50772,1716542,0
2008,381,2,752,"H3","841231",1,,87625,2760118,0
2008,381,2,392,"H3","841239",1,,107631,966053,0
2008,381,1,752,"H3","841239",1,,1938,563075,0
2008,381,2,752,"H3","841239",1,,36518,794986,0
2008,381,1,392,"H3","841280",1,,400,27601,0
2008,381,2,392,"H3","841280",1,,2054,50198,0
2008,381,1,752,"H3","841280",1,,166,10312,0
2008,381,2,752,"H3","841280",1,,5579,420320,0
2008,381,1,392,"H3","841290",8,1305928,1305928,30825826,0
2008,381,2,392,"H3","841290",8,134641,134641,1701167,0
2008,381,2,392,"H3","830260",8,15158,15158,454418,0
2008,381,2,752,"H3","840732",5,102,4748,212584,4
2008,381,1,392,"H3","830520",8,5916,5916,345027,0
2008,381,2,392,"H3","830520",8,205,205,5315,0
2008,381,1,752,"H3","830520",8,57847,57847,223278,0
2008,381,2,752,"H3","830520",8,7550,7550,24526,0
2008,381,1,392,"H3","841311",5,100,510,8040,0
2008,381,2,392,"H3","841311",5,508,782,15042,0
2008,381,1,752,"H3","841311",5,1658,715015,14947469,4
2008,381,2,752,"H3","841311",5,2328,29788,594925,4
2008,381,1,392,"H3","840590",8,22,22,21879,0
2008,381,2,392,"H3","840590",8,19,19,10138,0
2008,381,2,752,"H3","8409",8,3377826,3377826,79944272,0
2008,381,1,392,"H3","840991",8,2287869,2287869,66526616,0
2008,381,1,392,"H3","841320",5,300,530,2464,0
2008,381,2,392,"H3","841320",5,4623,21335,442502,0
2008,381,2,752,"H3","840590",8,62,62,1462,0
2008,381,2,392,"H3","830790",8,4,4,7025,0
2008,381,1,752,"H3","830790",8,1591,1591,32198,0
2008,381,2,752,"H3","830790",8,36854,36854,404910,0
2008,381,2,392,"H3","840991",8,49492,49492,1314958,0
2008,381,1,752,"H3","840991",8,117728,117728,2535084,0
2008,381,2,752,"H3","841340",5,1,2373,37659,4
2008,381,1,392,"H3","8407",5,164994,7138736,190265435,0
2008,381,2,392,"H3","8407",5,2907,76210,2084496,0
2008,381,1,752,"H3","8407",5,926,197712,4167603,4
2008,381,2,752,"H3","8407",5,23733,1513534,27202056,4
2008,381,1,392,"H3","841360",5,4029,44186,1182300,2
2008,381,2,392,"H3","841360",5,10814,24481,1080337,2
2008,381,2,752,"H3","840991",8,614747,614747,30750706,0
2008,381,1,752,"H3","840999",8,1308018,1308018,55032944,0
2008,381,2,752,"H3","840999",8,2761845,2761845,49142497,0
2008,381,1,392,"H3","8408",5,21277,4178939,64484824,0
2008,381,2,392,"H3","8408",5,2036,847955,30343646,0
2008,381,1,752,"H3","8408",5,5530,4321769,99847870,4
2008,381,1,392,"H3","841381",5,35168,376744,8096767,0
2008,381,2,392,"H3","841381",5,373471,264946,5914345,0
2008,381,2,752,"H3","8408",5,11617,2377791,35497111,4
2008,381,1,392,"H3","840810",5,309,166733,5197588,0
2008,381,2,392,"H3","841382",5,3430,8497,166641,0
2008,381,1,752,"H3","841382",5,1,37,338,4
2008,381,2,752,"H3","841382",5,118,1977,26796,4
2008,381,1,752,"H3","840810",5,1535,2855446,75718609,4
2008,381,2,752,"H3","840810",5,141,29617,784671,4
2008,381,1,752,"H3","840820",5,3331,170051,1961405,4
2008,381,2,752,"H3","840820",5,10917,2277681,33405855,4
2008,381,1,392,"H3","841392",8,487,487,105098,0
2008,381,2,392,"H3","841392",8,5532,5532,210850,0
2008,381,1,752,"H3","841392",8,37,37,590,0
2008,381,2,752,"H3","841392",8,2607,2607,28355,0
2008,381,1,752,"H3","8409",8,1425752,1425752,57569626,0
2008,381,1,392,"H3","8402",8,52,52,5196,0
2008,381,2,392,"H3","8402",8,4827,4827,163719,0
2008,381,1,752,"H3","840220",8,74,74,20710,0
2008,381,2,752,"H3","840220",8,18,18,273,0
2008,381,1,752,"H3","8411",1,,34391,11027464,0
2008,381,2,752,"H3","8411",1,,17658,1885519,0
2008,381,1,752,"H3","841199",8,34283,34283,9917745,0
2008,381,1,392,"H3","841420",5,183,314,77040,0
2008,381,2,752,"H3","841199",8,17658,17658,1885519,0
2008,381,1,752,"H3","8412",1,,,27280152,0
2008,381,2,752,"H3","8412",1,,297643,8174840,4
2008,381,1,752,"H3","841210",5,775,,88992,0
2008,381,2,752,"H3","841210",5,115,924,20244,4
2008,381,1,392,"H3","841319",5,1462,14656,225324,0
2008,381,2,392,"H3","841319",5,6279,32669,1039257,0
2008,381,1,392,"H3","841440",5,12,90,3364,0
2008,381,2,392,"H3","841440",5,649,1739,56231,0
2008,381,1,752,"H3","841320",5,660,3220,58059,4
2008,381,2,752,"H3","841320",5,10138,22255,352139,4
2008,381,1,392,"H3","841451",5,3000,845,24813,0
2008,381,2,392,"H3","841451",5,479,5801,58483,0
2008,381,1,392,"H3","841330",5,601889,304207,12106634,0
2008,381,2,392,"H3","841330",5,12115,25532,1434176,0
2008,381,1,752,"H3","841381",5,24391,1565198,10925345,4
2008,381,2,752,"H3","841381",5,154732,1256838,17440754,4
2008,381,1,752,"H3","841391",8,80358,80358,4577588,0
2008,381,2,752,"H3","841391",8,343796,343796,11389866,0
2008,381,1,392,"H3","841460",5,4,150,1982,0
2008,381,2,392,"H3","841460",5,2303,35458,832934,0
2008,381,2,752,"H3","841460",5,132169,1480097,17239376,4
2008,381,1,392,"H3","841480",5,321685,617397,19510922,0
2008,381,2,392,"H3","841480",5,1351,28263,737679,0
2008,381,1,392,"H3","841430",5,771249,4368170,90438960,0
2008,381,2,392,"H3","841430",5,6893,85963,1490277,0
2008,381,1,392,"H3","8410",1,,19451,895614,0
2008,381,2,392,"H3","841490",8,145916,145916,5401087,0
2008,381,2,392,"H3","8410",1,,15015,1593533,0
2008,381,1,392,"H3","841410",5,1735,13836,1832216,0
2008,381,1,392,"H3","8415",1,,8029331,172377634,0
2008,381,2,392,"H3","8415",1,,192554,3356008,0
2008,381,2,392,"H3","841410",5,9174,72154,3783071,0
2008,381,1,392,"H3","840390",8,6505,6505,595994,0
2008,381,2,392,"H3","840390",8,160,160,4882,0
2008,381,1,752,"H3","840390",8,27431,27431,463198,0
2008,381,2,752,"H3","840390",8,99892,99892,1816741,0
2008,381,1,752,"H3","8404",8,13923,13923,114477,0
2008,381,2,752,"H3","8404",8,50578,50578,120752,0
2008,381,1,752,"H3","8410",1,,661,33319,0
2008,381,2,752,"H3","8410",1,,77,7665,0
2008,381,1,392,"H3","841581",1,,800461,11156462,0
2008,381,2,392,"H3","841581",5,1838,56854,1575809,2
2008,381,2,392,"H3","841012",1,,840,13205,0
2008,381,1,752,"H3","841090",8,661,661,33319,0
2008,381,2,752,"H3","841090",8,77,77,7665,0
2008,381,1,392,"H3","840510",8,29638,29638,1166703,0
2008,381,2,392,"H3","840510",8,2597,2597,207501,0
2008,381,1,752,"H3","840510",8,1800,1800,140154,0
2008,381,1,392,"H3","841583",1,,652997,9111972,0
2008,381,2,392,"H3","841583",1,,67448,539697,0
2008,381,1,752,"H3","841410",5,5114,48181,1226970,4
2008,381,2,752,"H3","841410",5,252067,228090,5394036,4
2008,381,1,392,"H3","841590",8,3033967,3033967,76962767,0
2008,381,2,392,"H3","841590",8,53837,53837,553073,0
2008,381,2,752,"H3","841480",5,144686,2914492,66268270,4
2008,381,1,392,"H3","841490",8,3678997,3678997,84944907,0
2008,381,1,392,"H3","8416",8,2247,2247,275569,0
2008,381,2,392,"H3","8416",8,9224,9224,264239,0
2008,381,1,752,"H3","841430",5,1136,70486,541071,4
2008,381,1,752,"H3","841221",1,,65812,1454372,0
2008,381,2,392,"H3","841610",8,3555,3555,97583,0
2008,381,1,752,"H3","841610",8,3227,3227,89336,6
2008,381,2,752,"H3","841610",8,8350,8350,141855,6
2008,381,1,392,"H3","841620",8,1870,1870,198283,0
2008,381,2,392,"H3","841620",8,2219,2219,58981,0
2008,381,1,752,"H3","841620",8,2106,2106,38613,6
2008,381,2,752,"H3","841620",8,3619,3619,76213,6
2008,381,2,752,"H3","841221",1,,17569,243145,0
2008,381,1,392,"H3","841690",8,377,377,77285,0
2008,381,2,392,"H3","841690",8,3450,3450,107675,0
2008,381,1,752,"H3","841690",8,2513,2513,121641,0
2008,381,2,752,"H3","841690",8,22140,22140,300985,0
2008,381,1,752,"H3","841290",8,38305,38305,2682295,0
2008,381,2,752,"H3","841290",8,24379,24379,645173,0
2008,381,1,752,"H3","830260",8,61,61,3468,0
2008,381,2,752,"H3","830260",8,102912,102912,2624286,0
2008,381,1,392,"H3","8413",1,,856421,27255445,0
2008,381,1,392,"H3","840733",5,52883,3190005,100004965,0
2008,381,2,392,"H3","840733",5,773,8868,219171,0
2008,381,2,392,"H3","841720",5,22,35729,119071,2
2008,381,1,752,"H3","841720",1,,12641,179476,0
2008,381,2,752,"H3","841720",5,25,12540,133452,2
2008,381,1,392,"H3","841780",1,,62745,1565155,0
2008,381,2,392,"H3","841780",1,,76338,1030741,0
2008,381,1,752,"H3","841780",1,,8552,129944,0
2008,381,2,752,"H3","841780",1,,107751,1052268,0
2008,381,1,392,"H3","841790",8,7434,7434,223450,0
2008,381,2,392,"H3","841790",8,106707,106707,703681,0
2008,381,1,752,"H3","8305",8,58373,58373,244921,0
2008,381,2,752,"H3","8305",8,22252,22252,142546,0
2008,381,1,392,"H3","8418",1,,2585156,35919906,0
2008,381,2,392,"H3","8418",1,,185840,5897509,0
2008,381,2,392,"H3","8413",1,,639575,18314094,0
2008,381,1,752,"H3","8413",1,,2666345,39499361,4
2008,381,2,392,"H3","841810",5,162,10368,94567,0
2008,381,2,752,"H3","8413",1,,2451724,49032885,4
2008,381,2,752,"H3","841430",5,115232,754025,6794478,4
2008,381,2,392,"H3","841821",5,239,8318,76408,0
2008,381,1,392,"H3","8306",8,4745,4745,163770,0
2008,381,2,392,"H3","8306",8,77852,77852,1354615,0
2008,381,1,392,"H3","841829",5,119,34,4070,0
2008,381,2,392,"H3","841829",5,131,20754,762409,0
2008,381,1,752,"H3","8306",8,356,356,15179,0
2008,381,2,752,"H3","8306",8,37715,37715,602523,0
2008,381,2,392,"H3","841830",5,316,4471,408889,0
2008,381,2,752,"H3","840510",8,510,510,28125,0
2008,381,1,752,"H3","841440",5,1,335,1468,4
2008,381,2,392,"H3","841840",5,115,9571,175835,0
2008,381,1,752,"H3","841319",5,970,13349,153122,4
2008,381,2,752,"H3","841319",5,2458,30429,561190,4
2008,381,2,752,"H3","841440",5,6465,214045,2199993,4
2008,381,1,752,"H3","841451",5,65,2037,7747,4
2008,381,1,752,"H3","8406",1,,38856,728881,0
2008,381,2,752,"H3","841451",5,11271,55485,734851,4
2008,381,1,392,"H3","841861",1,,354083,5004464,0
2008,381,2,392,"H3","841861",1,,20927,305367,0
2008,381,1,392,"H3","841459",5,639596,888596,10967055,0
2008,381,2,752,"H3","8406",1,,106681,1133314,0
2008,381,1,392,"H3","841869",8,2175017,2175017,28588518,0
2008,381,2,392,"H3","841869",8,41559,41559,1862759,0
2008,381,1,752,"H3","841330",5,11140,31892,819318,4
2008,381,1,392,"H3","840690",8,38074,38074,2364093,0
2008,381,2,752,"H3","841330",5,112745,86509,2829078,4
2008,381,1,392,"H3","841350",5,9991,25731,798558,2
2008,381,2,392,"H3","840690",8,73998,73998,2373236,0
2008,381,1,392,"H3","841899",8,36493,36493,1828396,0
2008,381,2,392,"H3","841899",8,14966,14966,812108,0
2008,381,1,752,"H3","840690",8,38856,38856,728881,0
2008,381,2,752,"H3","840690",8,106681,106681,1133314,0
2008,381,2,392,"H3","841350",5,8776,51248,1829353,2
2008,381,1,752,"H3","841350",5,8185,63559,2244861,6
2008,381,2,752,"H3","841350",5,4292,96582,2136441,6
2008,381,1,392,"H3","830810",8,31968,31968,386697,0
2008,381,2,392,"H3","830810",8,4701,4701,119148,0
2008,381,1,752,"H3","830810",8,60388,60388,185988,0
2008,381,1,752,"H3","841360",5,45258,113150,4437733,6
2008,381,2,392,"H3","841919",5,270,4798,84795,2
2008,381,1,752,"H3","841919",5,46,1294,22066,2
2008,381,2,752,"H3","841919",5,3851,54616,1208972,2
2008,381,2,392,"H3","841920",5,128,10015,538903,2
2008,381,1,752,"H3","841920",1,,52562,2564291,0
2008,381,2,752,"H3","841920",5,311,20537,1310723,2
2008,381,2,392,"H3","841931",5,1,1908,54186,2
2008,381,2,752,"H3","841931",5,0,135,1662,2
2008,381,2,392,"H3","841932",5,7,25715,201150,2
2008,381,1,752,"H3","841932",1,,835,46921,0
2008,381,2,752,"H3","841932",5,36,42484,1051380,2
2008,381,1,392,"H3","841939",1,,838,61533,0
2008,381,2,392,"H3","841939",1,,10331,184787,0
2008,381,2,752,"H3","830810",8,5280,5280,90995,0
2008,381,2,752,"H3","841360",5,63537,378753,9095572,6
2008,381,2,392,"H3","841940",1,,16943,653100,0
2008,381,1,752,"H3","841940",1,,178,6491,0
2008,381,2,752,"H3","841940",1,,19396,749969,0
2008,381,1,392,"H3","841950",1,,5608,557788,0
2008,381,2,392,"H3","841950",1,,62751,1508697,0
2008,381,1,752,"H3","840733",5,4,281,9167,4
2008,381,2,752,"H3","840733",5,68,7320,203961,4
2008,381,1,392,"H3","841370",5,8093,54257,1831996,0
2008,381,2,392,"H3","841370",5,7062,11417,410341,0
2008,381,1,392,"H3","841981",1,,693,46317,0
2008,381,2,392,"H3","841981",1,,200632,9874243,0
2008,381,1,752,"H3","841370",5,1302,80530,1334937,4
2008,381,2,752,"H3","841370",5,29557,199817,4540108,4
2008,381,1,392,"H3","841989",1,,8740,352822,0
2008,381,2,392,"H3","841989",1,,22519,1371649,0
2008,381,1,752,"H3","830990",8,794,794,4280,0
2008,381,2,752,"H3","830990",8,305769,305769,3309983,0
2008,381,1,392,"H3","841990",8,13386,13386,567725,0
2008,381,2,392,"H3","841990",8,79970,79970,4071966,0
2008,381,2,392,"H3","841459",5,7058,203682,2134097,0
2008,381,1,752,"H3","841459",5,5180,66960,1060941,4
2008,381,1,392,"H3","8420",1,,12067,88715,0
2008,381,2,392,"H3","8420",1,,3793,130877,0
2008,381,1,392,"H3","841391",8,35113,35113,2898264,0
2008,381,2,392,"H3","841391",8,193136,193136,5771250,0
2008,381,1,392,"H3","831190",8,272,272,47474,0
2008,381,2,392,"H3","831190",8,200,200,6482,0
2008,381,1,392,"H3","842091",8,12037,12037,78541,0
2008,381,2,392,"H3","842091",8,138,138,19539,0
2008,381,1,752,"H3","842091",8,32340,32340,348627,0
2008,381,2,752,"H3","842091",8,3101,3101,38633,0
2008,381,2,752,"H3","831190",8,598117,598117,1174967,0
2008,381,2,752,"H3","841459",5,200326,607067,6742198,4
2008,381,1,752,"H3","841480",5,1707,96041,892865,4
2008,381,1,392,"H3","8414",1,,9568395,207801259,0
2008,381,1,392,"H3","8421",1,,268456,9528607,0
2008,381,2,392,"H3","8421",1,,175505,5256879,0
2008,381,2,392,"H3","8414",1,,588454,14635603,0
2008,381,1,752,"H3","8414",1,,401691,6928236,4
2008,381,1,752,"H3","842112",5,24,17993,105306,4
2008,381,2,752,"H3","842112",5,18,782,12593,4
2008,381,1,392,"H3","842119",1,,340,63275,0
2008,381,2,392,"H3","842119",5,70,24817,968934,2
2008,381,2,752,"H3","8414",1,,8034677,133478169,4
2008,381,1,752,"H3","841490",8,106710,106710,3145190,0
2008,381,1,392,"H3","842121",1,,42917,629527,0
2008,381,2,392,"H3","842121",1,,41710,605573,0
2008,381,2,752,"H3","841490",8,1777416,1777416,28053575,0
2008,381,1,752,"H3","8415",1,,330060,9737558,0
2008,381,2,392,"H3","842122",1,,700,35867,0
2008,381,1,752,"H3","842122",1,,492,12572,0
2008,381,2,752,"H3","842122",1,,1009,65043,0
2008,381,2,752,"H3","8415",1,,1966813,35112114,0
2008,381,1,392,"H3","841510",5,193182,2290150,51573132,2
2008,381,2,392,"H3","841510",5,320,2548,80121,2
2008,381,1,752,"H3","841510",5,648,6177,173033,2
2008,381,1,392,"H3","842129",1,,13513,3215672,0
2008,381,2,392,"H3","842129",1,,17010,925214,0
2008,381,2,752,"H3","841510",5,17975,214407,4498124,2
2008,381,1,392,"H3","841520",5,1749,24359,669165,2
2008,381,1,392,"H3","842131",5,72908,32795,987578,2
2008,381,2,392,"H3","842131",1,,2347,230949,0
2008,381,2,392,"H3","841520",1,,550,39642,0
2008,381,2,752,"H3","841520",1,,2006,159808,0
2008,381,1,752,"H3","841581",1,,70071,938125,0
2008,381,2,752,"H3","841581",5,2206,89465,1890911,2
2008,381,1,392,"H3","841582",1,,1227397,22904136,0
2008,381,2,392,"H3","841582",1,,11317,567666,0
2008,381,1,752,"H3","841582",1,,127,12127,0
2008,381,2,752,"H3","841582",1,,849072,16023883,0
2008,381,1,752,"H3","841583",1,,178711,7034494,0
2008,381,2,752,"H3","841583",1,,441804,7174780,0
2008,381,1,392,"H3","842199",8,115313,115313,2066572,0
2008,381,2,392,"H3","842199",8,42502,42502,961405,0
2008,381,1,752,"H3","841590",8,74974,74974,1579779,0
2008,381,2,392,"H3","841420",5,4050,9478,141745,0
2008,381,1,392,"H3","8422",1,,121019,10192449,0
2008,381,2,392,"H3","8422",1,,796541,84131593,0
2008,381,1,752,"H3","841420",5,2813,10941,51984,4
2008,381,2,752,"H3","841420",5,612,3960,51393,4
2008,381,2,392,"H3","842211",5,1078,44031,417921,0
2008,381,2,752,"H3","841590",8,370059,370059,5364608,0
2008,381,1,392,"H3","8417",1,,76979,1939559,0
2008,381,2,392,"H3","8417",1,,220004,1876991,0
2008,381,1,752,"H3","8417",1,,56501,782011,0
2008,381,2,752,"H3","8417",1,,206158,2636092,0
2008,381,1,392,"H3","842220",1,,900,142247,0
2008,381,2,392,"H3","842220",5,10,4542,298157,2
2008,381,1,752,"H3","842220",1,,8088,586143,0
2008,381,2,752,"H3","842220",5,39,24478,1105128,2
2008,381,1,392,"H3","841710",1,,6800,150954,0
2008,381,2,392,"H3","841710",5,1,1230,23497,2
2008,381,2,752,"H3","841710",5,4,6530,113052,2
2008,381,1,752,"H3","841790",8,35308,35308,472591,0
2008,381,1,392,"H3","842240",1,,97328,6476907,0
2008,381,2,392,"H3","842240",1,,586567,57270527,0
2008,381,2,752,"H3","841790",8,79337,79337,1337320,0
2008,381,1,752,"H3","8418",1,,780625,13084133,4
2008,381,1,392,"H3","842290",8,11016,11016,2758172,0
2008,381,2,392,"H3","842290",8,85801,85801,22487319,0
2008,381,2,752,"H3","8418",1,,17007332,109613595,4
2008,381,1,752,"H3","841810",5,9,5493,29663,4
2008,381,2,752,"H3","841810",5,41388,4050165,17252808,4
2008,381,1,752,"H3","841821",5,303,26937,127701,4
2008,381,2,752,"H3","841821",5,116781,6845623,32947103,4
2008,381,1,752,"H3","841829",5,110,1842,10008,4
2008,381,2,752,"H3","841829",5,23289,95441,899616,4
2008,381,1,752,"H3","841830",5,5,887,4455,4
2008,381,2,752,"H3","841830",5,20602,630726,4629965,4
2008,381,1,752,"H3","841840",5,600,73316,330952,4
2008,381,1,392,"H3","842320",5,2,480,53644,0
2008,381,1,752,"H3","842320",5,2,71,5653,4
2008,381,2,752,"H3","842320",5,4,1920,56966,4
2008,381,1,392,"H3","842330",5,1,960,99169,0
2008,381,2,752,"H3","841840",5,32320,2258007,12014426,4
2008,381,1,392,"H3","841850",5,69,19529,494458,0
2008,381,1,392,"H3","842381",5,104,824,90121,0
2008,381,2,752,"H3","842381",5,33,6743,140435,4
2008,381,2,392,"H3","841850",5,1559,54737,1392904,0
2008,381,1,752,"H3","841850",5,247,67062,388863,4
2008,381,2,752,"H3","841850",5,10632,1856057,23394845,4
2008,381,1,392,"H3","842390",8,51,51,13486,0
2008,381,2,392,"H3","842390",8,92,92,9367,0
2008,381,2,392,"H3","841891",8,169,169,6262,0
2008,381,1,752,"H3","841891",8,1768,1768,86875,0
2008,381,2,752,"H3","841891",8,42656,42656,460099,0
2008,381,1,392,"H3","8419",1,,197970,4485571,0
2008,381,2,392,"H3","8419",1,,435840,18563769,0
2008,381,1,752,"H3","8419",1,,6051492,104606244,0
2008,381,2,392,"H3","842410",1,,4524,147856,0
2008,381,1,752,"H3","842410",1,,14491,742370,0
2008,381,2,752,"H3","842410",1,,59861,338540,0
2008,381,1,392,"H3","842420",1,,17720,3602726,0
2008,381,2,392,"H3","842420",1,,4007,190391,0
2008,381,2,752,"H3","8419",1,,3023367,64860456,0
2008,381,1,752,"H3","841939",1,,20825,795806,0
2008,381,1,392,"H3","842430",5,108,494,9440,2
2008,381,2,752,"H3","841939",1,,7751,173250,0
2008,381,1,752,"H3","841950",1,,2403624,47406621,0
2008,381,2,752,"H3","841950",1,,1871615,26711654,0
2008,381,1,392,"H3","842481",5,7191,44976,1376408,0
2008,381,2,392,"H3","842481",5,25549,140942,832072,2
2008,381,1,752,"H3","841981",1,,24607,757918,0
2008,381,2,752,"H3","841981",1,,718509,19535174,0
2008,381,1,752,"H3","841989",1,,55908,1949257,0
2008,381,2,752,"H3","841989",1,,129253,10275210,0
2008,381,1,752,"H3","8420",1,,32790,377187,0
2008,381,2,752,"H3","8420",1,,68621,896337,0
2008,381,1,392,"H3","842490",8,7694,7694,2109609,0
2008,381,2,392,"H3","842490",8,117610,117610,4208826,0
2008,381,1,392,"H3","842099",8,30,30,10174,0
2008,381,2,392,"H3","842099",8,40,40,10220,0
2008,381,1,752,"H3","842099",8,450,450,28560,0
2008,381,2,752,"H3","842099",8,65307,65307,853103,0
2008,381,1,752,"H3","842121",1,,126279,2531643,0
2008,381,2,752,"H3","842121",1,,147608,2736636,0
2008,381,1,392,"H3","842511",5,3745,140569,2700734,0
2008,381,1,752,"H3","842511",5,1,16,169,4
2008,381,2,752,"H3","842511",5,163,40055,448372,4
2008,381,1,392,"H3","842519",5,8837,51950,1113693,0
2008,381,2,392,"H3","842519",5,39,30365,356796,0
2008,381,1,752,"H3","842519",5,1,131,643,4
2008,381,2,752,"H3","842519",5,830,186812,3280724,4
2008,381,1,392,"H3","842123",5,141897,36622,863799,2
2008,381,2,392,"H3","842123",5,82244,3093,197331,2
2008,381,1,752,"H3","842123",5,621628,78959,3784156,2
2008,381,1,392,"H3","842539",5,572,7041,89231,0
2008,381,2,392,"H3","842539",5,2,9523,257030,0
2008,381,1,752,"H3","842539",5,79,42207,949267,4
2008,381,2,752,"H3","842539",5,624,81380,1642489,4
2008,381,1,392,"H3","842541",5,995,6300,64037,0
2008,381,2,392,"H3","842541",5,58,31877,405549,0
2008,381,2,752,"H3","842123",5,1032910,143872,2478285,2
2008,381,1,752,"H3","842129",1,,14005,1003983,0
2008,381,1,392,"H3","842542",5,66,565,10907,0
2008,381,2,392,"H3","842542",5,1178,31457,624054,0
2008,381,2,752,"H3","842129",1,,220807,3477558,0
2008,381,1,752,"H3","842131",5,22313,9518,302248,2
2008,381,2,752,"H3","842131",1,,14760,262397,0
2008,381,1,392,"H3","842139",1,,26931,1677884,0
2008,381,2,392,"H3","842139",1,,38453,816085,0
2008,381,1,752,"H3","842139",1,,594724,4763037,0
2008,381,2,752,"H3","842139",1,,400476,5325195,0
2008,381,1,752,"H3","842199",8,281614,281614,7438182,0
2008,381,2,752,"H3","842199",8,142783,142783,3530349,0
2008,381,1,392,"H3","842611",1,,59295,842966,0
2008,381,2,392,"H3","842611",1,,13800,936714,0
2008,381,2,392,"H3","842612",1,,463,25040,0
2008,381,1,752,"H3","8422",1,,957203,49044942,4
2008,381,2,752,"H3","842620",5,17,421609,1359092,2
2008,381,2,392,"H3","842641",5,3,25800,222468,2
2008,381,1,752,"H3","842641",1,,493010,3263163,0
2008,381,2,752,"H3","842641",5,30,350912,2588322,2
2008,381,2,752,"H3","8422",1,,5876740,149634515,4
2008,381,1,752,"H3","842211",5,2,86,501,4
2008,381,2,392,"H3","842691",5,157,47222,532723,2
2008,381,1,752,"H3","842691",5,160,641556,7043644,6
2008,381,2,752,"H3","842691",5,355,786276,8076736,6
2008,381,2,392,"H3","842699",5,5,20986,100400,2
2008,381,1,752,"H3","842699",1,,5950,132458,0
2008,381,2,752,"H3","842699",5,34,77659,671839,2
2008,381,1,392,"H3","8427",5,1628,5754475,20459603,0
2008,381,2,392,"H3","8427",5,593,26829,973268,0
2008,381,2,752,"H3","842211",5,101875,4181829,32986957,4
2008,381,1,752,"H3","8416",8,7946,7946,254160,6
2008,381,1,392,"H3","842710",5,833,2948954,8583033,0
2008,381,2,392,"H3","842710",5,92,16504,685405,0
2008,381,2,752,"H3","8416",8,34109,34109,519053,6
2008,381,2,392,"H3","842219",5,498,29400,1159959,0
2008,381,1,392,"H3","842720",5,734,2781231,11730039,0
2008,381,1,752,"H3","842720",5,55,2057489,10143215,4
2008,381,2,752,"H3","842720",5,44,691632,5557244,4
2008,381,1,392,"H3","842790",5,61,24290,146530,0
2008,381,2,392,"H3","842790",5,501,10325,287863,0
2008,381,1,752,"H3","842219",5,77,72560,1967018,4
2008,381,2,752,"H3","842219",5,4537,397083,10431712,4
2008,381,1,392,"H3","842230",1,,11775,815122,0
2008,381,2,392,"H3","842230",5,104,46200,2497709,2
2008,381,1,752,"H3","842230",1,,82259,5663985,0
2008,381,2,752,"H3","842230",5,430,169719,10341720,2
2008,381,2,392,"H3","842810",5,6,15259,110751,2
2008,381,1,752,"H3","842240",1,,415570,10580253,0
2008,381,2,752,"H3","842240",1,,604792,37082362,0
2008,381,1,752,"H3","842290",8,378641,378641,30247042,0
2008,381,2,752,"H3","842290",8,498839,498839,57686637,0
2008,381,1,392,"H3","8423",1,,3497,314705,0
2008,381,2,392,"H3","8423",1,,3246,76178,0
2008,381,1,392,"H3","842833",5,4,1852,79081,2
2008,381,1,392,"H3","842310",5,227,1182,58284,0
2008,381,2,392,"H3","842310",5,944,3154,66811,0
2008,381,1,392,"H3","842839",1,,749,117642,0
2008,381,2,392,"H3","842839",5,43,36109,522466,2
2008,381,1,752,"H3","842310",5,4041,23394,129212,4
2008,381,2,752,"H3","842310",5,559,736,10862,4
2008,381,1,752,"H3","842840",5,8,36290,322358,2
2008,381,2,752,"H3","842840",5,3,19777,80704,2
2008,381,1,392,"H3","8424",1,,79533,7695341,0
2008,381,2,392,"H3","8424",1,,767522,13337610,0
2008,381,1,752,"H3","8424",1,,197703,4027399,4
2008,381,2,752,"H3","8424",1,,773684,13771185,4
2008,381,1,752,"H3","842420",1,,41365,462564,0
2008,381,2,752,"H3","842420",1,,50390,1493308,0
2008,381,2,392,"H3","842430",5,52743,489080,7834830,2
2008,381,1,752,"H3","842430",5,8205,95229,1236321,6
2008,381,2,752,"H3","842430",5,18915,206106,3127720,6
2008,381,1,752,"H3","8421",1,,1315644,47603206,4
2008,381,2,752,"H3","8421",1,,1201499,26239431,4
2008,381,2,392,"H3","842919",5,905,248,2910,0
2008,381,1,392,"H3","842940",5,473,39928,568688,0
2008,381,2,392,"H3","842940",5,1,23980,253999,0
2008,381,1,752,"H3","842940",5,333,1381491,9236767,4
2008,381,2,752,"H3","842940",5,2,22586,98033,4
2008,381,1,392,"H3","842951",5,434,1256713,9322195,0
2008,381,2,392,"H3","842951",5,21,71524,566780,0
2008,381,1,752,"H3","842951",5,279,4722060,45003799,4
2008,381,2,752,"H3","842951",5,22,503930,2677193,4
2008,381,1,392,"H3","842952",5,3268,11618124,80843608,0
2008,381,2,392,"H3","842952",5,6,9702,140045,0
2008,381,1,752,"H3","842119",1,,7510,524699,0
2008,381,2,752,"H3","842119",5,226,49189,3124781,2
2008,381,1,392,"H3","842959",5,3853,5313104,38422584,0
2008,381,2,752,"H3","842959",5,3,897,6268,4
2008,381,2,752,"H3","8425",5,5748,1192501,11422064,4
2008,381,1,752,"H3","842541",5,4,3790,7957,4
2008,381,2,752,"H3","842541",5,1229,617598,3341047,4
2008,381,1,752,"H3","842542",5,152,17555,62473,4
2008,381,2,752,"H3","842542",5,999,129494,1207547,4
2008,381,2,392,"H3","842649",1,,915,24284,0
2008,381,2,752,"H3","842649",1,,25756,658222,0
2008,381,1,752,"H3","8428",1,,1009718,14135359,0
2008,381,1,392,"H3","843039",1,,24003,158870,0
2008,381,2,752,"H3","843039",1,,490,28085,0
2008,381,2,752,"H3","8428",1,,379674,4198459,0
2008,381,1,752,"H3","842833",5,74,70544,1488129,2
2008,381,1,392,"H3","843049",1,,3418,166482,0
2008,381,2,392,"H3","843049",1,,70,5384,0
2008,381,1,752,"H3","843049",1,,20315,876404,0
2008,381,2,752,"H3","843049",1,,5729,132479,0
2008,381,2,752,"H3","842833",5,125,63788,1731836,2
2008,381,1,752,"H3","842330",5,1,421,20556,4
2008,381,2,752,"H3","842330",5,3,3956,120253,4
2008,381,1,392,"H3","841911",1,,168705,2899386,0
2008,381,2,392,"H3","841911",1,,258,20294,0
2008,381,2,752,"H3","841911",1,,2554,34535,0
2008,381,1,752,"H3","842481",5,1382,4375,39126,4
2008,381,2,752,"H3","842481",5,60330,120409,880509,6
2008,381,1,392,"H3","842489",1,,8649,597159,0
2008,381,1,392,"H3","8431",8,6472673,6472673,64677021,0
2008,381,2,392,"H3","8431",8,3972938,3972938,29041092,0
2008,381,2,392,"H3","842489",1,,11359,123635,0
2008,381,1,752,"H3","842489",1,,9262,994186,0
2008,381,2,752,"H3","842489",1,,123082,3504747,0
2008,381,1,752,"H3","842490",8,32981,32981,552832,0
2008,381,2,392,"H3","842010",1,,3615,101118,0
2008,381,2,752,"H3","842010",1,,213,4601,0
2008,381,2,752,"H3","842490",8,213836,213836,4426361,0
2008,381,1,392,"H3","8425",5,14269,207554,4006260,0
2008,381,2,392,"H3","8425",5,1566,104653,1706186,0
2008,381,1,752,"H3","8425",5,526,,1065922,0
2008,381,2,752,"H3","842612",1,,76710,530706,0
2008,381,1,752,"H3","842890",1,,627173,6591929,0
2008,381,2,752,"H3","842890",5,13,28114,499687,2
2008,381,1,392,"H3","843069",1,,17545,80599,0
2008,381,2,392,"H3","843069",1,,650,12792,0
2008,381,1,392,"H3","842911",5,503,2893120,23465302,0
2008,381,1,752,"H3","843069",1,,2129,52217,0
2008,381,2,752,"H3","843069",1,,11343,215060,0
2008,381,1,392,"H3","843141",8,502,502,18050,0
2008,381,2,392,"H3","843141",8,1457,1457,28681,0
2008,381,2,752,"H3","842911",5,5,20219,151438,4
2008,381,2,392,"H3","8430",1,,30320,300593,0
2008,381,1,392,"H3","843142",8,2939,2939,143065,0
2008,381,1,392,"H3","842549",5,54,1129,27658,0
2008,381,1,392,"H3","843143",8,5912,5912,601737,0
2008,381,2,392,"H3","843143",8,46727,46727,751342,0
2008,381,1,752,"H3","842549",5,164,,41682,0
2008,381,2,752,"H3","842549",5,1174,54991,619918,4
2008,381,1,392,"H3","843149",8,4151950,4151950,39668217,0
2008,381,2,392,"H3","843149",8,3813505,3813505,26564292,0
2008,381,1,392,"H3","8426",1,,59295,842966,0
2008,381,2,392,"H3","843131",8,25665,25665,105730,0
2008,381,1,392,"H3","8432",1,,350285,5791128,0
2008,381,2,392,"H3","8432",1,,1628427,11073063,0
2008,381,1,752,"H3","841630",8,100,100,4569,0
2008,381,1,752,"H3","842790",5,2347,481418,2263723,4
2008,381,2,392,"H3","843210",5,35,8925,78857,0
2008,381,1,752,"H3","843210",5,2250,8169,61431,4
2008,381,2,752,"H3","843210",5,115,190429,1462127,4
2008,381,2,392,"H3","843221",5,17,15940,118886,0
2008,381,2,752,"H3","842790",5,1339,111062,876744,4
2008,381,1,392,"H3","8428",1,,59759,1372843,0
2008,381,2,392,"H3","8428",1,,77375,1283105,0
2008,381,1,752,"H3","842810",5,162,234551,3963303,2
2008,381,2,392,"H3","843230",5,151,14887,161727,0
2008,381,2,752,"H3","843230",5,14,25664,282842,4
2008,381,2,392,"H3","843240",5,60,3022,24299,0
2008,381,2,752,"H3","843240",5,184,20246,119431,4
2008,381,1,392,"H3","843280",1,,24905,446294,0
2008,381,2,392,"H3","843280",5,2040,1144777,7800631,2
2008,381,1,752,"H3","843280",1,,3393,32971,0
2008,381,2,752,"H3","843280",5,1002,658952,3832634,2
2008,381,2,752,"H3","842810",5,23,45456,454035,2
2008,381,1,392,"H3","842820",1,,36120,273104,0
2008,381,2,392,"H3","842820",5,9,6765,137464,2
2008,381,1,752,"H3","842820",1,,2073,245541,0
2008,381,1,392,"H3","8433",1,,685576,10255010,0
2008,381,2,392,"H3","8433",1,,779748,8361732,0
2008,381,2,752,"H3","842820",5,21,32564,308070,2
2008,381,1,752,"H3","842839",1,,39087,1524098,0
2008,381,1,392,"H3","843311",5,2140,223566,3060003,0
2008,381,2,392,"H3","843311",5,210,1120,58536,0
2008,381,1,752,"H3","843311",5,3445,1069020,7246895,4
2008,381,2,752,"H3","843311",5,97893,3891180,32392056,4
2008,381,1,392,"H3","843319",5,5166,174799,2563755,0
2008,381,2,392,"H3","843319",5,16,9120,79146,0
2008,381,1,752,"H3","843319",5,532,15586,128212,4
2008,381,2,752,"H3","843319",5,131,19751,246511,4
2008,381,1,392,"H3","843320",5,820,118824,1828258,0
2008,381,2,392,"H3","843320",5,49,34068,550417,0
2008,381,2,752,"H3","842839",5,31,21975,382683,2
2008,381,2,752,"H3","842382",5,31,765,29189,4
2008,381,2,392,"H3","843330",5,157,104776,1140655,0
2008,381,1,752,"H3","843330",5,151,3934,32112,4
2008,381,2,752,"H3","843330",5,495,62664,288855,4
2008,381,1,392,"H3","843340",5,64,31046,248687,0
2008,381,2,392,"H3","843340",5,239,293148,2484616,0
2008,381,1,752,"H3","842389",5,1,655,17803,4
2008,381,2,752,"H3","843351",5,3,45436,369990,4
2008,381,2,752,"H3","843352",5,98,18896,180956,4
2008,381,1,392,"H3","843359",5,460,61082,669615,0
2008,381,2,392,"H3","843359",5,203,151523,1447912,0
2008,381,2,392,"H3","843360",5,26,37119,723998,2
2008,381,2,752,"H3","842389",5,14,999,13668,4
2008,381,1,392,"H3","842890",1,,21038,903017,0
2008,381,2,392,"H3","842890",5,13,19242,512424,2
2008,381,1,752,"H3","843131",8,173629,173629,1853325,0
2008,381,1,392,"H3","8434",1,,266,36308,0
2008,381,2,392,"H3","8434",1,,13850,922699,0
2008,381,1,752,"H3","8434",1,,40955,2389494,0
2008,381,2,752,"H3","8434",1,,11755,148672,0
2008,381,2,752,"H3","843131",8,1289264,1289264,11716876,0
2008,381,1,392,"H3","8429",5,8531,21120989,152622378,0
2008,381,2,392,"H3","8429",5,933,105454,963734,0
2008,381,1,392,"H3","843490",8,266,266,36308,0
2008,381,2,392,"H3","843490",8,6300,6300,203101,0
2008,381,1,752,"H3","843490",8,27448,27448,1899553,0
2008,381,2,752,"H3","843490",8,545,545,63382,0
2008,381,2,392,"H3","8435",1,,12646,446773,0
2008,381,1,752,"H3","8435",1,,15,279,0
2008,381,2,752,"H3","8435",1,,4362,71571,0
2008,381,2,392,"H3","843510",1,,10637,393730,0
2008,381,2,752,"H3","843510",1,,4157,68740,0
2008,381,2,392,"H3","843590",8,2009,2009,53043,0
2008,381,1,752,"H3","843590",8,15,15,279,0
2008,381,2,752,"H3","843590",8,205,205,2831,0
2008,381,1,392,"H3","8436",1,,11222,424934,0
2008,381,2,392,"H3","8436",1,,2582467,16526604,0
2008,381,1,392,"H3","843139",8,103539,103539,3272365,0
2008,381,2,392,"H3","843139",8,61225,61225,1212618,0
2008,381,1,392,"H3","843610",1,,23,2211,0
2008,381,2,392,"H3","843610",5,252,418251,3794705,2
2008,381,2,752,"H3","843610",5,22,64181,335576,2
2008,381,2,752,"H3","843621",1,,2407,53893,0
2008,381,2,392,"H3","843629",1,,1567418,7794958,0
2008,381,2,752,"H3","843629",1,,2427,11652,0
2008,381,1,752,"H3","843139",8,212676,212676,6027618,0
2008,381,2,752,"H3","843139",8,550647,550647,3575400,0
2008,381,1,752,"H3","841960",1,,60,2009,0
2008,381,2,752,"H3","841960",5,1,350,14779,2
2008,381,1,392,"H3","843691",8,474,474,6684,0
2008,381,2,392,"H3","843691",8,419134,419134,3360438,0
2008,381,2,752,"H3","843691",8,5418,5418,30379,0
2008,381,1,392,"H3","843699",8,455,455,46062,0
2008,381,2,392,"H3","843699",8,110630,110630,947387,0
2008,381,1,752,"H3","843699",8,12117,12117,257034,0
2008,381,2,752,"H3","843699",8,27968,27968,440304,0
2008,381,1,392,"H3","8437",1,,4409,377875,0
2008,381,2,392,"H3","8437",1,,35310,216541,0
2008,381,1,752,"H3","8437",1,,110,532,0
2008,381,2,752,"H3","8437",1,,32376,680215,0
2008,381,1,752,"H3","843141",8,293634,293634,1987708,0
2008,381,2,392,"H3","843780",5,14,35310,216541,2
2008,381,2,752,"H3","843780",5,33,23800,498309,2
2008,381,1,392,"H3","843790",8,661,661,56955,0
2008,381,1,752,"H3","843790",8,110,110,532,0
2008,381,2,752,"H3","843790",8,8576,8576,181906,0
2008,381,1,752,"H3","8431",8,4443279,4443279,55245163,0
2008,381,2,752,"H3","8431",8,6525627,6525627,64801915,0
2008,381,1,392,"H3","843110",8,37666,37666,1057507,0
2008,381,2,392,"H3","843110",8,14324,14324,146772,0
2008,381,2,392,"H3","843810",5,601,135756,5076026,2
2008,381,1,752,"H3","843110",8,2950,2950,121499,0
2008,381,2,752,"H3","843110",8,232819,232819,4585845,0
2008,381,1,392,"H3","843120",8,2170115,2170115,19907652,0
2008,381,2,392,"H3","843120",8,10035,10035,231658,0
2008,381,2,392,"H3","843830",1,,103500,1385776,0
2008,381,1,752,"H3","843840",1,,68,55136,0
2008,381,1,392,"H3","843850",1,,70,7013,0
2008,381,2,392,"H3","843850",5,43,15842,452481,2
2008,381,1,752,"H3","843120",8,647979,647979,16229078,0
2008,381,2,752,"H3","843120",8,983423,983423,13078101,0
2008,381,1,392,"H3","843860",1,,3570,130795,0
2008,381,1,752,"H3","843860",1,,1114,85104,0
2008,381,2,752,"H3","843860",5,46,27515,1238605,2
2008,381,1,392,"H3","843880",1,,447,10312,0
2008,381,2,392,"H3","843880",1,,48988,1603313,0
2008,381,1,392,"H3","843131",8,50,50,8430,0
2008,381,2,752,"H3","843141",8,173520,173520,1701487,0
2008,381,1,392,"H3","8430",1,,177432,2834145,0
2008,381,1,752,"H3","843143",8,451559,451559,12995360,0
2008,381,2,752,"H3","843143",8,54192,54192,1442302,0
2008,381,1,752,"H3","843149",8,2660852,2660852,16030576,0
2008,381,1,392,"H3","8439",1,,9643,146695,0
2008,381,2,392,"H3","8439",1,,660119,8400720,0
2008,381,2,752,"H3","843149",8,3197722,3197722,28625147,0
2008,381,1,752,"H3","8432",1,,64968,547548,4
2008,381,2,392,"H3","843910",1,,17,3281,0
2008,381,1,752,"H3","8427",5,7757,9811605,63215038,4
2008,381,2,752,"H3","8427",5,1611,1292517,10909944,4
2008,381,1,752,"H3","842710",5,5355,7272697,50808100,4
2008,381,2,752,"H3","842710",5,228,489823,4475956,4
2008,381,1,392,"H3","843930",1,,50,2158,0
2008,381,1,752,"H3","843930",1,,2519,178378,0
2008,381,2,752,"H3","843930",5,3,2796,153507,2
2008,381,2,752,"H3","8432",1,,1216707,8041416,4
2008,381,1,392,"H3","843229",5,12151,323975,5276026,0
2008,381,2,392,"H3","843229",5,526,134796,847596,0
2008,381,1,752,"H3","843229",5,24,1017,8105,4
2008,381,2,752,"H3","843229",5,414,87391,612733,4
2008,381,1,752,"H3","843290",8,52389,52389,445041,0
2008,381,2,752,"H3","843290",8,234025,234025,1731649,0
2008,381,1,392,"H3","8440",1,,74683,2378316,0
2008,381,2,392,"H3","8440",1,,4760,214488,0
2008,381,1,752,"H3","8433",1,,1633028,13991836,4
2008,381,2,752,"H3","8433",1,,4512399,36802667,4
2008,381,1,752,"H3","8423",1,,24605,179867,4
2008,381,2,752,"H3","8423",1,,50572,4026848,4
2008,381,1,752,"H3","843320",5,2438,290018,2627953,4
2008,381,2,752,"H3","843320",5,3745,159817,1563620,4
2008,381,2,752,"H3","843340",5,14,15922,132630,4
2008,381,1,752,"H3","842390",8,64,64,6643,0
2008,381,2,752,"H3","842390",8,35454,35454,3655475,0
2008,381,2,392,"H3","843420",1,,7550,719598,0
2008,381,1,392,"H3","8441",1,,208133,7173621,0
2008,381,2,392,"H3","8441",1,,211922,9228317,0
2008,381,1,752,"H3","843420",1,,13507,489942,0
2008,381,1,752,"H3","841990",8,3491599,3491599,51054863,0
2008,381,1,392,"H3","844110",1,,48798,1944597,0
2008,381,2,392,"H3","844110",1,,15810,715650,0
2008,381,2,752,"H3","841990",8,156167,156167,3793148,0
2008,381,1,392,"H3","843820",1,,22800,97168,0
2008,381,1,392,"H3","844120",1,,135385,4002996,0
2008,381,2,392,"H3","844120",5,0,40,3274,2
2008,381,1,392,"H3","844130",5,8,17810,593993,2
2008,381,1,752,"H3","844130",5,60,79820,4300500,2
2008,381,2,752,"H3","844130",5,2,1400,79706,2
2008,381,2,752,"H3","844140",5,9,2000,253706,2
2008,381,1,392,"H3","844180",1,,1825,25402,0
2008,381,2,392,"H3","844180",5,29,13934,942313,2
2008,381,1,752,"H3","844180",1,,1115,21320,0
2008,381,2,752,"H3","844180",5,16,11417,510324,2
2008,381,1,392,"H3","844190",8,4315,4315,606633,0
2008,381,2,392,"H3","844190",8,182138,182138,7567081,0
2008,381,2,392,"H3","843820",1,,10795,808227,0
2008,381,1,752,"H3","843890",8,2709,2709,267928,0
2008,381,2,752,"H3","843890",8,45737,45737,1520794,0
2008,381,1,752,"H3","8439",1,,88207,2524913,0
2008,381,2,752,"H3","8439",1,,116823,3087490,0
2008,381,1,392,"H3","843920",1,,1,4468,0
2008,381,2,392,"H3","843920",1,,105660,457551,0
2008,381,1,752,"H3","843920",1,,3269,136376,0
2008,381,2,752,"H3","843920",1,,5582,487472,0
2008,381,1,392,"H3","843999",8,9592,9592,140068,0
2008,381,1,392,"H3","844240",8,2981,2981,118627,0
2008,381,2,392,"H3","844240",8,824,824,70223,0
2008,381,2,392,"H3","843999",8,552958,552958,7820596,0
2008,381,1,752,"H3","843999",8,30074,30074,1243358,0
2008,381,1,392,"H3","844250",8,47484,47484,1345828,0
2008,381,2,392,"H3","844250",8,308,308,47188,0
2008,381,1,392,"H3","843290",8,1405,1405,68809,0
2008,381,2,392,"H3","843290",8,306080,306080,2041067,0
2008,381,2,752,"H3","843999",8,99926,99926,2092251,0
2008,381,1,752,"H3","8440",1,,28546,650813,0
2008,381,2,752,"H3","8440",1,,2818,268756,0
2008,381,1,392,"H3","844010",1,,54058,1687361,0
2008,381,1,392,"H3","844311",5,31,201020,5998882,0
2008,381,2,392,"H3","844311",5,1,1829,10857,0
2008,381,1,752,"H3","844311",5,16,4600,93238,4
2008,381,2,392,"H3","844010",5,14,4751,208773,2
2008,381,1,752,"H3","844010",1,,17785,614636,0
2008,381,1,392,"H3","844313",5,150,15397,726607,0
2008,381,2,392,"H3","844313",5,264,62,5801,0
2008,381,1,752,"H3","844313",5,484,17112,513349,4
2008,381,2,752,"H3","844313",5,20,19913,231260,4
2008,381,2,392,"H3","844315",5,10,3,2214,0
2008,381,1,392,"H3","844316",5,1,672,214944,0
2008,381,2,752,"H3","844010",5,16,2347,237183,2
2008,381,1,392,"H3","844090",8,20625,20625,690955,0
2008,381,1,392,"H3","844317",5,2,40,4365,0
2008,381,1,392,"H3","844319",5,581,57089,2980576,0
2008,381,2,392,"H3","844319",5,33,137,17373,0
2008,381,1,752,"H3","844319",5,2,415,17929,4
2008,381,2,752,"H3","844319",5,209,49774,1640846,4
2008,381,1,392,"H3","844331",5,43,3804,88356,0
2008,381,2,392,"H3","844331",5,152,58,6732,0
2008,381,1,752,"H3","844331",5,2837,13777,249376,4
2008,381,2,752,"H3","844331",5,3575,48778,940477,4
2008,381,2,392,"H3","844090",8,9,9,5716,0
2008,381,1,392,"H3","843390",8,76259,76259,1884692,0
2008,381,2,392,"H3","843390",8,148874,148874,1876452,0
2008,381,1,752,"H3","844090",8,10761,10761,36177,0
2008,381,2,752,"H3","844090",8,471,471,31574,0
2008,381,1,392,"H3","843890",8,686,686,99909,0
2008,381,2,392,"H3","843890",8,89002,89002,2895976,0
2008,381,1,392,"H3","8442",1,,86297,4073279,0
2008,381,2,392,"H3","8442",1,,6267,288659,0
2008,381,1,752,"H3","8442",1,,4055,62611,0
2008,381,2,752,"H3","8442",1,,4604,511835,0
2008,381,1,752,"H3","844240",8,19,19,1257,0
2008,381,1,392,"H3","844399",8,93852,93852,10957626,0
2008,381,2,392,"H3","844399",8,18143,18143,445000,0
2008,381,1,752,"H3","844250",8,3686,3686,52904,0
2008,381,2,752,"H3","844250",8,2715,2715,128099,0
2008,381,1,392,"H3","8444",5,392,33018,313250,0
2008,381,2,392,"H3","8444",5,24,68685,1164192,0
2008,381,1,392,"H3","844400",5,392,33018,313250,0
2008,381,2,392,"H3","844400",5,24,68685,1164192,0
2008,381,1,392,"H3","8443",1,,539796,30920674,0
2008,381,2,392,"H3","8443",1,,34537,1087929,0
2008,381,1,752,"H3","8443",1,,148270,6343863,4
2008,381,1,392,"H3","844519",5,6,6198,363624,0
2008,381,2,392,"H3","844519",5,3,1569,130073,0
2008,381,2,752,"H3","844519",5,1,4145,46028,4
2008,381,2,752,"H3","8443",1,,462470,19776830,4
2008,381,2,392,"H3","844530",5,2,2650,48846,0
2008,381,1,752,"H3","8441",1,,105270,6456147,0
2008,381,2,752,"H3","8441",1,,182260,10477028,0
2008,381,1,392,"H3","844590",5,516,31315,1121243,0
2008,381,2,392,"H3","844590",5,51,15751,2094373,0
2008,381,1,752,"H3","844110",1,,104,6317,0
2008,381,2,752,"H3","844110",1,,14991,563811,0
2008,381,1,392,"H3","844629",5,5,70,4909,0
2008,381,2,392,"H3","844629",5,2,16000,337687,0
2008,381,2,392,"H3","844630",5,112,145543,1992341,0
2008,381,1,752,"H3","844190",8,24231,24231,2128011,0
2008,381,2,752,"H3","844190",8,152452,152452,9069481,0
2008,381,1,392,"H3","8445",5,522,37513,1484867,0
2008,381,2,392,"H3","8445",5,60,31397,2440561,0
2008,381,1,392,"H3","844711",5,9,1463,137916,0
2008,381,2,392,"H3","844711",5,164,50954,5354959,0
2008,381,2,752,"H3","8445",5,9,106103,2434503,4
2008,381,1,392,"H3","844332",5,5473,97540,5935443,0
2008,381,2,392,"H3","844332",5,22,509,5381,0
2008,381,1,392,"H3","844339",5,393,6938,570504,0
2008,381,2,392,"H3","844339",5,1,2,2055,0
2008,381,1,752,"H3","844339",5,1,0,4,4
2008,381,2,752,"H3","844339",5,2183,35897,681355,4
2008,381,2,752,"H3","843142",8,44040,44040,76755,0
2008,381,2,392,"H3","842531",5,289,1431,62757,0
2008,381,1,752,"H3","842531",5,125,186,3731,4
2008,381,2,392,"H3","844811",8,79027,79027,1458473,0
2008,381,2,752,"H3","842531",5,729,82169,881966,4
2008,381,1,752,"H3","8430",1,,183449,4223574,4
2008,381,2,752,"H3","8430",1,,105968,2043533,0
2008,381,1,392,"H3","844391",8,40004,40004,2682838,0
2008,381,1,392,"H3","844820",8,879,879,376732,0
2008,381,2,392,"H3","844820",8,2979,2979,205080,0
2008,381,1,752,"H3","844820",8,88,88,3865,0
2008,381,2,752,"H3","844820",8,2,2,16268,0
2008,381,2,752,"H3","844831",8,48,48,1806,0
2008,381,2,392,"H3","844391",8,13794,13794,592516,0
2008,381,1,752,"H3","844391",8,76110,76110,1625599,0
2008,381,2,752,"H3","844391",8,40675,40675,1642677,0
2008,381,2,392,"H3","844833",8,73,73,5604,0
2008,381,2,752,"H3","844833",8,48,48,3513,0
2008,381,2,392,"H3","8426",1,,109186,1841630,0
2008,381,1,752,"H3","8426",1,,1140516,10439265,4
2008,381,2,752,"H3","8426",1,,1738922,13884916,4
2008,381,1,392,"H3","844842",8,1042,1042,1174005,0
2008,381,2,392,"H3","844842",8,8,8,7826,0
2008,381,2,752,"H3","844842",8,27,27,4380,0
2008,381,1,392,"H3","844849",8,28169,28169,1888012,0
2008,381,2,392,"H3","844849",8,56612,56612,2427582,0
2008,381,1,752,"H3","844399",8,11890,11890,2774820,0
2008,381,2,752,"H3","844399",8,101282,101282,7681956,0
2008,381,2,392,"H3","843041",1,,29600,282416,0
2008,381,2,752,"H3","843041",1,,87300,1652562,0
2008,381,1,392,"H3","844859",8,23378,23378,6177254,0
2008,381,2,392,"H3","844859",8,38889,38889,1621526,0
2008,381,2,752,"H3","8447",5,7,2716,158099,4
2008,381,2,752,"H3","844711",5,7,2716,158099,4
2008,381,1,392,"H3","8449",8,282,282,69458,0
2008,381,2,392,"H3","8449",8,5140,5140,141829,0
2008,381,1,752,"H3","8449",8,2176,2176,100775,0
2008,381,2,752,"H3","8449",8,131,131,10850,0
2008,381,1,392,"H3","844900",8,282,282,69458,0
2008,381,2,392,"H3","844900",8,5140,5140,141829,0
2008,381,1,752,"H3","844900",8,2176,2176,100775,0
2008,381,2,752,"H3","844900",8,131,131,10850,0
2008,381,1,392,"H3","8450",1,,2752,189547,0
2008,381,2,392,"H3","8450",1,,446233,3492956,0
2008,381,1,392,"H3","844720",5,835,801735,45155433,0
2008,381,2,392,"H3","844520",5,2,11250,165655,0
2008,381,1,392,"H3","845011",5,2,90,1960,0
2008,381,2,392,"H3","845011",5,5392,429363,3120805,0
2008,381,2,392,"H3","844540",5,2,177,1615,0
2008,381,1,392,"H3","843050",1,,6420,17197,0
2008,381,2,392,"H3","845019",5,349,8954,139178,0
2008,381,1,752,"H3","843050",1,,11670,525557,0
2008,381,2,392,"H3","844720",5,59,75537,1180815,0
2008,381,1,392,"H3","845090",8,2662,2662,187587,0
2008,381,2,392,"H3","845090",8,7916,7916,232973,0
2008,381,2,752,"H3","843050",5,0,1106,15347,2
2008,381,1,392,"H3","844790",5,90,126134,6739677,0
2008,381,1,752,"H3","844332",5,547,7737,247631,4
2008,381,2,752,"H3","844332",5,5169,25940,1041709,4
2008,381,2,392,"H3","844790",5,34,26407,1138918,0
2008,381,1,752,"H3","841861",1,,170010,3771426,0
2008,381,2,392,"H3","845110",1,,34432,946610,0
2008,381,2,752,"H3","845110",1,,19165,416392,0
2008,381,1,752,"H3","845121",5,1635,29659,461069,2
2008,381,2,752,"H3","845121",5,14676,375865,3211143,2
2008,381,2,392,"H3","845129",1,,7,4375,0
2008,381,1,752,"H3","845129",1,,57726,980443,0
2008,381,2,752,"H3","845129",1,,1819,100543,0
2008,381,2,752,"H3","841861",1,,177885,3809089,0
2008,381,1,752,"H3","841869",8,30061,30061,960872,0
2008,381,2,752,"H3","841869",8,293187,293187,6048316,0
2008,381,1,752,"H3","844790",5,19,116,3646,4
2008,381,2,392,"H3","845140",5,32,21708,1003551,2
2008,381,1,752,"H3","845140",1,,7600,343582,0
2008,381,2,752,"H3","845140",5,0,157,7489,2
2008,381,2,392,"H3","845150",1,,3009,125504,0
2008,381,1,752,"H3","845150",5,0,18,509,2
2008,381,2,752,"H3","845150",1,,1640,41835,0
2008,381,1,392,"H3","845180",1,,182,101878,0
2008,381,2,392,"H3","845180",1,,25274,517686,0
2008,381,1,752,"H3","843390",8,254469,254469,3956664,0
2008,381,2,752,"H3","843390",8,298734,298734,1628049,0
2008,381,1,392,"H3","845190",8,700,700,86001,0
2008,381,2,392,"H3","845190",8,24228,24228,1043557,0
2008,381,1,752,"H3","841899",8,403248,403248,7373320,0
2008,381,2,752,"H3","841899",8,757584,757584,8157330,0
2008,381,2,752,"H3","843410",1,,11210,85289,0
2008,381,2,752,"H3","844540",5,8,101959,2388475,4
2008,381,1,752,"H3","8436",1,,43538,592964,4
2008,381,2,752,"H3","8436",1,,190916,1718398,4
2008,381,1,392,"H3","845210",5,1152,11983,708686,0
2008,381,1,752,"H3","845210",5,3954,125159,1563256,4
2008,381,1,392,"H3","843680",5,41587,10270,369977,2
2008,381,1,752,"H3","8429",5,616,6181509,54646444,4
2008,381,1,392,"H3","845229",5,2932,115843,3246995,0
2008,381,2,392,"H3","845229",5,59,3571,302184,0
2008,381,2,752,"H3","8429",5,90,1522459,7027861,4
2008,381,2,392,"H3","843680",5,5450,67034,629117,2
2008,381,1,752,"H3","843680",5,2111,31421,335929,6
2008,381,2,752,"H3","843680",5,12176,88515,846594,6
2008,381,1,392,"H3","843710",5,214,3748,320920,0
2008,381,1,392,"H3","8438",1,,27573,345196,0
2008,381,2,392,"H3","8438",1,,403883,12221799,0
2008,381,1,752,"H3","8438",1,,9390,544676,0
2008,381,2,752,"H3","8438",1,,356154,11188605,0
2008,381,1,392,"H3","8453",1,,716,69230,0
2008,381,2,392,"H3","8453",1,,304319,6601667,0
2008,381,1,392,"H3","8447",5,934,929332,52033026,0
2008,381,1,752,"H3","843810",1,,4373,47775,0
2008,381,2,752,"H3","843810",5,554,170016,4684063,2
2008,381,2,392,"H3","8447",5,257,152898,7674693,0
2008,381,1,392,"H3","845320",5,12,716,69230,2
2008,381,2,392,"H3","845320",5,150,22385,814184,2
2008,381,1,752,"H3","845320",5,2,1260,12434,2
2008,381,2,752,"H3","845320",5,153,31441,828568,2
2008,381,2,392,"H3","845380",1,,25220,681974,0
2008,381,2,752,"H3","845380",1,,2554,87898,0
2008,381,2,392,"H3","845390",8,41142,41142,1563962,0
2008,381,1,752,"H3","8447",5,19,116,3646,4
2008,381,1,392,"H3","8454",1,,9143,111600,0
2008,381,2,392,"H3","8454",1,,12661,276790,0
2008,381,1,752,"H3","843850",1,,950,56712,0
2008,381,2,752,"H3","843850",5,163,47202,1727759,2
2008,381,1,752,"H3","843880",1,,176,32021,0
2008,381,2,752,"H3","845420",1,,1182296,2161785,0
2008,381,1,392,"H3","845430",1,,8827,31254,0
2008,381,1,752,"H3","845430",1,,55731,3484754,0
2008,381,2,752,"H3","845430",1,,201803,3975132,0
2008,381,2,752,"H3","843880",1,,65684,2017383,0
2008,381,1,392,"H3","8448",8,74489,74489,11718901,0
2008,381,1,752,"H3","842952",5,4,77958,405877,4
2008,381,2,752,"H3","842952",5,58,974827,4094929,4
2008,381,2,392,"H3","8448",8,193298,193298,7099323,0
2008,381,1,752,"H3","8448",8,121280,121280,6572839,0
2008,381,2,752,"H3","8448",8,22592,22592,3298146,0
2008,381,1,392,"H3","844832",8,688,688,198922,0
2008,381,1,392,"H3","845521",1,,75630,325848,0
2008,381,2,752,"H3","845522",5,43,41920,1481679,2
2008,381,1,392,"H3","845530",1,,360640,2812977,0
2008,381,2,392,"H3","845530",5,10,8596,209870,2
2008,381,2,392,"H3","844832",8,1772,1772,545488,0
2008,381,2,752,"H3","844832",8,42,42,844,0
2008,381,1,392,"H3","844839",8,17874,17874,1570052,0
2008,381,2,392,"H3","844839",8,7189,7189,439240,0
2008,381,2,752,"H3","844839",8,250,250,22580,0
2008,381,1,752,"H3","844849",8,2380,2380,424070,0
2008,381,1,392,"H3","8456",5,58,310351,9425797,0
2008,381,2,392,"H3","8456",5,28,40705,2072743,0
2008,381,1,752,"H3","8456",5,19,3573,110942,4
2008,381,2,752,"H3","8456",5,290,485040,12596221,4
2008,381,1,392,"H3","845610",5,56,302773,9226683,0
2008,381,2,392,"H3","845610",5,20,15235,1169210,0
2008,381,1,752,"H3","845610",5,3,639,21931,4
2008,381,2,752,"H3","845610",5,22,455319,12121374,4
2008,381,2,752,"H3","844849",8,21364,21364,3198684,0
2008,381,1,752,"H3","844859",8,38,38,1860,0
2008,381,1,392,"H3","845630",5,1,7550,195002,0
2008,381,2,392,"H3","845630",5,3,2010,45705,0
2008,381,1,752,"H3","845630",5,15,2929,88784,4
2008,381,1,392,"H3","845690",5,1,28,4113,0
2008,381,2,392,"H3","845690",5,1,20,4582,0
2008,381,1,752,"H3","845690",5,1,5,228,4
2008,381,2,752,"H3","845690",5,240,28685,443317,4
2008,381,2,752,"H3","844859",8,802,802,49804,0
2008,381,1,752,"H3","845020",5,1436,724245,5315336,4
2008,381,1,752,"H3","844316",5,10,13626,725629,4
2008,381,2,752,"H3","845020",5,1,725,8485,4
2008,381,2,752,"H3","844316",5,4,140211,5916550,4
2008,381,1,752,"H3","845090",8,49054,49054,1320804,0
2008,381,2,752,"H3","845090",8,107955,107955,1817280,0
2008,381,1,392,"H3","8451",1,,3907,224587,0
2008,381,2,392,"H3","845720",5,56,1706,44839,0
2008,381,1,752,"H3","845720",5,1,,30198,0
2008,381,2,752,"H3","845720",5,25,1548,51421,4
2008,381,1,392,"H3","845730",5,445,7130189,71412621,0
2008,381,2,392,"H3","845730",5,56,80496,5389603,0
2008,381,2,752,"H3","845730",5,2,47348,1394794,4
2008,381,1,392,"H3","8458",5,753,5508976,131395140,0
2008,381,2,392,"H3","8458",5,7,9047,314434,0
2008,381,2,392,"H3","8451",1,,109065,3660937,0
2008,381,1,752,"H3","8451",1,,125567,2378923,4
2008,381,1,392,"H3","845811",5,636,4702371,115944036,0
2008,381,2,392,"H3","845811",5,1,7850,276695,0
2008,381,1,752,"H3","845811",5,2,1662,36707,4
2008,381,2,752,"H3","845811",5,8,57188,1698169,4
2008,381,1,392,"H3","845819",5,4,12130,343517,0
2008,381,2,392,"H3","845819",5,1,800,14043,0
2008,381,1,752,"H3","845819",5,1,2511,13589,4
2008,381,1,392,"H3","845891",5,87,632287,11579402,0
2008,381,2,752,"H3","845891",5,5,215668,5772862,4
2008,381,2,752,"H3","8451",1,,557676,7341526,4
2008,381,1,392,"H3","845130",5,30,3025,36707,0
2008,381,1,392,"H3","8459",5,982,152420,4688373,0
2008,381,2,392,"H3","8459",5,40,10238,200536,0
2008,381,2,392,"H3","845130",5,180,407,19653,0
2008,381,1,752,"H3","845180",1,,49,1267,0
2008,381,2,752,"H3","845180",1,,4514,92532,0
2008,381,1,752,"H3","845190",8,2357,2357,115116,0
2008,381,1,392,"H3","845929",5,20,104,6044,0
2008,381,2,752,"H3","845929",5,2,7,109,4
2008,381,1,392,"H3","845931",5,1,6000,25613,0
2008,381,2,392,"H3","845931",5,1,325,43374,0
2008,381,2,752,"H3","845931",5,10,180946,3270952,4
2008,381,2,392,"H3","845939",5,24,5,2245,0
2008,381,1,752,"H3","845939",5,1,1168,8810,4
2008,381,1,392,"H3","845940",5,5,34990,920622,0
2008,381,2,752,"H3","845940",5,10,78971,286914,4
2008,381,2,752,"H3","845951",5,3,1832,39854,4
2008,381,1,392,"H3","845961",5,1,8000,197927,0
2008,381,1,752,"H3","845961",5,1,5211,69495,4
2008,381,2,752,"H3","845961",5,33,116350,2139812,4
2008,381,2,752,"H3","845190",8,20813,20813,470370,0
2008,381,1,392,"H3","8452",1,,166661,6201365,0
2008,381,2,392,"H3","8452",1,,6017,620507,0
2008,381,1,392,"H3","8446",5,5,70,4909,0
2008,381,1,392,"H3","845970",5,15,38193,987886,0
2008,381,1,392,"H3","845221",5,157,35108,1439184,0
2008,381,2,752,"H3","845221",5,8,2078,83431,4
2008,381,1,752,"H3","845229",5,276,5994,123117,4
2008,381,2,752,"H3","845229",5,36,9303,287659,4
2008,381,2,752,"H3","846011",5,3,20602,459300,4
2008,381,1,752,"H3","846019",5,1,38,465,4
2008,381,2,752,"H3","846019",5,17,22179,419404,4
2008,381,1,752,"H3","846021",5,2,5073,299045,4
2008,381,2,752,"H3","846021",5,1,78,2157,4
2008,381,1,392,"H3","846029",5,2,11110,271224,0
2008,381,2,392,"H3","846029",5,1,89,4714,0
2008,381,1,392,"H3","845290",8,3727,3727,806500,0
2008,381,2,392,"H3","845290",8,2446,2446,318323,0
2008,381,1,752,"H3","845290",8,2813,2813,265944,0
2008,381,2,752,"H3","845290",8,2705,2705,211421,0
2008,381,2,392,"H3","846039",5,172,2233,62936,0
2008,381,1,752,"H3","846039",5,12,1411,15762,4
2008,381,2,752,"H3","846039",5,1376,8944,176675,4
2008,381,1,752,"H3","8453",1,,1260,12434,0
2008,381,2,392,"H3","8446",5,114,161543,2330028,0
2008,381,2,752,"H3","8453",1,,38304,1122783,0
2008,381,2,752,"H3","846090",5,75,4442,96167,4
2008,381,1,392,"H3","8461",5,5037,95978,3119750,0
2008,381,2,392,"H3","8461",5,348,249753,6537166,0
2008,381,2,392,"H3","845310",5,221,215572,3541548,2
2008,381,2,752,"H3","845310",5,0,53,1029,2
2008,381,1,392,"H3","844819",8,1464,1464,28392,0
2008,381,2,392,"H3","844819",8,6738,6738,382746,0
2008,381,1,752,"H3","844819",8,118774,118774,6143044,0
2008,381,1,392,"H3","846140",5,3,19300,735666,0
2008,381,2,392,"H3","846140",5,14,59841,3512401,0
2008,381,2,752,"H3","846140",5,6,46577,1535082,4
2008,381,1,392,"H3","846150",5,1346,57964,1530468,0
2008,381,2,392,"H3","846150",5,19,120260,2288452,0
2008,381,2,752,"H3","844819",8,9,9,267,0
2008,381,1,392,"H3","845590",8,1533,1533,285722,0
2008,381,1,392,"H3","846190",5,3681,18706,845620,0
2008,381,2,392,"H3","846190",5,315,69652,736313,0
2008,381,2,752,"H3","846190",5,46,51053,640698,4
2008,381,2,392,"H3","845590",8,88446,88446,2122035,0
2008,381,1,392,"H3","8457",5,902,11810692,163797593,0
2008,381,2,392,"H3","8457",5,125,151627,8207682,0
2008,381,1,752,"H3","8457",5,10,,1034807,0
2008,381,1,392,"H3","846210",5,613,237038,2329830,0
2008,381,2,392,"H3","846210",5,2,22500,75000,0
2008,381,1,752,"H3","846210",5,12,4701,25704,4
2008,381,2,752,"H3","846210",5,78,173331,1992708,4
2008,381,1,392,"H3","846221",5,6,22360,472498,0
2008,381,2,392,"H3","846221",5,21,85085,2361770,0
2008,381,1,752,"H3","846221",5,5,31203,396185,4
2008,381,2,752,"H3","846221",5,47,403079,6783039,4
2008,381,1,392,"H3","846229",5,1,18560,360156,0
2008,381,2,392,"H3","846229",5,150,33641,465670,0
2008,381,2,752,"H3","8457",5,35,113131,3384403,4
2008,381,1,752,"H3","8458",5,3,4173,50297,4
2008,381,1,392,"H3","846231",5,27,130520,3913014,0
2008,381,2,752,"H3","8458",5,13,272856,7471031,4
2008,381,1,392,"H3","845969",5,927,15243,1506797,0
2008,381,2,392,"H3","845969",5,15,9908,154918,0
2008,381,1,392,"H3","846241",5,5,58876,1130795,0
2008,381,1,752,"H3","846241",5,2,76777,1321806,4
2008,381,2,752,"H3","846241",5,2,106323,2385941,4
2008,381,1,752,"H3","845969",5,4,10683,99373,4
2008,381,2,752,"H3","845969",5,360,80741,949495,4
2008,381,2,752,"H3","845390",8,4256,4256,205287,0
2008,381,1,392,"H3","846291",5,571,704914,5909999,0
2008,381,2,392,"H3","846291",5,4,9688,96109,0
2008,381,1,752,"H3","846291",5,1,5957,38414,4
2008,381,2,752,"H3","846291",5,41,579607,5724577,4
2008,381,1,392,"H3","846299",5,16,32630,923931,0
2008,381,1,752,"H3","846299",5,3,558481,3099659,4
2008,381,2,752,"H3","846299",5,65,628288,5155144,4
2008,381,1,392,"H3","8463",5,280,614176,3830870,0
2008,381,2,392,"H3","8463",5,767,208560,3763137,0
2008,381,1,752,"H3","8454",1,,56004,3500738,0
2008,381,2,752,"H3","8454",1,,1397990,6711670,0
2008,381,2,392,"H3","845410",5,8,10540,118687,2
2008,381,1,392,"H3","845490",8,316,316,80345,0
2008,381,2,392,"H3","845490",8,2121,2121,158104,0
2008,381,1,752,"H3","845490",8,273,273,15984,0
2008,381,2,752,"H3","845490",8,13891,13891,574752,0
2008,381,1,392,"H3","8455",1,,437803,3424547,0
2008,381,2,392,"H3","8455",1,,97042,2331905,0
2008,381,1,392,"H3","846390",5,145,9321,139181,0
2008,381,2,392,"H3","846390",5,712,9755,414222,0
2008,381,1,752,"H3","846120",5,1,,734,0
2008,381,1,392,"H3","8464",1,,46198,1435393,0
2008,381,2,392,"H3","8464",1,,139358,4318892,0
2008,381,2,752,"H3","846120",5,1,21,639,4
2008,381,1,752,"H3","846150",5,7,6762,40872,4
2008,381,2,392,"H3","846410",5,62,6930,192085,0
2008,381,1,752,"H3","846410",5,392,30975,241929,4
2008,381,2,752,"H3","846410",5,3560,135754,1236436,4
2008,381,2,752,"H3","846150",5,667,230561,4019868,4
2008,381,1,392,"H3","842191",8,25,25,24302,0
2008,381,2,392,"H3","842191",8,4873,4873,515522,0
2008,381,1,752,"H3","842191",8,184550,184550,27137379,0
2008,381,2,392,"H3","846490",1,,19611,857682,0
2008,381,2,752,"H3","842191",8,80213,80213,5226596,0
2008,381,1,752,"H3","8462",5,41,753724,5436166,4
2008,381,2,752,"H3","8462",5,359,2517682,29169613,4
2008,381,1,752,"H3","846229",5,18,76606,554397,4
2008,381,2,752,"H3","846229",5,99,116102,1670703,4
2008,381,1,392,"H3","843061",5,595,46024,753711,0
2008,381,2,392,"H3","846510",5,6,9027,282638,0
2008,381,1,752,"H3","846510",5,1,714,12481,4
2008,381,2,752,"H3","846510",5,23,73198,1168917,4
2008,381,1,392,"H3","846591",5,615,15257,431433,0
2008,381,2,392,"H3","846591",5,2016,2808,66314,0
2008,381,1,392,"H3","846239",5,98,552,43131,0
2008,381,2,392,"H3","846239",5,22,97244,1164975,0
2008,381,1,392,"H3","846592",5,55,307,8873,0
2008,381,1,752,"H3","846592",5,2,1258,6098,4
2008,381,2,752,"H3","846592",5,51,35777,539862,4
2008,381,2,752,"H3","846239",5,6,300124,3115581,4
2008,381,1,392,"H3","846249",5,106,393,36453,0
2008,381,2,392,"H3","846249",5,55,217,20151,0
2008,381,2,752,"H3","846249",5,21,210828,2341919,4
2008,381,1,752,"H3","843061",5,160,38915,449940,4
2008,381,2,392,"H3","846595",5,6,18794,458727,0
2008,381,1,752,"H3","846595",5,1,3883,64091,4
2008,381,2,752,"H3","846595",5,54,242518,6042022,4
2008,381,2,392,"H3","846596",5,712,48649,529887,0
2008,381,2,752,"H3","846596",5,47,7418,102422,4
2008,381,1,392,"H3","846599",5,251,555,28696,0
2008,381,2,392,"H3","846599",5,81,31704,807216,0
2008,381,1,752,"H3","845230",8,36,36,4082,6
2008,381,2,752,"H3","845230",8,3,3,91,6
2008,381,1,752,"H3","8461",5,8,,41606,0
2008,381,2,752,"H3","8461",5,720,328212,6196287,4
2008,381,1,392,"H3","846420",5,618,46198,1435393,2
2008,381,2,392,"H3","846420",1,,112817,3269124,0
2008,381,1,392,"H3","846610",8,14072,14072,1613507,0
2008,381,2,392,"H3","846610",8,22711,22711,786840,0
2008,381,1,752,"H3","846420",5,15,1477,58560,2
2008,381,2,752,"H3","846420",1,,63575,1707752,4
2008,381,1,752,"H3","846490",1,,3619,153608,0
2008,381,2,752,"H3","846490",1,,12243,230091,4
2008,381,1,392,"H3","8465",5,1391,16327,516045,0
2008,381,2,392,"H3","8465",5,2822,112432,2158040,0
2008,381,1,392,"H3","844312",5,6,23440,760532,0
2008,381,1,752,"H3","8465",5,127,34800,260620,4
2008,381,1,752,"H3","844312",5,154,3001,96287,4
2008,381,2,752,"H3","8465",5,828,1220423,20547513,4
2008,381,1,752,"H3","846591",5,119,21026,105394,4
2008,381,2,752,"H3","846591",5,255,189536,2555157,4
2008,381,1,392,"H3","846593",5,188,125,14692,0
2008,381,2,392,"H3","846593",5,1,1450,13258,0
2008,381,1,392,"H3","846692",8,19979,19979,738792,0
2008,381,2,392,"H3","846692",8,8974,8974,640240,0
2008,381,2,752,"H3","846593",5,33,116512,2302323,4
2008,381,1,392,"H3","846594",5,282,83,32351,0
2008,381,1,392,"H3","846693",8,549799,549799,12469047,0
2008,381,2,392,"H3","846693",8,64826,64826,3458029,0
2008,381,2,752,"H3","846594",5,7,12075,140832,4
2008,381,1,392,"H3","8466",8,1596737,1596737,30095543,0
2008,381,1,392,"H3","846694",8,978399,978399,11500894,0
2008,381,2,392,"H3","846694",8,41597,41597,1574460,0
2008,381,2,392,"H3","8466",8,203079,203079,9959459,0
2008,381,1,392,"H3","846620",8,11203,11203,1000621,0
2008,381,1,392,"H3","8467",1,,2090267,75445703,0
2008,381,2,392,"H3","8467",1,,123423,2991366,0
2008,381,2,392,"H3","846620",8,36354,36354,2052024,0
2008,381,1,752,"H3","846620",8,223,223,3537,0
2008,381,1,392,"H3","846711",1,,43752,4712535,0
2008,381,2,392,"H3","846711",1,,46669,885503,0
2008,381,1,752,"H3","846711",1,,1738,131071,0
2008,381,2,752,"H3","846711",1,,10357,449497,0
2008,381,1,392,"H3","846719",1,,23793,1567171,0
2008,381,2,392,"H3","846719",1,,492,72049,0
2008,381,1,752,"H3","846719",1,,3067,128580,0
2008,381,2,752,"H3","846719",1,,3533,254871,0
2008,381,1,392,"H3","846721",5,48960,424242,12965461,0
2008,381,1,752,"H3","846721",5,99,914,11633,4
2008,381,2,752,"H3","846721",5,26,734,17263,4
2008,381,2,752,"H3","846620",8,41322,41322,1081870,0
2008,381,1,392,"H3","846630",8,20018,20018,2222857,0
2008,381,2,392,"H3","846630",8,1687,1687,139127,0
2008,381,1,392,"H3","846729",5,72704,426685,15851878,0
2008,381,2,392,"H3","846729",5,158,691,48263,0
2008,381,1,752,"H3","8455",1,,2225651,23863809,0
2008,381,2,752,"H3","8455",1,,607613,6958062,0
2008,381,1,392,"H3","846781",5,52087,220442,11251866,0
2008,381,2,392,"H3","846781",5,42,5548,280596,0
2008,381,1,752,"H3","846781",5,25560,488965,8866603,4
2008,381,2,752,"H3","846781",5,8450,49390,1285350,4
2008,381,1,392,"H3","846789",5,90324,719000,20122098,2
2008,381,2,392,"H3","846789",1,,3161,89176,0
2008,381,1,752,"H3","8464",1,,36071,454096,4
2008,381,2,752,"H3","8464",1,,211573,3174280,4
2008,381,1,392,"H3","846791",8,66892,66892,2968185,0
2008,381,2,392,"H3","846791",8,34000,34000,1286853,0
2008,381,1,752,"H3","8467",1,,730137,16478885,4
2008,381,2,752,"H3","8467",1,,284202,7373693,4
2008,381,1,392,"H3","846792",8,4053,4053,293748,0
2008,381,2,392,"H3","846792",8,138,138,13437,0
2008,381,1,392,"H3","846722",5,1450,12471,355936,0
2008,381,1,392,"H3","844230",5,45,35832,2608824,2
2008,381,1,392,"H3","846799",8,148937,148937,5356826,0
2008,381,2,392,"H3","846799",8,32724,32724,315489,0
2008,381,2,392,"H3","844230",5,39,5135,171248,2
2008,381,1,752,"H3","844230",5,0,350,8450,2
2008,381,2,752,"H3","844230",5,1,220,9250,2
2008,381,2,392,"H3","843991",8,1484,1484,119292,0
2008,381,1,752,"H3","843991",8,52345,52345,966801,0
2008,381,2,752,"H3","843991",8,8519,8519,354260,0
2008,381,2,752,"H3","844240",8,1669,1669,374486,0
2008,381,1,392,"H3","844851",8,995,995,305532,0
2008,381,2,392,"H3","844851",8,11,11,5758,0
2008,381,1,752,"H3","846880",1,,5,250,0
2008,381,2,752,"H3","846880",1,,563,14723,0
2008,381,1,392,"H3","846890",8,26,26,17656,0
2008,381,2,392,"H3","846890",8,6968,6968,205324,0
2008,381,1,752,"H3","846890",8,4086,4086,41852,0
2008,381,2,752,"H3","846890",8,4409,4409,108025,0
2008,381,1,392,"H3","8470",5,103,112,12401,0
2008,381,2,392,"H3","8470",5,200,50,5142,0
2008,381,2,752,"H3","840721",5,1164,30068,866641,4
2008,381,1,752,"H3","846722",5,2539,70375,452540,4
2008,381,2,752,"H3","846722",5,886,5529,78759,4
2008,381,1,752,"H3","8450",1,,1211455,8104695,4
2008,381,2,752,"H3","8450",1,,10325648,46580343,4
2008,381,1,752,"H3","845011",5,1103,438156,1468556,4
2008,381,2,752,"H3","845011",5,137340,10216968,44754578,4
2008,381,1,392,"H3","846691",8,3267,3267,549825,0
2008,381,1,392,"H3","845710",5,457,4680503,92384972,0
2008,381,2,392,"H3","845710",5,13,69425,2773240,0
2008,381,1,752,"H3","845710",5,9,70558,1004608,4
2008,381,2,752,"H3","842860",1,,168000,741443,0
2008,381,1,752,"H3","847050",5,2,160,8126,4
2008,381,2,752,"H3","847050",5,620,,208597,0
2008,381,2,752,"H3","845710",5,8,64234,1938188,4
2008,381,2,392,"H3","846691",8,26930,26930,1308740,0
2008,381,1,392,"H3","8471",5,36144,285366,50321398,0
2008,381,2,392,"H3","8471",5,3415,13071,2047738,0
2008,381,1,752,"H3","846691",8,2230,2230,136920,0
2008,381,2,752,"H3","846691",8,9944,9944,570051,0
2008,381,1,392,"H3","847130",5,14197,31095,22910876,0
2008,381,2,392,"H3","847130",5,226,840,174390,0
2008,381,1,392,"H3","845899",5,26,162188,3528185,0
2008,381,2,392,"H3","845899",5,5,397,23695,0
2008,381,1,752,"H3","8459",5,6,17063,177677,4
2008,381,2,752,"H3","8459",5,419,458859,6687438,4
2008,381,1,752,"H3","845130",5,115,28158,476936,4
2008,381,2,752,"H3","845130",5,1731,133703,3001222,4
2008,381,1,392,"H3","847149",5,337,3734,947110,0
2008,381,2,392,"H3","847149",5,361,2336,207604,0
2008,381,1,752,"H3","847149",5,8,291,16866,4
2008,381,2,752,"H3","847149",5,55,4314,334729,4
2008,381,1,392,"H3","847150",5,17,5083,3176626,0
2008,381,2,392,"H3","847150",5,3,40,12480,0
2008,381,1,752,"H3","847150",5,680,3299,487114,4
2008,381,2,752,"H3","847150",5,27,275,32803,4
2008,381,1,392,"H3","847160",5,2646,218610,16593972,0
2008,381,2,392,"H3","847160",5,87,2079,226366,0
2008,381,1,752,"H3","847160",5,3299,13125,504779,4
2008,381,2,752,"H3","847160",5,3071,14455,257171,4
2008,381,1,752,"H3","846692",8,8020,8020,663207,0
2008,381,2,752,"H3","846692",8,32203,32203,2056662,0
2008,381,1,752,"H3","846693",8,4221,4221,503487,0
2008,381,2,752,"H3","846693",8,204029,204029,7780097,0
2008,381,1,752,"H3","8452",1,,134002,1956399,4
2008,381,1,392,"H3","8460",5,161,31839,2166259,0
2008,381,2,752,"H3","8452",1,,15779,588329,4
2008,381,2,392,"H3","8460",5,223,12167,306648,0
2008,381,1,752,"H3","8460",5,22,7654,332929,4
2008,381,2,752,"H3","8460",5,1478,61541,1319578,4
2008,381,1,752,"H3","846694",8,12677,12677,329736,0
2008,381,1,392,"H3","846031",5,3,20600,1840038,0
2008,381,1,392,"H3","8472",5,8319,21009,1542045,2
2008,381,2,392,"H3","8472",5,118,2148,126822,2
2008,381,2,752,"H3","846031",5,1,968,63077,4
2008,381,1,392,"H3","846040",5,156,129,54997,0
2008,381,2,392,"H3","846040",5,50,9845,238997,0
2008,381,1,392,"H3","847230",5,838,1818,115165,0
2008,381,2,392,"H3","847230",5,110,1320,103596,0
2008,381,1,752,"H3","847230",5,14,1232,99811,4
2008,381,1,392,"H3","847290",5,7481,19191,1426881,2
2008,381,2,392,"H3","847290",5,3,416,11067,2
2008,381,2,752,"H3","846040",5,4,3976,91287,4
2008,381,1,392,"H3","840721",5,10521,1844113,55271551,0
2008,381,1,392,"H3","8473",8,33119,33119,6295699,0
2008,381,2,392,"H3","8473",8,11341,11341,2116753,0
2008,381,2,752,"H3","846694",8,87786,87786,5344657,0
2008,381,2,392,"H3","840721",5,18,11618,61055,0
2008,381,1,392,"H3","847310",8,2090,2090,998213,0
2008,381,2,392,"H3","847310",8,6348,6348,239850,0
2008,381,1,752,"H3","847310",8,52,52,4023,0
2008,381,2,752,"H3","847310",8,75,75,9286,0
2008,381,1,392,"H3","847321",8,24,24,31407,0
2008,381,2,392,"H3","847321",8,110,110,59458,0
2008,381,1,392,"H3","847329",8,108,108,51675,0
2008,381,2,392,"H3","847329",8,171,171,100810,0
2008,381,1,752,"H3","847329",8,675,675,77028,0
2008,381,2,752,"H3","847329",8,340,340,14660,0
2008,381,1,392,"H3","847330",8,24297,24297,4251890,0
2008,381,2,392,"H3","847330",8,4133,4133,1588954,0
2008,381,1,392,"H3","846120",5,7,8,7996,0
2008,381,2,752,"H3","8463",5,166,103828,2380677,4
2008,381,1,392,"H3","847340",8,6515,6515,956419,0
2008,381,2,392,"H3","847340",8,211,211,75571,0
2008,381,1,392,"H3","846310",5,127,581390,1284554,0
2008,381,1,392,"H3","8214",8,1271,1271,118779,0
2008,381,1,392,"H3","847350",8,85,85,6095,0
2008,381,2,392,"H3","847350",8,368,368,52110,0
2008,381,1,752,"H3","847350",8,16325,16325,3285745,0
2008,381,2,752,"H3","847350",8,59,59,3417,0
2008,381,2,392,"H3","8214",8,860,860,88367,0
2008,381,1,752,"H3","8214",8,122,122,3113,0
2008,381,2,752,"H3","8214",8,1355,1355,65865,0
2008,381,2,392,"H3","846310",5,45,181855,2986181,0
2008,381,2,752,"H3","846310",5,13,15523,263186,4
2008,381,2,392,"H3","846320",5,2,9240,166665,0
2008,381,1,392,"H3","847420",1,,54785,1431603,0
2008,381,2,392,"H3","847420",5,1,1937,27952,2
2008,381,2,752,"H3","846320",5,2,33482,822194,4
2008,381,1,392,"H3","846330",5,8,23465,2407135,0
2008,381,2,392,"H3","847431",1,,18070,215648,0
2008,381,2,392,"H3","846330",5,8,7710,196070,0
2008,381,2,752,"H3","846330",5,2,33519,846082,4
2008,381,2,752,"H3","846729",5,2675,17988,294338,4
2008,381,2,752,"H3","8466",8,408091,408091,18785754,0
2008,381,1,392,"H3","847480",1,,24,1934,0
2008,381,2,392,"H3","847480",5,7,10403,183540,2
2008,381,1,752,"H3","846610",8,11337,11337,1651246,0
2008,381,1,392,"H3","847490",8,880,880,25106,0
2008,381,2,392,"H3","847490",8,17018,17018,667685,0
2008,381,1,392,"H3","843020",5,243,37322,728906,0
2008,381,1,752,"H3","843020",5,85,7140,81768,4
2008,381,1,392,"H3","8475",1,,29846,1095777,0
2008,381,2,392,"H3","8475",1,,10344,713475,0
2008,381,1,752,"H3","845530",1,,2141923,17938932,0
2008,381,2,752,"H3","845530",5,185,495997,3762323,2
2008,381,2,392,"H3","847521",1,,1000,25984,0
2008,381,1,392,"H3","847529",1,,28000,947891,0
2008,381,2,392,"H3","847529",1,,650,27473,0
2008,381,1,392,"H3","8462",5,1443,1205843,15119809,0
2008,381,1,392,"H3","847590",8,1846,1846,147886,0
2008,381,2,392,"H3","847590",8,8694,8694,660018,0
2008,381,1,752,"H3","847590",8,817386,817386,40979121,0
2008,381,2,752,"H3","847590",8,60177,60177,4428972,0
2008,381,2,392,"H3","8462",5,254,248375,4183674,0
2008,381,1,752,"H3","845590",8,83728,83728,5924877,0
2008,381,2,752,"H3","845590",8,69696,69696,1714059,0
2008,381,2,752,"H3","846610",8,30186,30186,1829418,0
2008,381,1,392,"H3","847621",5,3,1113,17837,0
2008,381,2,392,"H3","847621",5,3238,81387,3392792,0
2008,381,1,392,"H3","8468",1,,26,17656,0
2008,381,2,392,"H3","847629",5,714,4307,211156,0
2008,381,2,752,"H3","847629",5,392,4860,114690,4
2008,381,1,392,"H3","847681",5,2652,305,9631,0
2008,381,2,392,"H3","8468",1,,7412,252804,0
2008,381,2,392,"H3","847689",5,531,3666,265679,0
2008,381,1,752,"H3","847689",5,52,21073,222641,4
2008,381,2,752,"H3","847689",5,238,4478,117442,4
2008,381,1,392,"H3","847690",8,10822,10822,1252642,0
2008,381,2,392,"H3","847690",8,7770,7770,364681,0
2008,381,1,752,"H3","8468",1,,4091,42102,0
2008,381,2,752,"H3","8468",1,,14964,434125,0
2008,381,1,752,"H3","8470",5,2861,7486,184430,4
2008,381,2,752,"H3","8470",5,1041,,227390,0
2008,381,1,752,"H3","847010",5,2270,3174,50279,4
2008,381,2,752,"H3","847010",5,45,2,524,4
2008,381,1,392,"H3","847710",5,147,845392,9581074,2
2008,381,2,392,"H3","847710",1,,50,8941,0
2008,381,1,752,"H3","847021",5,26,2179,31953,4
2008,381,2,752,"H3","847021",5,129,323,12817,4
2008,381,1,392,"H3","847720",1,,26139,882119,0
2008,381,2,392,"H3","847720",5,43,39480,2106811,2
2008,381,2,752,"H3","847720",5,22,22243,1071338,2
2008,381,1,392,"H3","847730",1,,17062,678354,0
2008,381,2,752,"H3","847730",5,55,69604,2738358,2
2008,381,1,752,"H3","846729",5,1617,12394,147645,6
2008,381,1,392,"H3","847751",1,,52819,1528734,0
2008,381,2,392,"H3","847751",1,,5510,83003,0
2008,381,2,752,"H3","847751",1,,4650,125901,0
2008,381,1,752,"H3","8471",5,19530,35912,3738921,4
2008,381,2,752,"H3","8471",5,20561,62389,7492207,4
2008,381,1,752,"H3","847130",5,283,1603,235188,4
2008,381,2,752,"H3","847130",5,5479,11500,2283207,4
2008,381,1,392,"H3","847141",5,4915,12651,2490853,0
2008,381,2,392,"H3","847141",5,13,72,9580,0
2008,381,1,752,"H3","847141",5,577,8286,760972,4
2008,381,2,752,"H3","847141",5,715,8920,413166,4
2008,381,1,392,"H3","847790",8,46113,46113,3000173,0
2008,381,2,392,"H3","847790",8,37237,37237,3461551,0
2008,381,1,392,"H3","847170",5,646,4132,530248,0
2008,381,2,392,"H3","847170",5,1027,3075,1233274,0
2008,381,2,392,"H3","8478",1,,56578,10037276,0
2008,381,1,752,"H3","847170",5,5934,1341,185151,4
2008,381,2,392,"H3","847890",8,253,253,97853,0
2008,381,1,392,"H3","8479",1,,863735,46444373,0
2008,381,2,392,"H3","8479",1,,3109421,62919785,0
2008,381,2,752,"H3","847170",5,4597,9879,1829324,4
2008,381,1,392,"H3","847180",5,1384,960,196294,0
2008,381,1,392,"H3","847910",1,,17375,143203,0
2008,381,2,392,"H3","847910",5,35,80041,1089687,2
2008,381,2,392,"H3","847180",5,24,712,56759,0
2008,381,1,752,"H3","847180",5,7286,7309,1456366,4
2008,381,2,392,"H3","847920",5,3,350,68712,2
2008,381,1,392,"H3","847930",1,,1997,273794,0
2008,381,2,392,"H3","847930",1,,58567,852561,0
2008,381,1,752,"H3","847930",1,,24269,61062,0
2008,381,2,752,"H3","847930",1,,6085,78263,0
2008,381,1,392,"H3","847940",5,215,12355,132189,0
2008,381,2,392,"H3","847940",5,1,6740,240997,0
2008,381,2,752,"H3","847180",5,6225,10749,2099870,4
2008,381,1,392,"H3","847950",5,129,52832,4869070,2
2008,381,2,392,"H3","847950",5,19,15132,447318,2
2008,381,1,752,"H3","847950",5,826,915805,31114908,2
2008,381,2,752,"H3","847950",5,38,18021,888948,2
2008,381,1,752,"H3","847960",1,,33,1392,0
2008,381,2,752,"H3","847960",1,,1132,20009,0
2008,381,1,392,"H3","847981",1,,114603,1818056,0
2008,381,2,392,"H3","847981",5,14,3704,241310,2
2008,381,1,752,"H3","846599",5,4,7919,72556,4
2008,381,1,392,"H3","847190",5,12002,9101,3475420,0
2008,381,2,392,"H3","847190",5,1674,3917,127285,0
2008,381,2,752,"H3","846599",5,358,543388,7695979,4
2008,381,1,752,"H3","821195",8,9,9,347,0
2008,381,1,752,"H3","8473",8,46335,46335,8867469,0
2008,381,2,752,"H3","8473",8,10047,10047,3283392,0
2008,381,1,752,"H3","8466",8,38886,38886,3391209,0
2008,381,2,752,"H3","846390",5,149,21305,449215,4
2008,381,1,392,"H3","847990",8,163723,163723,11925891,0
2008,381,2,392,"H3","847990",8,746768,746768,23090719,0
2008,381,2,752,"H3","847439",5,3,5569,58543,2
2008,381,1,752,"H3","846789",5,12782,54493,2847493,2
2008,381,2,752,"H3","846789",1,,140445,3416118,0
2008,381,1,752,"H3","846791",8,81208,81208,3009554,0
2008,381,1,752,"H3","847490",8,97344,97344,1442518,0
2008,381,2,752,"H3","847490",8,55027,55027,894680,0
2008,381,1,392,"H3","848020",8,19,19,3101,0
2008,381,2,392,"H3","848020",8,8238,8238,35663,0
2008,381,1,752,"H3","8476",1,,22039,278611,4
2008,381,2,392,"H3","848030",8,16609,16609,185406,0
2008,381,1,752,"H3","848030",8,38532,38532,91446,0
2008,381,2,752,"H3","848030",8,1648,1648,328803,0
2008,381,2,752,"H3","8476",1,,76294,1750607,4
2008,381,2,752,"H3","846791",8,28275,28275,749556,0
2008,381,1,752,"H3","846792",8,1297,1297,89317,0
2008,381,1,392,"H3","848049",8,4838,4838,404970,0
2008,381,2,392,"H3","848049",8,6100,6100,95554,0
2008,381,1,752,"H3","848049",8,1583,1583,16006,0
2008,381,2,752,"H3","848049",8,77963,77963,2814176,0
2008,381,2,752,"H3","846792",8,3213,3213,104812,0
2008,381,2,392,"H3","848060",8,300,300,12130,0
2008,381,2,752,"H3","848060",8,36692,36692,588787,0
2008,381,1,752,"H3","846799",8,15686,15686,794449,0
2008,381,1,392,"H3","843031",1,,42700,928380,0
2008,381,1,752,"H3","843031",1,,103280,2237689,0
2008,381,2,752,"H3","846799",8,24738,24738,723129,0
2008,381,2,752,"H3","847681",5,459,40062,736727,4
2008,381,1,752,"H3","847690",8,966,966,55970,0
2008,381,2,752,"H3","847690",8,6576,6576,349888,0
2008,381,1,392,"H3","8477",1,,1027511,17229826,0
2008,381,1,392,"H3","8481",8,868753,868753,40017667,0
2008,381,2,392,"H3","8481",8,699143,699143,22788643,0
2008,381,2,392,"H3","846810",1,,444,47480,0
2008,381,2,752,"H3","846810",1,,8103,277891,0
2008,381,1,392,"H3","848110",8,25557,25557,2157343,0
2008,381,2,392,"H3","848110",8,47166,47166,1826453,0
2008,381,2,392,"H3","8477",1,,277203,12892331,0
2008,381,1,752,"H3","8477",1,,649813,14379456,0
2008,381,2,752,"H3","8477",1,,478085,15076828,0
2008,381,1,752,"H3","847710",5,7,3152,471801,2
2008,381,2,752,"H3","847710",1,,44950,905898,0
2008,381,1,392,"H3","847759",1,,79,30337,0
2008,381,1,392,"H3","848130",8,106,106,25631,0
2008,381,2,392,"H3","848130",8,15351,15351,778267,0
2008,381,2,392,"H3","847759",5,57,65455,2329177,2
2008,381,1,392,"H3","847780",1,,39907,1529036,0
2008,381,1,392,"H3","848140",8,1578,1578,149649,0
2008,381,2,392,"H3","848140",8,19505,19505,386743,0
2008,381,2,392,"H3","847780",5,194,129471,4902846,2
2008,381,1,752,"H3","8479",1,,2133158,65854234,0
2008,381,2,752,"H3","8479",1,,1953659,42485406,4
2008,381,1,752,"H3","847910",1,,250,6224,0
2008,381,2,752,"H3","847910",5,82,164614,2533786,2
2008,381,2,752,"H3","847940",5,1,574,11232,4
2008,381,1,752,"H3","847190",5,1463,657,92485,4
2008,381,1,752,"H3","846029",5,7,1132,17656,4
2008,381,2,752,"H3","847190",5,392,2296,241938,4
2008,381,2,752,"H3","846029",5,1,352,11511,4
2008,381,1,752,"H3","8472",5,1907,46923,2431072,6
2008,381,2,752,"H3","8472",5,59,24127,892463,6
2008,381,1,752,"H3","847290",5,1893,45691,2331262,6
2008,381,2,752,"H3","847290",5,59,24127,892463,6
2008,381,1,752,"H3","847330",8,14066,14066,4216463,0
2008,381,2,752,"H3","847330",8,9260,9260,3230330,0
2008,381,1,752,"H3","847340",8,15217,15217,1284209,0
2008,381,2,752,"H3","847340",8,313,313,25699,0
2008,381,1,392,"H3","848220",1,,42439,508058,0
2008,381,2,392,"H3","848220",1,,20729,507812,0
2008,381,1,392,"H3","8474",1,,55689,1458643,0
2008,381,2,392,"H3","8474",1,,64215,1529992,0
2008,381,1,392,"H3","848230",1,,539,14615,0
2008,381,2,392,"H3","848230",5,109,98,18467,2
2008,381,1,752,"H3","848230",1,,1343743,35781033,0
2008,381,2,752,"H3","848230",5,3196,17388,543745,2
2008,381,1,392,"H3","848240",5,698301,28164,1041658,2
2008,381,2,392,"H3","848240",1,,293,16234,0
2008,381,1,752,"H3","848240",5,14367,965,21431,2
2008,381,2,752,"H3","848240",1,,3252,75501,0
2008,381,1,392,"H3","848250",1,,979,441215,0
2008,381,2,392,"H3","848250",1,,13327,656989,0
2008,381,1,752,"H3","848250",1,,49534,611984,0
2008,381,2,752,"H3","848250",1,,61696,1677426,0
2008,381,1,392,"H3","848280",1,,196679,4291967,0
2008,381,2,392,"H3","848280",1,,143306,3619843,0
2008,381,1,752,"H3","8474",1,,143237,2752778,0
2008,381,2,752,"H3","8474",1,,406155,4865313,0
2008,381,2,752,"H3","847431",1,,55973,805012,0
2008,381,2,392,"H3","847439",5,22,16787,435167,2
2008,381,1,752,"H3","847439",5,12,10000,364138,2
2008,381,2,752,"H3","848020",8,2478,2478,28673,0
2008,381,1,392,"H3","848299",8,120710,120710,1632747,0
2008,381,2,392,"H3","848299",8,1376,1376,137960,0
2008,381,1,752,"H3","848299",8,96391,96391,1273367,0
2008,381,2,752,"H3","848299",8,20775,20775,271516,0
2008,381,1,392,"H3","8483",1,,4815989,78168798,0
2008,381,2,392,"H3","8483",1,,1267347,17803175,0
2008,381,1,392,"H3","848071",8,9206,9206,187859,0
2008,381,2,392,"H3","848071",8,654,654,49866,0
2008,381,1,752,"H3","848071",8,8500,8500,29366,0
2008,381,2,752,"H3","848071",8,147741,147741,5956963,0
2008,381,1,392,"H3","848079",8,5123,5123,739673,0
2008,381,2,392,"H3","848079",8,32069,32069,537032,0
2008,381,1,752,"H3","848079",8,5378,5378,31593,0
2008,381,2,752,"H3","848079",8,72512,72512,2631455,0
2008,381,2,752,"H3","846820",1,,1889,33485,0
2008,381,1,392,"H3","847029",5,100,10,2081,0
2008,381,1,392,"H3","848330",1,,124585,6425637,0
2008,381,2,392,"H3","848330",1,,27351,854081,0
2008,381,1,752,"H3","848330",1,,10904,407702,0
2008,381,2,752,"H3","848330",1,,222353,3920097,0
2008,381,2,752,"H3","847029",5,238,,5380,0
2008,381,1,392,"H3","847030",5,1,29,3890,0
2008,381,1,752,"H3","847030",5,390,117,2031,4
2008,381,2,752,"H3","847030",5,9,6,72,4
2008,381,1,392,"H3","848350",5,198058,194116,2528862,2
2008,381,2,392,"H3","848350",5,774,596,8543,2
2008,381,1,392,"H3","847090",5,2,73,6431,0
2008,381,1,752,"H3","847090",5,173,1857,92042,4
2008,381,1,392,"H3","848360",1,,111905,1563164,0
2008,381,2,392,"H3","848360",1,,541262,6187428,0
2008,381,1,752,"H3","847759",1,,135,18254,0
2008,381,2,752,"H3","847759",5,66,181023,2684707,2
2008,381,1,752,"H3","847780",1,,34127,1538225,0
2008,381,2,752,"H3","847780",5,179,93287,4536334,2
2008,381,1,752,"H3","847790",8,612399,612399,12351176,0
2008,381,2,752,"H3","847790",8,57326,57326,2933466,0
2008,381,1,392,"H3","8484",8,193539,193539,6293636,0
2008,381,2,392,"H3","8484",8,39704,39704,1294567,0
2008,381,1,752,"H3","847982",1,,42906,849721,0
2008,381,1,752,"H3","848190",8,210436,210436,4053620,0
2008,381,2,752,"H3","847982",1,,57919,2330171,0
2008,381,1,392,"H3","847989",1,,491419,27152212,0
2008,381,2,752,"H3","848190",8,290443,290443,7486890,0
2008,381,1,392,"H3","8482",1,,987138,18634076,0
2008,381,1,392,"H3","848420",8,40573,40573,1029446,0
2008,381,2,392,"H3","848420",8,825,825,64448,0
2008,381,2,392,"H3","8482",1,,393376,8953878,0
2008,381,1,752,"H3","8482",1,,2176891,45965917,0
2008,381,1,392,"H3","848490",8,16986,16986,864984,0
2008,381,2,392,"H3","848490",8,19379,19379,889884,0
2008,381,1,752,"H3","848490",8,29206,29206,815953,0
2008,381,2,752,"H3","848490",8,43454,43454,1869545,0
2008,381,1,392,"H3","8486",1,,168523,22200589,0
2008,381,2,392,"H3","8486",1,,4620,1160670,0
2008,381,2,392,"H3","847210",5,5,412,12158,0
2008,381,2,752,"H3","8482",1,,3917243,66578891,0
2008,381,1,392,"H3","848210",1,,339271,8206841,0
2008,381,1,392,"H3","848620",5,6,154970,14032281,2
2008,381,2,392,"H3","848620",1,,1800,96524,0
2008,381,1,752,"H3","848620",5,0,2160,76780,2
2008,381,2,752,"H3","848620",1,,253,486924,0
2008,381,2,392,"H3","848630",1,,18,17414,0
2008,381,1,392,"H3","848690",8,13553,13553,8168308,0
2008,381,2,392,"H3","848690",8,2802,2802,1046731,0
2008,381,1,752,"H3","848690",8,15060,15060,1066838,0
2008,381,2,752,"H3","848690",8,9930,9930,214220,0
2008,381,1,392,"H3","8487",8,220788,220788,3333276,0
2008,381,2,392,"H3","8487",8,131150,131150,3362813,0
2008,381,2,392,"H3","847989",1,,2119418,34665583,0
2008,381,2,392,"H3","848210",1,,135629,3629698,0
2008,381,1,392,"H3","848710",8,4664,4664,222656,0
2008,381,2,392,"H3","848710",8,82,82,24620,0
2008,381,1,752,"H3","848710",8,58844,58844,2671690,6
2008,381,2,752,"H3","848710",8,918,918,28561,6
2008,381,1,392,"H3","848790",8,216124,216124,3110620,0
2008,381,2,392,"H3","848790",8,131068,131068,3338193,0
2008,381,1,752,"H3","848210",1,,437487,4236736,0
2008,381,2,752,"H3","848210",1,,3279454,55238122,0
2008,381,1,752,"H3","848220",1,,234200,3462319,0
2008,381,2,752,"H3","848220",1,,180009,3039625,0
2008,381,1,392,"H3","848320",1,,191939,1505965,0
2008,381,2,392,"H3","848320",1,,518,93326,0
2008,381,1,392,"H3","8501",5,580400,499067,19510681,0
2008,381,1,752,"H3","848320",1,,926143,11874573,0
2008,381,2,752,"H3","848320",1,,40457,534026,0
2008,381,1,392,"H3","848340",1,,522131,12250917,0
2008,381,1,392,"H3","850110",5,115195,97774,3088403,0
2008,381,2,392,"H3","850110",5,3831,155143,3485182,0
2008,381,1,752,"H3","848130",8,9712,9712,835281,0
2008,381,2,392,"H3","848340",1,,554568,9019889,0
2008,381,1,392,"H3","850120",5,167290,98096,4186899,0
2008,381,2,392,"H3","850120",5,522,14922,342880,0
2008,381,1,752,"H3","848340",1,,2577406,17197704,0
2008,381,2,752,"H3","848340",1,,4705286,80699166,0
2008,381,1,752,"H3","848350",5,60465,24956,772033,2
2008,381,2,752,"H3","848350",5,1025200,609305,11319278,2
2008,381,1,752,"H3","848360",1,,77199,4605514,0
2008,381,2,752,"H3","848130",8,49375,49375,1689013,0
2008,381,1,392,"H3","850132",5,639,4167,147915,0
2008,381,2,392,"H3","850132",5,11,119,9599,0
2008,381,2,752,"H3","848360",1,,820680,13276409,0
2008,381,1,752,"H3","848140",8,9701,9701,665998,0
2008,381,1,392,"H3","850133",5,3398,2453,96090,0
2008,381,2,392,"H3","850133",5,280,6406,203806,0
2008,381,2,752,"H3","848140",8,103613,103613,2267907,0
2008,381,2,392,"H3","850134",5,1,13,2173,0
2008,381,1,752,"H3","850134",5,17,66143,700926,4
2008,381,2,752,"H3","850134",5,1,7073,119521,4
2008,381,1,392,"H3","850140",5,259,1842,182581,0
2008,381,2,392,"H3","850140",5,51,756,34538,0
2008,381,1,752,"H3","848390",8,6574,6574,524802,0
2008,381,2,752,"H3","848390",8,172221,172221,2929110,0
2008,381,1,392,"H3","850151",5,1245,6062,307240,0
2008,381,1,392,"H3","848180",8,338519,338519,10812909,0
2008,381,2,392,"H3","848180",8,324347,324347,11102411,0
2008,381,1,752,"H3","848180",8,182109,182109,8616261,0
2008,381,2,752,"H3","848180",8,2284204,2284204,67811435,0
2008,381,1,392,"H3","848190",8,242295,242295,11627492,0
2008,381,2,752,"H3","847981",5,16,6308,278733,2
2008,381,2,392,"H3","848190",8,208628,208628,4799279,0
2008,381,1,392,"H3","850153",5,6896,112841,5431631,0
2008,381,2,392,"H3","850153",5,109,74387,964540,0
2008,381,2,752,"H3","845240",8,1690,1690,5726,0
2008,381,1,392,"H3","848291",8,258357,258357,2496975,0
2008,381,1,392,"H3","850161",5,12335,8672,702452,0
2008,381,2,392,"H3","850161",5,12375,264409,1738385,0
2008,381,2,392,"H3","848291",8,78618,78618,366875,0
2008,381,1,392,"H3","850162",5,35,31,21787,0
2008,381,2,392,"H3","850162",5,408,221075,1309682,0
2008,381,1,752,"H3","850162",5,81,4907,36702,4
2008,381,2,752,"H3","850162",5,4,5781,39549,4
2008,381,2,392,"H3","850163",5,280,6600,148142,0
2008,381,1,392,"H3","850164",5,951,6463,165402,0
2008,381,2,392,"H3","850164",5,227,203080,4476280,0
2008,381,1,752,"H3","848291",8,12373,12373,514145,0
2008,381,2,752,"H3","848291",8,32462,32462,350650,0
2008,381,1,392,"H3","848041",8,8,8,1756,0
2008,381,2,392,"H3","848041",8,900,900,6689,0
2008,381,1,392,"H3","850211",5,567,9175,206725,0
2008,381,2,392,"H3","850211",5,10,1271,60320,0
2008,381,2,752,"H3","850211",5,585,153769,2087256,4
2008,381,1,392,"H3","850212",5,1,630,10566,0
2008,381,2,392,"H3","850212",5,3,129,1923,0
2008,381,2,752,"H3","848041",8,206289,206289,4891490,0
2008,381,1,392,"H3","850213",5,5,50,13858,0
2008,381,2,392,"H3","848050",8,17000,17000,798703,0
2008,381,1,392,"H3","848310",1,,3332284,50408733,0
2008,381,1,392,"H3","850220",5,3350,104444,2367160,0
2008,381,2,392,"H3","850220",5,97,4472,201542,0
2008,381,2,392,"H3","848310",1,,87710,950658,0
2008,381,1,752,"H3","848310",1,,217831,4357586,0
2008,381,1,392,"H3","850231",5,29,498,72343,0
2008,381,1,392,"H3","850239",5,2,40,8487,0
2008,381,2,752,"H3","848310",1,,861557,5594940,0
2008,381,2,392,"H3","8501",5,19525,1144574,17389510,0
2008,381,1,392,"H3","850240",5,1,6,2605,0
2008,381,1,392,"H3","8503",8,141234,141234,4879780,0
2008,381,2,392,"H3","8503",8,102050,102050,1255222,0
2008,381,1,752,"H3","850110",5,8964,18924,198913,4
2008,381,2,752,"H3","850110",5,422653,566691,7483326,4
2008,381,1,392,"H3","850300",8,141234,141234,4879780,0
2008,381,2,392,"H3","850300",8,102050,102050,1255222,0
2008,381,1,752,"H3","850120",5,175,8710,45108,4
2008,381,2,752,"H3","850120",5,14567,104893,939463,4
2008,381,1,752,"H3","850132",5,18,5688,32216,4
2008,381,2,752,"H3","850132",5,3374,49400,792980,4
2008,381,2,392,"H3","850151",5,584,72438,1670483,0
2008,381,1,752,"H3","850153",5,67,78938,612147,4
2008,381,1,392,"H3","850410",5,282,531,21076,0
2008,381,2,392,"H3","850410",5,2279,1815,115482,0
2008,381,1,752,"H3","848610",1,,9,875,0
2008,381,1,752,"H3","8487",8,89194,89194,3871683,6
2008,381,1,392,"H3","850421",5,4016,38,10933,0
2008,381,2,392,"H3","850421",5,248,130,7221,0
2008,381,1,752,"H3","850421",5,43,21575,195115,4
2008,381,2,752,"H3","850421",5,92,58317,642498,4
2008,381,1,392,"H3","850422",5,15,54068,412069,0
2008,381,2,392,"H3","850422",5,141,658,24029,0
2008,381,2,752,"H3","850422",5,45,202139,2106967,4
2008,381,2,752,"H3","850423",5,14,495493,7086088,4
2008,381,1,392,"H3","850431",5,4825,4006,236008,0
2008,381,2,392,"H3","850431",5,15605,7896,158553,0
2008,381,2,752,"H3","8487",8,1543741,1543741,12705040,6
2008,381,1,392,"H3","85",1,,,730547463,0
2008,381,2,392,"H3","85",1,,,130663199,0
2008,381,1,752,"H3","848280",1,,2198,64902,0
2008,381,2,752,"H3","848280",1,,322207,5382306,0
2008,381,2,752,"H3","850161",5,1436,43521,358888,4
2008,381,1,392,"H3","850433",5,73,110,8381,0
2008,381,2,392,"H3","850433",5,100,388,7356,0
2008,381,1,752,"H3","847410",1,,8850,269345,0
2008,381,2,752,"H3","847410",5,1,1834,21304,2
2008,381,1,392,"H3","850434",5,6,19608,489449,0
2008,381,2,392,"H3","850434",5,231,1120,31787,0
2008,381,1,752,"H3","850434",5,1,746,9983,4
2008,381,2,752,"H3","850434",5,387,970020,11530595,4
2008,381,1,392,"H3","850440",5,393953,229470,15014859,2
2008,381,2,392,"H3","850440",5,17002,11397,2270021,2
2008,381,2,752,"H3","847480",5,66,185734,1679592,2
2008,381,1,752,"H3","8475",1,,830584,41586856,0
2008,381,1,392,"H3","850450",1,,3958,596458,0
2008,381,2,752,"H3","8475",1,,60177,4428972,0
2008,381,1,392,"H3","8476",1,,12240,1280110,0
2008,381,2,392,"H3","8476",1,,97130,4234308,0
2008,381,2,752,"H3","850212",5,17,25274,280260,4
2008,381,1,752,"H3","850213",5,3,9256,202194,4
2008,381,2,752,"H3","850213",5,4,27819,506824,4
2008,381,1,752,"H3","850220",5,35,8500,28213,4
2008,381,2,752,"H3","850220",5,224,13471,192307,4
2008,381,1,752,"H3","850239",5,38,362,18690,4
2008,381,2,752,"H3","850239",5,27,21210,372018,4
2008,381,1,752,"H3","8503",8,67803,67803,1956813,0
2008,381,1,392,"H3","850511",8,544855,544855,5233038,0
2008,381,2,392,"H3","850511",8,6154,6154,72672,0
2008,381,1,752,"H3","850511",8,22,22,744,0
2008,381,2,752,"H3","850511",8,25,25,291,0
2008,381,1,392,"H3","850519",8,67577,67577,2070235,0
2008,381,2,392,"H3","850519",8,28190,28190,619164,0
2008,381,1,752,"H3","850519",8,2267,2267,118978,0
2008,381,2,752,"H3","850519",8,138850,138850,322873,0
2008,381,1,392,"H3","850520",8,4512,4512,205715,0
2008,381,2,392,"H3","850520",8,190,190,11446,0
2008,381,1,752,"H3","850520",8,350,350,28553,0
2008,381,2,752,"H3","850520",8,1964,1964,62454,0
2008,381,1,392,"H3","850590",8,990,990,107265,0
2008,381,2,392,"H3","850590",8,45127,45127,1305480,0
2008,381,1,752,"H3","850590",8,2166,2166,89145,0
2008,381,2,752,"H3","850590",8,32760,32760,1254407,0
2008,381,1,392,"H3","8506",1,,35294,2559987,0
2008,381,2,392,"H3","8506",1,,94489,312324,0
2008,381,2,752,"H3","8503",8,1169327,1169327,7279276,0
2008,381,1,752,"H3","850300",8,67803,67803,1956813,0
2008,381,1,392,"H3","850610",5,261410,1102,44128,0
2008,381,2,392,"H3","850610",5,99,93460,269385,0
2008,381,1,752,"H3","850610",5,2253,1211,8474,4
2008,381,2,752,"H3","850610",5,178,26,217,4
2008,381,2,752,"H3","850300",8,1169327,1169327,7279276,0
2008,381,1,392,"H3","848390",8,339029,339029,3485521,0
2008,381,1,752,"H3","850140",5,405,,35204,0
2008,381,1,392,"H3","850650",5,2644159,23190,1575038,0
2008,381,1,752,"H3","850650",5,15868,9090,638106,4
2008,381,2,752,"H3","850650",5,323,18,2086,4
2008,381,1,392,"H3","850680",5,773160,6300,367925,0
2008,381,2,392,"H3","850680",5,778,951,20368,0
2008,381,1,752,"H3","850680",5,16842,12355,80900,4
2008,381,2,752,"H3","850680",5,3741,3743,13772,4
2008,381,1,392,"H3","850690",8,7,7,1570,0
2008,381,1,752,"H3","850690",8,196,196,11423,0
2008,381,2,392,"H3","848390",8,55342,55342,689248,0
2008,381,2,752,"H3","850140",5,225164,357040,3407320,4
2008,381,2,392,"H3","847810",1,,56325,9939423,0
2008,381,1,752,"H3","850151",5,810,88003,454863,4
2008,381,2,752,"H3","850151",5,60113,336982,3816688,4
2008,381,2,752,"H3","850153",5,21,231619,3300575,4
2008,381,1,752,"H3","847420",1,,27043,676777,0
2008,381,2,752,"H3","847420",5,33,102018,1406183,2
2008,381,2,392,"H3","850720",5,186,38750,373272,0
2008,381,2,752,"H3","850440",5,116869,580898,21599973,6
2008,381,2,392,"H3","850450",1,,3583,36398,0
2008,381,1,392,"H3","850730",5,44323,3431,208576,0
2008,381,2,392,"H3","850730",5,44,876,78895,0
2008,381,1,752,"H3","850450",1,,1817,222729,0
2008,381,1,752,"H3","847529",1,,13198,607735,0
2008,381,2,752,"H3","850450",1,,137958,4602719,0
2008,381,1,752,"H3","8506",1,,22853,738904,4
2008,381,2,752,"H3","8506",1,,4632,29505,4
2008,381,1,752,"H3","8504",1,,,9500776,0
2008,381,2,752,"H3","8504",1,,2906603,54795706,4
2008,381,1,392,"H3","850790",8,14,14,5257,0
2008,381,2,392,"H3","850790",8,95511,95511,463975,0
2008,381,1,392,"H3","848410",8,135980,135980,4399206,0
2008,381,2,392,"H3","848410",8,19500,19500,340234,0
2008,381,1,392,"H3","8508",1,,13186,68697,0
2008,381,2,392,"H3","8508",1,,52473,914260,0
2008,381,1,752,"H3","8508",1,,25452,277595,4
2008,381,2,752,"H3","8508",1,,57882,822002,4
2008,381,1,752,"H3","848410",8,1042,1042,44605,0
2008,381,2,752,"H3","848410",8,6747,6747,265708,0
2008,381,1,752,"H3","848420",8,692,692,60074,0
2008,381,2,752,"H3","848420",8,5360,5360,793884,0
2008,381,1,752,"H3","850440",5,229408,92820,5261514,6
2008,381,2,752,"H3","850720",5,60466,952117,5109935,4
2008,381,2,752,"H3","847621",5,197,20319,431861,4
2008,381,1,392,"H3","850860",5,5,454,12185,0
2008,381,2,392,"H3","850860",5,52,3120,73839,0
2008,381,1,752,"H3","850860",5,21,11227,75265,4
2008,381,2,752,"H3","850860",5,25,554,7793,4
2008,381,2,392,"H3","850870",8,5079,5079,99577,0
2008,381,1,752,"H3","850870",8,12996,12996,194572,0
2008,381,2,752,"H3","850870",8,4505,4505,85840,0
2008,381,1,392,"H3","8509",1,,1659,134106,0
2008,381,2,392,"H3","8509",1,,58261,1417159,0
2008,381,1,752,"H3","850780",5,8878,53496,636300,4
2008,381,2,752,"H3","850780",5,904,7444,39407,4
2008,381,1,392,"H3","8507",1,,322380,8263109,0
2008,381,2,392,"H3","8507",1,,313291,1691675,0
2008,381,1,752,"H3","8507",1,,629265,8100277,4
2008,381,2,752,"H3","8507",1,,2097688,8229706,4
2008,381,1,392,"H3","850710",5,88815,279259,3251252,0
2008,381,2,392,"H3","850710",5,5353,173849,641360,0
2008,381,1,752,"H3","850710",5,1200,24706,71154,4
2008,381,1,392,"H3","850990",8,48,48,7747,0
2008,381,2,392,"H3","850990",8,14176,14176,398933,0
2008,381,2,752,"H3","850710",5,69017,1123287,2956209,4
2008,381,1,752,"H3","850720",5,906,126890,471910,4
2008,381,1,392,"H3","8510",1,,27113,2143043,0
2008,381,2,392,"H3","8510",1,,1,2886,0
2008,381,1,752,"H3","8510",1,,5876,131896,4
2008,381,2,752,"H3","8510",1,,6661,194016,4
2008,381,1,392,"H3","851010",5,7220,3944,401966,0
2008,381,1,752,"H3","851010",5,2585,5425,113877,4
2008,381,2,752,"H3","851010",5,3621,5724,141649,4
2008,381,1,392,"H3","851020",5,24168,22439,1436965,0
2008,381,1,752,"H3","850133",5,44,,892416,0
2008,381,1,392,"H3","850980",1,,1611,126359,0
2008,381,1,752,"H3","851030",5,793,366,14281,4
2008,381,2,752,"H3","851030",5,2400,380,37176,4
2008,381,1,392,"H3","851090",8,730,730,304113,0
2008,381,2,392,"H3","851090",8,1,1,2886,0
2008,381,1,752,"H3","851090",8,16,16,2126,0
2008,381,2,752,"H3","851090",8,29,29,808,0
2008,381,1,392,"H3","8511",1,,5014009,80133069,0
2008,381,2,392,"H3","8511",1,,29804,761210,0
2008,381,2,392,"H3","850980",1,,41853,917553,0
2008,381,2,752,"H3","847990",8,158816,158816,7831526,0
2008,381,2,752,"H3","850819",5,1640,26734,363259,4
2008,381,1,752,"H3","8483",1,,3841013,39739914,0
2008,381,1,752,"H3","850730",5,30798,298871,6466017,4
2008,381,1,392,"H3","851120",1,,165040,5502422,0
2008,381,2,392,"H3","851120",5,17163,10,124680,2
2008,381,1,752,"H3","851120",1,,14617,348363,0
2008,381,2,752,"H3","851120",5,2467,1232,17921,2
2008,381,1,392,"H3","851130",5,52346,20816,758984,2
2008,381,2,392,"H3","851130",5,1988,153,22386,2
2008,381,2,752,"H3","850730",5,1725,4414,70207,4
2008,381,1,392,"H3","850740",5,3,6,6179,0
2008,381,1,392,"H3","850780",5,202734,39670,4791845,0
2008,381,1,392,"H3","850490",8,38515,38515,853644,0
2008,381,2,392,"H3","850490",8,42447,42447,1423123,0
2008,381,1,752,"H3","850490",8,50069,50069,2555869,0
2008,381,2,752,"H3","850490",8,83229,83229,2792083,0
2008,381,2,752,"H3","8483",1,,7431859,118273026,0
2008,381,2,392,"H3","845620",5,4,23440,853245,0
2008,381,2,752,"H3","85",1,,,440715931,0
2008,381,2,392,"H3","850780",5,5724,4305,134173,0
2008,381,1,752,"H3","8501",5,25885,,6425016,0
2008,381,2,752,"H3","845620",5,28,1036,31530,4
2008,381,2,752,"H3","8501",5,768336,2304411,28056119,4
2008,381,1,392,"H3","851190",8,131899,131899,1155939,0
2008,381,2,392,"H3","851190",8,728,728,21167,0
2008,381,2,392,"H3","847010",5,200,50,5142,0
2008,381,2,752,"H3","847740",5,3,5002,80825,2
2008,381,2,392,"H3","850630",5,3480,78,22571,0
2008,381,1,752,"H3","846630",8,178,178,103076,0
2008,381,2,752,"H3","846630",8,2621,2621,123000,0
2008,381,2,752,"H3","850630",5,150,845,13430,4
2008,381,1,392,"H3","851210",1,,697,55017,0
2008,381,2,392,"H3","851210",5,10053,344,18336,2
2008,381,1,752,"H3","851210",1,,160,4622,0
2008,381,1,392,"H3","851220",5,51675,9674,698271,2
2008,381,1,392,"H3","8504",1,,351661,17698382,0
2008,381,1,392,"H3","850131",5,270724,131467,4103043,0
2008,381,2,392,"H3","850131",5,113,32441,1055491,0
2008,381,1,752,"H3","850131",5,13547,180697,1481421,4
2008,381,2,752,"H3","850131",5,17951,56159,1150777,4
2008,381,2,392,"H3","8504",1,,69539,4077071,0
2008,381,1,392,"H3","850640",5,2332637,4695,571327,0
2008,381,2,752,"H3","851020",5,940,528,14383,4
2008,381,1,752,"H3","8511",1,,67589,3011548,0
2008,381,1,752,"H3","850790",8,125301,125301,454897,0
2008,381,1,392,"H3","845921",5,13,49890,1043485,0
2008,381,1,392,"H3","851290",8,14741,14741,603411,0
2008,381,2,392,"H3","851290",8,5299,5299,117051,0
2008,381,2,752,"H3","845921",5,1,12,302,4
2008,381,2,752,"H3","8511",1,,352425,6315321,0
2008,381,1,392,"H3","8513",1,,3298,121582,0
2008,381,2,392,"H3","8513",1,,3298,101274,0
2008,381,1,752,"H3","8513",1,,2835,103267,0
2008,381,2,752,"H3","8513",1,,9745,432894,0
2008,381,1,392,"H3","851310",1,,3262,73471,0
2008,381,2,392,"H3","851310",1,,3298,101274,0
2008,381,1,392,"H3","850152",5,1433,29199,1077238,0
2008,381,2,392,"H3","850152",5,733,92785,1948329,0
2008,381,1,392,"H3","851390",8,36,36,48112,0
2008,381,1,752,"H3","851390",8,41,41,2141,0
2008,381,2,752,"H3","851390",8,499,499,29339,0
2008,381,1,392,"H3","8514",1,,41576,1335865,0
2008,381,2,392,"H3","8514",1,,26384,284730,0
2008,381,1,752,"H3","850152",5,1757,549598,1935102,4
2008,381,2,752,"H3","850152",5,23052,545252,6647033,4
2008,381,1,392,"H3","851410",1,,90,4405,0
2008,381,2,392,"H3","851410",5,3,1607,44443,2
2008,381,1,392,"H3","847982",1,,9431,129958,0
2008,381,2,392,"H3","847982",1,,78701,2222899,0
2008,381,1,392,"H3","851420",1,,33183,944634,0
2008,381,2,392,"H3","851420",5,2,6317,63520,2
2008,381,1,752,"H3","851420",1,,1032,109180,0
2008,381,2,752,"H3","851420",5,1,220,19507,2
2008,381,1,392,"H3","851430",1,,103,4267,0
2008,381,2,392,"H3","851430",1,,17440,121180,0
2008,381,1,752,"H3","850410",5,787,,193473,0
2008,381,2,752,"H3","850790",8,10427,10427,53949,0
2008,381,1,392,"H3","851440",1,,7410,134901,0
2008,381,2,392,"H3","851440",1,,11,3073,0
2008,381,1,392,"H3","850811",5,64,12732,56512,0
2008,381,2,392,"H3","850811",5,743,8593,141597,0
2008,381,1,752,"H3","850811",5,3,21,197,4
2008,381,2,752,"H3","850811",5,4609,26089,365110,4
2008,381,2,392,"H3","850819",5,2380,35681,599248,0
2008,381,2,752,"H3","850410",5,41063,45908,478661,4
2008,381,1,752,"H3","850431",5,8292,66952,880387,4
2008,381,2,752,"H3","850431",5,295100,240650,3009174,4
2008,381,1,752,"H3","847989",1,,515399,19900238,0
2008,381,2,752,"H3","847989",1,,1540190,28512740,0
2008,381,1,752,"H3","848790",8,30350,30350,1199993,0
2008,381,2,752,"H3","848790",8,1542823,1542823,12676479,0
2008,381,1,392,"H3","850432",5,3090,1357,55505,0
2008,381,1,392,"H3","851519",1,,28,10102,0
2008,381,2,392,"H3","851519",1,,20,4353,0
2008,381,1,752,"H3","851519",1,,880,45582,0
2008,381,2,752,"H3","851519",1,,1752,44904,0
2008,381,1,392,"H3","851521",1,,143445,7675741,0
2008,381,2,392,"H3","851521",1,,390,37833,0
2008,381,2,392,"H3","850432",5,13,105,3102,0
2008,381,1,752,"H3","85",1,,,836301775,0
2008,381,1,752,"H3","850432",5,1104,6481,110249,4
2008,381,2,752,"H3","850432",5,1486,8494,88668,4
2008,381,1,752,"H3","850433",5,13,7160,71456,4
2008,381,2,752,"H3","850433",5,553,83496,858280,4
2008,381,1,392,"H3","851531",1,,19145,2636304,0
2008,381,2,392,"H3","851531",5,110,8527,248714,2
2008,381,1,752,"H3","851531",1,,79621,4275815,0
2008,381,2,752,"H3","851531",5,91,1731,206754,2
2008,381,1,392,"H3","851539",1,,1559,849961,0
2008,381,2,392,"H3","851539",1,,57225,787793,0
2008,381,1,752,"H3","850819",5,5,1208,7562,4
2008,381,1,752,"H3","851020",5,200,68,1612,4
2008,381,1,392,"H3","851580",5,1639,978,243597,0
2008,381,2,392,"H3","851580",5,225,4774,495024,0
2008,381,1,752,"H3","847990",8,634496,634496,13920689,0
2008,381,1,392,"H3","8480",8,19194,19194,1337359,0
2008,381,2,392,"H3","8480",8,81870,81870,1721044,0
2008,381,1,752,"H3","8480",8,53993,53993,168411,0
2008,381,2,752,"H3","8480",8,545323,545323,17240346,0
2008,381,2,752,"H3","8502",5,857,241544,3438665,4
2008,381,1,752,"H3","8509",1,,24666,302001,4
2008,381,1,392,"H3","851180",1,,472108,27764495,0
2008,381,2,392,"H3","851180",5,87154,28848,539702,2
2008,381,1,752,"H3","851180",1,,2757,60945,0
2008,381,1,752,"H3","8481",8,800323,800323,29647290,0
2008,381,2,752,"H3","8481",8,3349299,3349299,104616238,0
2008,381,2,752,"H3","851180",5,143345,12471,887670,2
2008,381,1,752,"H3","848110",8,35417,35417,3023225,0
2008,381,2,392,"H3","851621",5,146,3600,17144,0
2008,381,2,752,"H3","851621",5,2,14,239,4
2008,381,1,392,"H3","851629",5,19882,159932,2710670,0
2008,381,2,392,"H3","851629",5,10385,30031,353871,0
2008,381,1,752,"H3","851629",5,347,57330,274306,4
2008,381,2,752,"H3","851629",5,10005,63101,756914,4
2008,381,1,392,"H3","851631",5,1003,3834,219004,0
2008,381,2,392,"H3","851631",5,1,500,9188,0
2008,381,2,752,"H3","851631",5,14223,20531,503899,4
2008,381,1,752,"H3","851190",8,2390,2390,90055,0
2008,381,2,752,"H3","848110",8,71724,71724,3489447,0
2008,381,1,392,"H3","848120",8,260698,260698,15244644,0
2008,381,2,752,"H3","851190",8,18406,18406,422466,0
2008,381,1,392,"H3","851640",5,24,122,5618,0
2008,381,2,392,"H3","851640",5,190,18,1725,0
2008,381,1,752,"H3","851640",5,2,268,2119,4
2008,381,2,752,"H3","851640",5,6640,21939,315667,4
2008,381,1,392,"H3","851650",5,171,96,9161,0
2008,381,2,392,"H3","851650",5,6,156,18796,0
2008,381,1,752,"H3","851650",5,63795,3514840,15880200,4
2008,381,2,752,"H3","851650",5,2148,50653,581509,4
2008,381,2,392,"H3","848120",8,84146,84146,3895489,0
2008,381,1,752,"H3","848120",8,352948,352948,12452905,0
2008,381,2,752,"H3","848120",8,549940,549940,21871544,0
2008,381,1,392,"H3","8512",1,,37379,1751761,0
2008,381,1,392,"H3","851671",5,20,129,8936,0
2008,381,2,392,"H3","851671",5,18183,145887,5518655,0
2008,381,2,752,"H3","8509",1,,196965,3980813,4
2008,381,2,392,"H3","8512",1,,45709,2716504,0
2008,381,1,752,"H3","851672",5,3,19,120,4
2008,381,2,752,"H3","851672",5,12404,45789,495071,4
2008,381,1,752,"H3","8512",1,,109285,3823705,4
2008,381,2,752,"H3","8512",1,,750895,17440782,4
2008,381,2,392,"H3","851220",1,,31895,2291272,0
2008,381,1,752,"H3","851220",5,133612,33679,1805454,2
2008,381,1,392,"H3","851680",1,,840,210548,0
2008,381,2,392,"H3","851680",1,,405,456877,0
2008,381,2,752,"H3","851220",1,,360170,10234517,0
2008,381,1,392,"H3","851230",5,16303,5550,164248,2
2008,381,2,392,"H3","851230",5,5286,7669,163426,2
2008,381,1,752,"H3","851230",5,4417,16069,223979,6
2008,381,2,752,"H3","851230",5,227846,348962,4936432,6
2008,381,1,752,"H3","8484",8,30940,30940,920632,0
2008,381,1,752,"H3","851290",8,46928,46928,1275335,0
2008,381,2,752,"H3","851290",8,16773,16773,1677579,0
2008,381,1,752,"H3","851310",1,,2794,101126,0
2008,381,2,752,"H3","851310",1,,9246,403555,0
2008,381,1,752,"H3","8514",1,,144770,9019297,0
2008,381,2,752,"H3","8514",1,,229082,8748694,0
2008,381,1,752,"H3","851410",1,,19605,730144,0
2008,381,1,392,"H3","851712",5,7079,745,150912,0
2008,381,2,392,"H3","851712",5,2303,965,246686,0
2008,381,2,752,"H3","851410",5,208,76630,2874822,2
2008,381,2,752,"H3","8484",8,55561,55561,2929138,0
2008,381,1,392,"H3","851718",5,1079,904,93255,2
2008,381,2,392,"H3","851718",5,94,4,13563,2
2008,381,1,752,"H3","851718",5,48891,33409,4225437,2
2008,381,2,752,"H3","851718",5,2690,7009,386950,2
2008,381,1,392,"H3","851761",5,192,2199,359232,0
2008,381,2,392,"H3","851761",5,11,85,64492,0
2008,381,1,752,"H3","851761",5,3216,190097,18319509,4
2008,381,2,752,"H3","851761",5,767,1525,152207,4
2008,381,1,392,"H3","851762",1,,44569,32803655,0
2008,381,2,392,"H3","851762",5,6890,1259,1165540,2
2008,381,1,752,"H3","8486",1,,17229,1144493,0
2008,381,2,752,"H3","8486",1,,10183,701144,0
2008,381,1,392,"H3","8515",1,,182149,13117414,0
2008,381,2,392,"H3","8515",1,,86717,2565813,0
2008,381,1,752,"H3","851521",1,,1931,490102,0
2008,381,2,752,"H3","851521",1,,29758,1603611,0
2008,381,1,392,"H3","851770",8,11712,11712,3226657,0
2008,381,2,392,"H3","851770",8,2952,2952,2092775,0
2008,381,1,392,"H3","851529",1,,4515,300070,0
2008,381,2,392,"H3","851529",1,,1700,86297,0
2008,381,1,392,"H3","8518",1,,13802,1820121,0
2008,381,2,392,"H3","8518",1,,81778,2782802,0
2008,381,1,752,"H3","851529",1,,2044,28478,0
2008,381,2,752,"H3","851529",1,,60112,1055849,0
2008,381,1,392,"H3","851810",1,,1870,195808,0
2008,381,2,392,"H3","851810",1,,1100,173044,0
2008,381,1,392,"H3","8502",5,3955,114843,2681743,0
2008,381,2,392,"H3","8502",5,110,5872,263785,0
2008,381,1,752,"H3","8502",5,76,18119,249097,4
2008,381,1,392,"H3","851110",5,403007,18956,478351,2
2008,381,1,392,"H3","851590",8,12479,12479,1401639,0
2008,381,2,392,"H3","851590",8,13635,13635,886597,0
2008,381,1,752,"H3","851590",8,81607,81607,4613501,0
2008,381,1,752,"H3","851110",5,217262,2904,257880,2
2008,381,2,752,"H3","851590",8,28774,28774,1068235,0
2008,381,2,752,"H3","851110",5,164540,1409,114703,2
2008,381,1,392,"H3","851829",5,793,1404,103164,0
2008,381,2,392,"H3","851829",5,5997,32957,468762,0
2008,381,1,752,"H3","851130",5,21938,2274,318097,2
2008,381,2,752,"H3","851130",5,50626,8249,570179,2
2008,381,1,392,"H3","851830",1,,1085,121064,0
2008,381,2,392,"H3","851830",5,283,139,7905,2
2008,381,1,752,"H3","851830",1,,6151,830683,0
2008,381,2,752,"H3","851830",5,5728,1061,160178,2
2008,381,1,392,"H3","851840",5,135,1182,179912,0
2008,381,2,392,"H3","851840",5,1264,4413,279022,0
2008,381,1,752,"H3","851840",5,931,30064,578781,6
2008,381,2,752,"H3","851840",5,374,1567,93115,6
2008,381,1,392,"H3","851850",5,167,3364,510726,0
2008,381,2,392,"H3","851850",5,445,4529,266312,0
2008,381,1,752,"H3","851850",5,122,14022,228475,4
2008,381,2,752,"H3","851850",5,1093,3704,151143,4
2008,381,1,392,"H3","851890",8,4153,4153,637055,0
2008,381,2,392,"H3","851890",8,10483,10483,361009,0
2008,381,1,392,"H3","851140",5,69206,138800,4296308,2
2008,381,2,392,"H3","851140",5,1271,30,51720,2
2008,381,1,392,"H3","8519",5,2011,10467,914051,0
2008,381,2,392,"H3","8519",5,808,4655,209287,0
2008,381,1,752,"H3","8519",5,858,,255455,0
2008,381,2,752,"H3","8519",5,694,392,22976,4
2008,381,1,392,"H3","851920",5,7,164,12454,0
2008,381,2,392,"H3","851920",5,37,426,27673,0
2008,381,1,752,"H3","851920",5,123,5868,90284,4
2008,381,1,392,"H3","851930",5,1064,5798,240923,0
2008,381,1,752,"H3","851930",5,2,25,402,4
2008,381,1,752,"H3","851140",5,1194,3480,74120,2
2008,381,2,752,"H3","851140",5,943,2158,38391,2
2008,381,1,392,"H3","851150",5,522989,4066390,40176570,2
2008,381,2,392,"H3","851150",5,25,35,1555,2
2008,381,1,392,"H3","851989",5,565,1520,114955,0
2008,381,2,392,"H3","851989",5,80,997,55222,0
2008,381,1,752,"H3","851989",5,37,,8810,0
2008,381,2,752,"H3","851989",5,6,19,1276,4
2008,381,1,392,"H3","8521",5,1984,8871,640525,0
2008,381,2,392,"H3","8521",5,235,58,11122,0
2008,381,1,752,"H3","851150",5,24239,39167,1862089,2
2008,381,2,752,"H3","851150",5,68450,308500,4263991,2
2008,381,1,392,"H3","852110",5,75,277,145563,0
2008,381,2,392,"H3","852110",5,8,8,9423,0
2008,381,1,752,"H3","852110",5,13,,60435,0
2008,381,2,752,"H3","852110",5,71,18,1925,4
2008,381,1,392,"H3","852190",5,1909,8594,494962,0
2008,381,2,392,"H3","852190",5,227,50,1699,0
2008,381,1,752,"H3","852190",5,2980,17337,450887,4
2008,381,2,752,"H3","852190",5,323,16529,1273603,4
2008,381,1,392,"H3","8522",8,1770,1770,306902,0
2008,381,2,392,"H3","8522",8,16,16,9966,0
2008,381,1,752,"H3","8522",8,906,906,71587,0
2008,381,2,752,"H3","8522",8,25,25,2976,0
2008,381,1,392,"H3","851610",5,3,41,8123,0
2008,381,2,392,"H3","851610",5,36,1421,4446,0
2008,381,1,752,"H3","851610",5,477,58049,310206,4
2008,381,2,752,"H3","851610",5,3967,107041,523748,4
2008,381,1,392,"H3","851660",5,84,370,5832,0
2008,381,2,392,"H3","851660",5,973,39169,466004,0
2008,381,1,752,"H3","851660",5,649,53110,277887,4
2008,381,2,752,"H3","851660",5,135509,3569857,32787629,4
2008,381,1,752,"H3","851671",5,326,7653,101170,4
2008,381,2,752,"H3","851671",5,12948,123515,3841690,4
2008,381,1,392,"H3","851679",5,327,354,18683,0
2008,381,2,392,"H3","851679",5,703,551,36234,0
2008,381,1,752,"H3","851679",5,84,2203,16899,4
2008,381,2,752,"H3","851679",5,22936,72853,1065012,4
2008,381,1,392,"H3","851690",8,1106,1106,94203,0
2008,381,2,392,"H3","851690",8,46576,46576,1410853,0
2008,381,2,392,"H3","850940",5,198,2232,100673,0
2008,381,1,392,"H3","852340",5,78787,17014,3249843,2
2008,381,2,392,"H3","852340",5,131965,13185,1614117,2
2008,381,1,392,"H3","851240",5,12309,6717,230814,2
2008,381,2,392,"H3","851240",1,,502,126418,0
2008,381,1,392,"H3","852351",5,462379,15865,3465785,0
2008,381,2,392,"H3","852351",5,722,102,21245,0
2008,381,1,752,"H3","850940",5,159,3659,29319,4
2008,381,2,752,"H3","850940",5,30231,149935,2904866,4
2008,381,1,392,"H3","852352",5,53017,22708,1561528,0
2008,381,2,392,"H3","852352",5,990,220,41640,0
2008,381,1,752,"H3","852352",5,5083,836,141187,4
2008,381,2,752,"H3","852352",5,16752,574,102956,4
2008,381,1,392,"H3","852359",5,2,1,3089,0
2008,381,2,392,"H3","852359",5,10139,1003,104582,0
2008,381,1,752,"H3","852359",5,113,22,6957,4
2008,381,1,392,"H3","852380",1,,6956,550465,0
2008,381,2,392,"H3","852380",1,,9302,579361,0
2008,381,1,752,"H3","852380",1,,5677,358749871,0
2008,381,2,752,"H3","852380",1,,4692,467924,0
2008,381,1,752,"H3","851240",5,27427,12449,514316,2
2008,381,2,752,"H3","851240",1,,24990,592255,0
2008,381,1,752,"H3","850980",1,,13946,88311,0
2008,381,2,752,"H3","850980",1,,40533,929071,0
2008,381,1,752,"H3","851430",1,,73496,5175428,0
2008,381,2,752,"H3","851430",1,,105037,2750894,0
2008,381,1,752,"H3","850990",8,7061,7061,184371,0
2008,381,1,752,"H3","851539",1,,120457,2927771,0
2008,381,1,392,"H3","852560",5,32142,53248,7808609,0
2008,381,2,392,"H3","852560",5,3,20,7796,0
2008,381,1,752,"H3","852560",5,569,13442,745774,4
2008,381,2,752,"H3","852560",5,754,1733,439022,4
2008,381,1,392,"H3","852580",5,683187,460550,181527944,0
2008,381,2,392,"H3","852580",5,1190,818,365443,0
2008,381,2,752,"H3","851539",1,,248977,3720594,0
2008,381,2,752,"H3","850990",8,6497,6497,146876,0
2008,381,1,392,"H3","8526",1,,65453,9707774,0
2008,381,2,392,"H3","8526",1,,554,87866,0
2008,381,1,752,"H3","851580",5,31,45886,996180,4
2008,381,2,752,"H3","851580",5,200,20189,549302,4
2008,381,1,392,"H3","852610",1,,63697,9337035,0
2008,381,2,392,"H3","852610",1,,448,21073,0
2008,381,1,752,"H3","852610",1,,1132,177146,0
2008,381,2,752,"H3","852610",1,,538,105699,0
2008,381,1,392,"H3","852691",5,2086,1497,296514,2
2008,381,2,392,"H3","852691",5,87,101,63607,2
2008,381,1,752,"H3","8521",5,2993,,511322,0
2008,381,2,752,"H3","8521",5,394,16546,1275527,4
2008,381,1,392,"H3","852692",1,,259,74224,0
2008,381,2,392,"H3","852692",1,,5,3186,0
2008,381,1,392,"H3","852210",8,55,55,18141,0
2008,381,1,392,"H3","852290",8,1715,1715,288761,0
2008,381,1,392,"H3","8527",5,2050,2641,270666,0
2008,381,2,392,"H3","8527",5,113,494,76000,0
2008,381,2,392,"H3","852290",8,16,16,9966,0
2008,381,1,752,"H3","852290",8,906,906,71587,0
2008,381,2,752,"H3","852290",8,25,25,2976,0
2008,381,1,752,"H3","8523",1,,,363720220,0
2008,381,2,752,"H3","8523",1,,29494,3324986,4
2008,381,1,392,"H3","852321",5,600,30,13357,0
2008,381,2,392,"H3","852321",5,66,65,7583,0
2008,381,1,752,"H3","852321",5,5878,,7095,0
2008,381,1,392,"H3","852721",5,2,5,2081,0
2008,381,2,392,"H3","852721",5,102,439,56397,0
2008,381,1,752,"H3","852721",5,1558,7591,260523,4
2008,381,2,752,"H3","852721",5,884,1101,71228,4
2008,381,1,392,"H3","852729",5,100,2,3007,0
2008,381,2,392,"H3","852729",5,8,15,7635,0
2008,381,1,752,"H3","852729",5,29,,6707,0
2008,381,2,752,"H3","852729",5,3,6,411,4
2008,381,1,392,"H3","852791",5,184,1000,20263,0
2008,381,1,752,"H3","852791",5,260,2367,26384,4
2008,381,2,752,"H3","852791",5,308,1138,47582,4
2008,381,2,752,"H3","852321",5,9,0,31,4
2008,381,1,392,"H3","852329",5,316641,69626,3879123,2
2008,381,2,392,"H3","852329",5,19818,2885,274145,2
2008,381,1,752,"H3","851680",1,,10014,1422822,0
2008,381,2,752,"H3","851680",1,,85367,2796383,0
2008,381,1,752,"H3","852329",5,8586,,480808,2
2008,381,2,752,"H3","852329",5,1247,2419,83009,6
2008,381,1,752,"H3","851690",8,272040,272040,3546634,0
2008,381,1,392,"H3","852841",5,87,1340,81925,0
2008,381,2,392,"H3","852841",5,286,9450,502995,0
2008,381,2,752,"H3","851690",8,122493,122493,1399347,0
2008,381,1,752,"H3","852340",5,46209,,4224782,2
2008,381,1,392,"H3","852849",5,92,898,53530,0
2008,381,2,392,"H3","852849",5,103,1943,98660,0
2008,381,2,752,"H3","852849",5,3520,,68959,0
2008,381,1,392,"H3","852851",5,7702,11704,1355658,0
2008,381,2,392,"H3","852851",5,346,826,184912,0
2008,381,1,752,"H3","852851",5,1603,16465,684565,4
2008,381,2,752,"H3","852340",5,130666,21805,2669467,6
2008,381,1,392,"H3","852859",5,5881,4294,1091097,0
2008,381,2,392,"H3","852859",5,569,1651,93434,0
2008,381,1,752,"H3","852859",5,400,9462,448047,4
2008,381,2,752,"H3","852859",5,60,3002,36946,4
2008,381,1,392,"H3","8517",1,,72847,38508325,0
2008,381,2,392,"H3","8517",1,,7420,4304757,0
2008,381,1,392,"H3","852869",5,1720,14669,2486697,0
2008,381,2,392,"H3","852869",5,6,48,53333,0
2008,381,1,752,"H3","852869",5,7,50,7631,4
2008,381,2,752,"H3","852869",5,49,637,143783,4
2008,381,1,392,"H3","852871",5,78,523,177705,0
2008,381,2,392,"H3","852871",5,6,5,5359,0
2008,381,1,752,"H3","8517",1,,1067304,259285981,4
2008,381,2,752,"H3","8517",1,,1124200,80515846,4
2008,381,1,392,"H3","852872",5,2131,22225,1603210,0
2008,381,2,392,"H3","852872",5,13,182,32541,0
2008,381,1,392,"H3","851711",5,210,181,11442,0
2008,381,1,752,"H3","851711",5,3874,16155,459862,4
2008,381,1,392,"H3","852873",5,179,3,5383,0
2008,381,2,752,"H3","851711",5,1703,526,33201,4
2008,381,1,752,"H3","851712",5,2320,1400,527962,4
2008,381,2,752,"H3","851712",5,104,49,20439,4
2008,381,1,752,"H3","851762",1,,269464,112763506,0
2008,381,2,752,"H3","851762",5,313445,216245,53024466,2
2008,381,1,392,"H3","851769",5,15068,12537,1863173,2
2008,381,2,392,"H3","851769",5,959,2155,721700,2
2008,381,1,752,"H3","851769",5,142144,150946,11257986,6
2008,381,2,392,"H3","851511",5,4847,446,19203,2
2008,381,1,752,"H3","851511",1,,1,72,0
2008,381,2,752,"H3","851511",5,882,232,3496,2
2008,381,2,752,"H3","851769",5,27403,25058,2324543,6
2008,381,1,392,"H3","8530",1,,45,2439,0
2008,381,2,392,"H3","8530",1,,1123,209733,0
2008,381,1,752,"H3","851770",8,405833,405833,111731719,0
2008,381,2,752,"H3","851770",8,873787,873787,24574041,0
2008,381,2,392,"H3","853010",1,,38,87973,0
2008,381,1,752,"H3","853010",1,,1160,18097,0
2008,381,2,752,"H3","853010",1,,19171,2168061,0
2008,381,1,392,"H3","853080",1,,45,2439,0
2008,381,2,392,"H3","853080",1,,830,108042,0
2008,381,1,752,"H3","853080",1,,1576,358981,0
2008,381,2,752,"H3","853080",1,,4100,241592,0
2008,381,2,392,"H3","853090",8,255,255,13717,0
2008,381,1,752,"H3","853090",8,71,71,7753,0
2008,381,2,752,"H3","853090",8,977,977,89471,0
2008,381,1,392,"H3","8531",1,,18549,6640579,0
2008,381,2,392,"H3","8531",1,,29320,4181810,0
2008,381,2,752,"H3","852691",5,774,2625,1136214,6
2008,381,1,752,"H3","852692",1,,35864,4935217,0
2008,381,1,392,"H3","853110",5,242239,1517,916163,0
2008,381,2,392,"H3","853110",5,7886,9375,854850,0
2008,381,2,752,"H3","852692",1,,1184,318612,0
2008,381,1,392,"H3","8505",8,617934,617934,7616253,0
2008,381,2,392,"H3","8505",8,79661,79661,2008762,0
2008,381,1,752,"H3","8505",8,4805,4805,237419,0
2008,381,2,752,"H3","8505",8,173599,173599,1640025,0
2008,381,1,752,"H3","8527",5,2018,,307387,0
2008,381,1,392,"H3","853180",1,,1829,865461,0
2008,381,2,392,"H3","853180",1,,13728,2112354,0
2008,381,2,752,"H3","8527",5,1578,2902,166784,4
2008,381,1,392,"H3","851632",5,1300,14,13602,2
2008,381,1,392,"H3","853190",8,11658,11658,2468449,0
2008,381,2,392,"H3","853190",8,5852,5852,1126563,0
2008,381,1,752,"H3","851632",5,32,12,335,2
2008,381,2,752,"H3","851632",5,216307,36200,1746129,2
2008,381,1,392,"H3","852719",5,1753,1522,227852,0
2008,381,2,392,"H3","852719",5,2,10,5288,0
2008,381,2,752,"H3","852719",5,10,52,8604,4
2008,381,1,392,"H3","852799",5,3,42,7151,0
2008,381,1,392,"H3","853210",8,245,245,34241,0
2008,381,2,392,"H3","853210",8,4565,4565,105921,0
2008,381,2,392,"H3","852799",5,1,30,6680,0
2008,381,1,752,"H3","852799",5,16,127,2653,4
2008,381,1,392,"H3","853221",8,7391,7391,764596,0
2008,381,2,392,"H3","853221",8,18,18,1506,0
2008,381,1,752,"H3","853221",8,15,15,2097,0
2008,381,2,752,"H3","853221",8,105,105,10766,0
2008,381,1,392,"H3","853222",8,168829,168829,6688376,0
2008,381,2,392,"H3","853222",8,309,309,20725,0
2008,381,1,752,"H3","853222",8,3115,3115,359246,0
2008,381,2,752,"H3","853222",8,1229,1229,49851,0
2008,381,2,752,"H3","852799",5,312,558,28160,4
2008,381,1,392,"H3","8528",5,17953,55971,6985477,0
2008,381,1,392,"H3","853224",8,999,999,69160,0
2008,381,1,752,"H3","853224",8,503,503,776893,0
2008,381,2,752,"H3","853224",8,194,194,11095,0
2008,381,1,392,"H3","853225",8,1927,1927,88400,0
2008,381,2,392,"H3","853225",8,34345,34345,871875,0
2008,381,1,752,"H3","853225",8,369,369,30102,0
2008,381,2,752,"H3","853225",8,46347,46347,706197,0
2008,381,1,392,"H3","853229",8,1563,1563,150796,0
2008,381,2,392,"H3","853229",8,39846,39846,726669,0
2008,381,1,752,"H3","853229",8,48586,48586,634092,0
2008,381,2,752,"H3","853229",8,632,632,40575,0
2008,381,1,392,"H3","853230",8,26,26,34056,0
2008,381,1,752,"H3","853230",8,2,2,295,0
2008,381,1,392,"H3","853290",8,15,15,5497,0
2008,381,2,752,"H3","853290",8,249,249,3681,0
2008,381,1,392,"H3","8533",8,19374,19374,1975139,0
2008,381,2,392,"H3","8533",8,173104,173104,4365588,0
2008,381,2,392,"H3","8528",5,1329,14105,971233,0
2008,381,1,752,"H3","8528",5,9886,,4650571,0
2008,381,1,392,"H3","853310",8,287,287,74535,0
2008,381,2,392,"H3","853310",8,60,60,5039,0
2008,381,1,752,"H3","853310",8,1737,1737,52446,0
2008,381,2,752,"H3","853310",8,66,66,3192,0
2008,381,2,752,"H3","8528",5,7155,,2750251,0
2008,381,1,392,"H3","8525",5,715948,514647,190797652,0
2008,381,2,392,"H3","8525",5,1620,1780,686637,0
2008,381,1,752,"H3","8525",5,6632,33096,4572067,4
2008,381,1,752,"H3","852871",5,1,11,330,4
2008,381,2,752,"H3","852871",5,53,67,4528,4
2008,381,2,752,"H3","8525",5,7292,124581,9980723,4
2008,381,1,392,"H3","853331",8,196,196,77231,0
2008,381,1,752,"H3","853331",8,18,18,1468,0
2008,381,2,752,"H3","853331",8,5,5,388,0
2008,381,1,392,"H3","852550",5,619,849,1461100,0
2008,381,1,392,"H3","8529",8,194036,194036,17256642,0
2008,381,2,392,"H3","8529",8,16692,16692,3550544,0
2008,381,2,392,"H3","852550",5,427,942,313397,0
2008,381,1,392,"H3","853340",8,7645,7645,954209,0
2008,381,2,392,"H3","853340",8,9,9,8927,0
2008,381,1,752,"H3","853340",8,281,281,34376,0
2008,381,2,752,"H3","853340",8,499,499,40357,0
2008,381,1,392,"H3","853390",8,554,554,33247,0
2008,381,2,392,"H3","853390",8,227,227,6901,0
2008,381,1,752,"H3","853390",8,1720,1720,252107,0
2008,381,2,752,"H3","853390",8,2,2,59,0
2008,381,1,392,"H3","8534",8,8800,8800,2081394,0
2008,381,2,392,"H3","8534",8,10869,10869,833456,0
2008,381,1,392,"H3","852910",8,2799,2799,311272,0
2008,381,1,752,"H3","852550",5,316,360,78718,4
2008,381,1,392,"H3","853400",8,8800,8800,2081394,0
2008,381,2,392,"H3","853400",8,10869,10869,833456,0
2008,381,1,752,"H3","853400",8,755,755,400192,0
2008,381,2,752,"H3","853400",8,1558,1558,460226,0
2008,381,1,392,"H3","8535",8,2539,2539,203725,0
2008,381,2,392,"H3","8535",8,4866,4866,490609,0
2008,381,2,752,"H3","852550",5,942,13738,1893967,4
2008,381,1,752,"H3","851490",8,48808,48808,2838039,0
2008,381,2,752,"H3","851490",8,6390,6390,349014,0
2008,381,2,392,"H3","852910",8,1922,1922,647406,0
2008,381,1,752,"H3","852910",8,22663,22663,4223649,0
2008,381,1,392,"H3","853521",8,105,105,9920,0
2008,381,2,392,"H3","853521",8,3972,3972,379311,0
2008,381,1,752,"H3","853521",8,2261,2261,125525,0
2008,381,2,752,"H3","853521",8,93,93,3610,0
2008,381,1,392,"H3","853529",8,55,55,10017,0
2008,381,1,752,"H3","853529",8,162870,162870,4095562,0
2008,381,2,752,"H3","853529",8,857,857,42612,0
2008,381,1,392,"H3","853530",8,143,143,31577,0
2008,381,2,392,"H3","853530",8,373,373,10969,0
2008,381,2,752,"H3","852910",8,148770,148770,5064286,0
2008,381,1,392,"H3","852990",8,191237,191237,16945370,0
2008,381,1,392,"H3","853540",8,221,221,36086,0
2008,381,1,752,"H3","853540",8,19801,19801,599057,0
2008,381,2,752,"H3","853540",8,97960,97960,1901120,0
2008,381,1,752,"H3","8515",1,,332427,13377501,4
2008,381,2,752,"H3","8515",1,,391525,8252744,4
2008,381,2,392,"H3","852990",8,14770,14770,2903138,0
2008,381,1,752,"H3","852990",8,8410,8410,2135673,0
2008,381,2,752,"H3","852990",8,130032,130032,6463367,0
2008,381,1,752,"H3","852691",5,3994,1229,750337,6
2008,381,2,752,"H3","8531",1,,196129,11326164,4
2008,381,1,752,"H3","853110",5,8029,29577,1294075,4
2008,381,1,392,"H3","853610",8,9620,9620,1336849,0
2008,381,2,392,"H3","853610",8,535,535,118110,0
2008,381,2,752,"H3","853110",5,43937,35461,2889350,4
2008,381,1,392,"H3","853120",1,,3545,2390506,0
2008,381,1,392,"H3","853620",8,26196,26196,1983667,0
2008,381,2,392,"H3","853620",8,2752,2752,160855,0
2008,381,2,392,"H3","853120",1,,365,88042,0
2008,381,1,752,"H3","853120",1,,1603,359535,0
2008,381,1,392,"H3","853630",8,45506,45506,2239000,0
2008,381,2,392,"H3","853630",8,5758,5758,566882,0
2008,381,2,752,"H3","853120",1,,150644,7997946,0
2008,381,1,752,"H3","853210",8,49485,49485,1360831,0
2008,381,2,752,"H3","853210",8,8565,8565,484513,0
2008,381,1,392,"H3","853339",8,1406,1406,134242,0
2008,381,2,392,"H3","853339",8,3158,3158,133150,0
2008,381,1,752,"H3","853339",8,6,6,608,0
2008,381,1,392,"H3","853649",8,12224,12224,1603936,0
2008,381,2,392,"H3","853649",8,599,599,76747,0
2008,381,2,752,"H3","853339",8,7,7,373,0
2008,381,1,752,"H3","8534",8,755,755,400192,0
2008,381,1,392,"H3","853650",8,39798,39798,4264585,0
2008,381,2,392,"H3","853650",8,2839,2839,858014,0
2008,381,2,752,"H3","8534",8,1558,1558,460226,0
2008,381,1,752,"H3","8531",1,,52379,4199247,4
2008,381,1,392,"H3","853661",8,212,212,13078,0
2008,381,2,392,"H3","853661",8,9,9,1521,0
2008,381,2,752,"H3","8536",8,595279,595279,24671740,0
2008,381,1,752,"H3","853610",8,5508,5508,572876,0
2008,381,2,752,"H3","853610",8,4951,4951,265039,0
2008,381,1,752,"H3","853620",8,469,469,24159,0
2008,381,2,752,"H3","853620",8,40230,40230,2352010,0
2008,381,2,392,"H3","853510",8,8,8,1478,0
2008,381,1,392,"H3","853670",8,491,491,147002,0
2008,381,2,392,"H3","853670",8,289,289,107920,0
2008,381,1,752,"H3","853670",8,106,106,918,0
2008,381,2,752,"H3","853670",8,205,205,2477,0
2008,381,1,752,"H3","853510",8,9780,9780,1340643,0
2008,381,2,752,"H3","853510",8,298,298,9887,0
2008,381,1,392,"H3","8536",8,915692,915692,56720972,0
2008,381,2,392,"H3","8536",8,164007,164007,9320266,0
2008,381,1,392,"H3","8537",8,178398,178398,13600282,0
2008,381,2,392,"H3","8537",8,9486,9486,370068,0
2008,381,1,752,"H3","8536",8,130110,130110,15268150,0
2008,381,2,752,"H3","853661",8,51939,51939,883868,0
2008,381,1,392,"H3","853710",8,166137,166137,12954257,0
2008,381,2,392,"H3","853710",8,1026,1026,101156,0
2008,381,1,392,"H3","853669",8,3005,3005,726469,0
2008,381,2,392,"H3","853669",8,72950,72950,2111770,0
2008,381,1,752,"H3","853669",8,2489,2489,112573,0
2008,381,2,752,"H3","853669",8,59238,59238,951291,0
2008,381,1,752,"H3","853661",8,1605,1605,17812,0
2008,381,1,752,"H3","851821",5,260,1556,11754,4
2008,381,1,392,"H3","8538",8,31897,31897,3491759,0
2008,381,2,392,"H3","8538",8,23167,23167,1214757,0
2008,381,2,752,"H3","851821",5,283,6080,119340,4
2008,381,1,392,"H3","851981",5,375,2985,545720,0
2008,381,1,392,"H3","853810",8,1017,1017,170731,0
2008,381,2,392,"H3","853810",8,427,427,31820,0
2008,381,2,392,"H3","851981",5,691,3232,126392,0
2008,381,1,392,"H3","8516",1,,166838,3304380,0
2008,381,1,752,"H3","851981",5,696,2460,155958,4
2008,381,2,392,"H3","8516",1,,268314,8293793,0
2008,381,2,752,"H3","851981",5,688,373,21700,4
2008,381,1,392,"H3","853720",8,12261,12261,646025,0
2008,381,1,392,"H3","8539",1,,31730,2414682,0
2008,381,2,392,"H3","8539",1,,62515,36849789,0
2008,381,2,392,"H3","853720",8,8460,8460,268912,0
2008,381,1,752,"H3","853720",8,176886,176886,5856096,0
2008,381,1,392,"H3","853910",5,13243,552,84872,0
2008,381,2,392,"H3","853910",5,834,3958,456898,0
2008,381,1,752,"H3","8516",1,,3975538,21832698,4
2008,381,2,752,"H3","8516",1,,4319877,46825569,4
2008,381,1,392,"H3","853921",5,599130,9070,571106,0
2008,381,2,392,"H3","853921",5,113,140,49872,0
2008,381,1,752,"H3","853921",5,12038,3410,124246,4
2008,381,2,752,"H3","853921",5,44471,1324,50678,4
2008,381,2,752,"H3","851633",5,59,525,12331,4
2008,381,1,392,"H3","853641",8,613915,613915,32367362,0
2008,381,2,392,"H3","853641",8,5259,5259,365586,0
2008,381,1,392,"H3","853223",8,6,6,82342,0
2008,381,1,392,"H3","853929",5,172731,1996,304101,0
2008,381,2,392,"H3","853929",5,1650,716,108126,0
2008,381,1,752,"H3","853929",5,85559,14958,311887,4
2008,381,2,752,"H3","853929",5,26837,851,34429,4
2008,381,1,392,"H3","853931",5,78109,15954,210293,0
2008,381,2,392,"H3","853931",5,763,520,83271,0
2008,381,1,752,"H3","853223",8,116,116,30077,0
2008,381,1,392,"H3","853321",8,991,991,460570,0
2008,381,1,392,"H3","853932",5,9284,1138,317083,0
2008,381,2,392,"H3","853932",5,144,68,18701,0
2008,381,1,752,"H3","853932",5,1719,,35176,0
2008,381,2,752,"H3","853932",5,1129,1492,57407,4
2008,381,1,392,"H3","853939",5,11864,706,525914,0
2008,381,2,392,"H3","853939",5,153,110,25804,0
2008,381,1,752,"H3","853321",8,192,192,11263,0
2008,381,2,752,"H3","852851",5,859,15225,620187,4
2008,381,1,392,"H3","853941",5,10147,55,63328,0
2008,381,2,752,"H3","853941",5,4,24,1340,4
2008,381,1,392,"H3","853949",5,15404,1141,164981,0
2008,381,2,392,"H3","853949",5,401,109,28408,0
2008,381,1,752,"H3","853949",5,3020,,83786,0
2008,381,2,752,"H3","853949",5,2755,3614,92974,4
2008,381,1,392,"H3","853990",8,612,612,141626,0
2008,381,2,392,"H3","853990",8,49021,49021,35889086,0
2008,381,1,392,"H3","852861",5,83,315,130272,0
2008,381,2,752,"H3","853321",8,99,99,5832,0
2008,381,1,392,"H3","8540",1,,1075,829600,0
2008,381,2,392,"H3","8540",1,,1735,284466,0
2008,381,1,752,"H3","8540",1,,1547,53396,4
2008,381,2,752,"H3","8540",1,,233,6672,4
2008,381,2,392,"H3","854011",5,107,16,2408,0
2008,381,1,752,"H3","852861",5,3,20,2649,4
2008,381,1,752,"H3","853641",8,1412,1412,445195,0
2008,381,2,752,"H3","853641",8,1904,1904,120729,0
2008,381,1,752,"H3","853649",8,30418,30418,5272007,0
2008,381,2,752,"H3","853649",8,9001,9001,1348267,0
2008,381,1,392,"H3","854079",5,558,36,9732,0
2008,381,1,392,"H3","854089",5,46,6,3522,0
2008,381,2,392,"H3","854089",5,5975,1190,76423,0
2008,381,1,752,"H3","853650",8,24350,24350,2616687,0
2008,381,2,752,"H3","853650",8,105359,105359,4163186,0
2008,381,1,752,"H3","851440",1,,1829,166507,0
2008,381,1,392,"H3","854099",8,28,28,10845,0
2008,381,2,392,"H3","854099",8,525,525,190037,0
2008,381,2,752,"H3","854099",8,9,9,778,0
2008,381,1,392,"H3","8541",1,,3961976,160219951,0
2008,381,2,392,"H3","8541",1,,4483,1703358,0
2008,381,2,752,"H3","851440",1,,40805,2754458,0
2008,381,1,392,"H3","851490",8,790,790,247658,0
2008,381,1,392,"H3","854110",1,,1038,599054,0
2008,381,2,392,"H3","854110",1,,39,100001,0
2008,381,1,752,"H3","854110",1,,478,532706,0
2008,381,2,752,"H3","854110",1,,7360,980639,0
2008,381,1,392,"H3","854121",1,,636,1611641,0
2008,381,1,752,"H3","854121",1,,145,81273,0
2008,381,2,752,"H3","854121",1,,213,14741,0
2008,381,1,392,"H3","854129",1,,2085,4330776,0
2008,381,2,392,"H3","854129",1,,470,409539,0
2008,381,2,392,"H3","851490",8,1009,1009,52515,0
2008,381,1,392,"H3","853690",8,164725,164725,12039025,0
2008,381,1,392,"H3","854130",1,,94,83404,0
2008,381,2,392,"H3","854130",1,,3109,817374,0
2008,381,1,752,"H3","854130",1,,1043,70939,0
2008,381,2,752,"H3","854130",1,,200,191285,0
2008,381,1,392,"H3","854140",1,,3940582,133288207,0
2008,381,2,392,"H3","854140",1,,360,58718,0
2008,381,1,752,"H3","854140",1,,24609,3366988,0
2008,381,2,752,"H3","854140",1,,4524,1244578,0
2008,381,1,392,"H3","854150",1,,971,1120042,0
2008,381,2,392,"H3","854150",1,,224,132984,0
2008,381,1,752,"H3","854150",1,,13643,2144776,0
2008,381,2,752,"H3","854150",1,,1171,106981,0
2008,381,1,392,"H3","854160",1,,16534,19049076,0
2008,381,2,392,"H3","854160",1,,92,90797,0
2008,381,1,752,"H3","854160",1,,38,12632,0
2008,381,2,752,"H3","854160",1,,156,71590,0
2008,381,1,392,"H3","854190",8,36,36,137751,0
2008,381,2,392,"H3","854190",8,189,189,93945,0
2008,381,2,392,"H3","853690",8,73017,73017,4952861,0
2008,381,1,752,"H3","8530",1,,2807,384831,0
2008,381,1,392,"H3","8542",1,,14941,10677573,0
2008,381,2,392,"H3","8542",1,,1230,1386284,0
2008,381,2,752,"H3","8530",1,,24248,2499123,0
2008,381,2,752,"H3","853720",8,396394,396394,9046214,0
2008,381,1,392,"H3","854231",1,,5745,3818236,0
2008,381,2,392,"H3","854231",1,,17,74184,0
2008,381,1,752,"H3","854231",1,,12357,3026113,0
2008,381,2,752,"H3","854231",1,,4845,275297,0
2008,381,1,752,"H3","8518",1,,90986,2150529,4
2008,381,2,752,"H3","8518",1,,87096,2143691,4
2008,381,1,752,"H3","851810",1,,475,32586,0
2008,381,2,752,"H3","851810",1,,1990,22204,0
2008,381,1,392,"H3","854233",5,269464,98,212505,2
2008,381,2,392,"H3","854233",1,,24,3671,0
2008,381,1,752,"H3","854233",5,40510,37,31947,2
2008,381,2,752,"H3","854233",1,,94,22226,0
2008,381,1,392,"H3","854239",1,,1870,3917042,0
2008,381,2,392,"H3","854239",1,,100,390669,0
2008,381,1,752,"H3","854239",1,,221,242567,0
2008,381,2,752,"H3","854239",1,,2144,5106820,0
2008,381,1,392,"H3","854290",8,4963,4963,1681666,0
2008,381,2,392,"H3","854290",8,514,514,62167,0
2008,381,1,752,"H3","854290",8,6848,6848,944263,0
2008,381,2,752,"H3","854290",8,152,152,20386,0
2008,381,1,392,"H3","8543",1,,32690,6518503,0
2008,381,2,392,"H3","8543",1,,113686,4640478,0
2008,381,1,392,"H3","851821",5,23,411,55066,0
2008,381,2,392,"H3","851821",5,837,9107,377807,0
2008,381,1,392,"H3","854310",1,,552,299376,0
2008,381,2,392,"H3","854310",1,,275,29295,0
2008,381,1,752,"H3","854310",1,,24521,859128,0
2008,381,1,392,"H3","854320",1,,3465,569989,0
2008,381,2,392,"H3","854320",1,,489,108947,0
2008,381,1,752,"H3","8538",8,1792819,1792819,19299090,0
2008,381,2,752,"H3","8538",8,418346,418346,13732493,0
2008,381,1,392,"H3","854330",1,,2222,302593,0
2008,381,2,752,"H3","854330",1,,11390,466934,0
2008,381,1,392,"H3","851822",5,330,333,17326,0
2008,381,2,392,"H3","851822",5,825,19050,848941,0
2008,381,1,752,"H3","851822",5,564,10100,88086,4
2008,381,2,752,"H3","851822",5,3502,36369,1003898,4
2008,381,1,752,"H3","851829",5,5043,20661,166994,4
2008,381,2,752,"H3","851829",5,6468,29952,446901,4
2008,381,1,752,"H3","851890",8,7958,7958,213171,0
2008,381,2,752,"H3","851890",8,6373,6373,146913,0
2008,381,1,752,"H3","853810",8,2048,2048,57835,0
2008,381,2,752,"H3","853810",8,126027,126027,1204572,0
2008,381,1,752,"H3","853890",8,1790771,1790771,19241256,0
2008,381,2,752,"H3","853890",8,292319,292319,12527921,0
2008,381,1,752,"H3","853710",8,46052,46052,5942376,0
2008,381,2,752,"H3","853710",8,60184,60184,5475549,0
2008,381,1,752,"H3","8539",1,,,876234,0
2008,381,2,752,"H3","8539",1,,68054,1039995,4
2008,381,1,392,"H3","854419",8,409,409,18749,0
2008,381,2,392,"H3","854419",8,21001,21001,1018154,0
2008,381,1,752,"H3","853630",8,6141,6141,2545147,0
2008,381,2,752,"H3","853630",8,33383,33383,2243418,0
2008,381,1,392,"H3","853922",5,1253,506,31378,0
2008,381,2,392,"H3","853922",5,1680,7873,189624,0
2008,381,1,392,"H3","8523",1,,132200,12723190,0
2008,381,2,392,"H3","8523",1,,26762,2642672,0
2008,381,1,392,"H3","854430",8,757,757,58516,0
2008,381,2,392,"H3","854430",8,4935,4935,198959,0
2008,381,1,752,"H3","853922",5,1386,137,1113,4
2008,381,2,752,"H3","853922",5,566422,37073,337972,4
2008,381,1,392,"H3","854442",8,22606,22606,1201212,0
2008,381,2,392,"H3","854442",8,19483,19483,197560,0
2008,381,1,752,"H3","8533",8,4005,4005,357531,0
2008,381,2,752,"H3","8533",8,49823,49823,2389861,0
2008,381,1,752,"H3","853939",5,6915,3808,98148,4
2008,381,2,752,"H3","853939",5,168305,2607,62968,4
2008,381,1,752,"H3","852872",5,7866,122143,3506122,4
2008,381,2,752,"H3","852872",5,2613,55725,1875204,4
2008,381,1,752,"H3","8529",8,31073,31073,6359322,0
2008,381,2,752,"H3","8529",8,278802,278802,11527653,0
2008,381,1,752,"H3","8535",8,228750,228750,7132818,0
2008,381,2,752,"H3","8535",8,114186,114186,2171987,0
2008,381,1,392,"H3","854470",8,2848,2848,532395,0
2008,381,2,392,"H3","854470",8,34,34,16809,0
2008,381,1,752,"H3","854470",8,16520,16520,185825,0
2008,381,2,752,"H3","854470",8,27298,27298,579917,0
2008,381,1,392,"H3","8545",8,761541,761541,4163800,0
2008,381,2,392,"H3","8545",8,429,429,21028,0
2008,381,1,752,"H3","854190",8,5,5,1003,0
2008,381,2,752,"H3","854190",8,116,116,5305,0
2008,381,1,392,"H3","854511",8,757971,757971,3767145,0
2008,381,1,752,"H3","853690",8,57612,57612,3660775,0
2008,381,1,392,"H3","854519",8,57,57,8355,0
2008,381,1,752,"H3","854519",8,469,469,2957,0
2008,381,2,752,"H3","854519",8,343,343,1020,0
2008,381,1,392,"H3","854520",8,3513,3513,388300,0
2008,381,2,392,"H3","854520",8,67,67,11741,0
2008,381,1,752,"H3","854520",8,394,394,14773,0
2008,381,2,752,"H3","854520",8,448,448,34497,0
2008,381,1,752,"H3","853530",8,24500,24500,645060,0
2008,381,2,752,"H3","853530",8,14859,14859,210072,0
2008,381,1,392,"H3","853590",8,2015,2015,116125,0
2008,381,1,392,"H3","8546",8,82755,82755,1928225,0
2008,381,2,392,"H3","853590",8,513,513,98851,0
2008,381,1,752,"H3","853590",8,9538,9538,326971,0
2008,381,2,752,"H3","853590",8,119,119,4685,0
2008,381,1,392,"H3","854610",8,1,1,3788,0
2008,381,1,392,"H3","854620",8,43843,43843,423623,0
2008,381,2,752,"H3","853690",8,289069,289069,12341456,0
2008,381,1,752,"H3","8537",8,222938,222938,11798472,0
2008,381,1,392,"H3","854690",8,38911,38911,1500814,0
2008,381,2,392,"H3","854690",8,42579,42579,1186773,0
2008,381,1,752,"H3","8542",1,,20823,5105060,4
2008,381,2,752,"H3","8542",1,,8196,6122528,4
2008,381,1,392,"H3","854232",5,642716,2265,1048124,2
2008,381,2,392,"H3","854232",5,953149,575,855595,2
2008,381,1,752,"H3","854232",5,384738,1360,860169,6
2008,381,1,392,"H3","854710",8,3155,3155,1323286,0
2008,381,1,752,"H3","854710",8,147,147,3926,0
2008,381,2,752,"H3","854710",8,14279,14279,200389,0
2008,381,1,392,"H3","854720",8,27389,27389,1200939,0
2008,381,1,752,"H3","854720",8,50878,50878,743808,0
2008,381,2,752,"H3","854720",8,1933,1933,36821,0
2008,381,2,752,"H3","854232",5,675309,961,697799,6
2008,381,1,752,"H3","852580",5,5747,19295,3747575,4
2008,381,1,392,"H3","8548",8,442,442,204261,0
2008,381,2,392,"H3","8548",8,1342,1342,330525,0
2008,381,2,752,"H3","852580",5,5596,109110,7647734,4
2008,381,1,752,"H3","8526",1,,38225,5862700,4
2008,381,2,752,"H3","8526",1,,4347,1560525,4
2008,381,1,392,"H3","854890",8,419,419,202251,0
2008,381,2,392,"H3","854890",8,1342,1342,330525,0
2008,381,2,752,"H3","8537",8,456578,456578,14521763,0
2008,381,2,752,"H3","854320",1,,28,4899,0
2008,381,1,392,"H3","86",1,,,1706951,0
2008,381,2,392,"H3","86",1,,,22972276,0
2008,381,1,392,"H3","854370",1,,13648,2737829,0
2008,381,2,392,"H3","854370",1,,41216,1377014,0
2008,381,1,752,"H3","8602",1,,418000,3758653,0
2008,381,1,752,"H3","860290",5,14,418000,3758653,2
2008,381,1,752,"H3","854370",1,,36590,2870458,0
2008,381,2,752,"H3","854370",1,,16924,1025592,4
2008,381,1,392,"H3","8604",5,10,326000,1627568,0
2008,381,2,392,"H3","8604",5,9,328122,15001459,0
2008,381,1,392,"H3","860400",5,10,326000,1627568,0
2008,381,2,392,"H3","860400",5,9,328122,15001459,0
2008,381,1,392,"H3","8607",8,215,215,54901,0
2008,381,2,392,"H3","8607",8,120354,120354,7740235,0
2008,381,1,392,"H3","854390",8,12803,12803,2608716,0
2008,381,2,392,"H3","854390",8,71706,71706,3125223,0
2008,381,2,392,"H3","860719",8,26,26,12208,0
2008,381,1,752,"H3","860719",8,4708,4708,39332591,0
2008,381,2,752,"H3","860719",8,8716283,8716283,16570434,0
2008,381,2,392,"H3","860721",8,105456,105456,7111962,0
2008,381,1,752,"H3","860721",8,1984,1984,99957,0
2008,381,2,752,"H3","860721",8,20859,20859,278435,0
2008,381,2,392,"H3","860729",8,126,126,14935,0
2008,381,1,752,"H3","860729",8,53,53,4001,0
2008,381,2,752,"H3","860729",8,11052,11052,24089,0
2008,381,1,392,"H3","860730",8,150,150,3430,0
2008,381,1,752,"H3","860730",8,87106,87106,6908475,0
2008,381,2,752,"H3","860730",8,201,201,3697,0
2008,381,2,392,"H3","860791",8,920,920,5023,0
2008,381,1,752,"H3","860791",8,9958,9958,455033,0
2008,381,2,752,"H3","860791",8,15,15,423,0
2008,381,1,392,"H3","860799",8,65,65,51471,0
2008,381,2,392,"H3","860799",8,13826,13826,596107,0
2008,381,1,752,"H3","860799",8,108191,108191,4372524,0
2008,381,2,752,"H3","860799",8,6513,6513,442954,0
2008,381,2,392,"H3","8608",8,140,140,11183,0
2008,381,1,752,"H3","8608",8,2651,2651,39651,0
2008,381,2,752,"H3","8608",8,74267,74267,2709537,0
2008,381,1,752,"H3","854390",8,15709,15709,793222,0
2008,381,2,752,"H3","854390",8,10082,10082,280628,0
2008,381,1,392,"H3","8544",8,39706,39706,3181712,0
2008,381,1,392,"H3","8609",5,3,15360,24482,0
2008,381,2,392,"H3","8609",5,8,27460,219398,0
2008,381,2,392,"H3","8544",8,70931,70931,2158649,0
2008,381,1,392,"H3","860900",5,3,15360,24482,0
2008,381,2,392,"H3","860900",5,8,27460,219398,0
2008,381,1,752,"H3","8544",8,4587181,4587181,25633035,0
2008,381,2,752,"H3","8544",8,2906829,2906829,28452376,0
2008,381,1,392,"H3","854411",8,503,503,113618,0
2008,381,2,392,"H3","854411",8,862,862,33341,0
2008,381,1,752,"H3","854411",8,3866348,3866348,18364605,0
2008,381,2,752,"H3","854411",8,65361,65361,648202,0
2008,381,1,752,"H3","854419",8,591044,591044,1795107,0
2008,381,2,752,"H3","854419",8,12753,12753,130429,0
2008,381,1,392,"H3","854420",8,3306,3306,238717,0
2008,381,1,392,"H3","870110",5,1284,89037,1154600,0
2008,381,1,752,"H3","870110",5,1,56,703,4
2008,381,2,752,"H3","870110",5,21,2932,35103,4
2008,381,1,752,"H3","870120",5,2014,24097229,228485262,4
2008,381,2,752,"H3","870120",5,6,156938,429670,4
2008,381,1,392,"H3","870130",5,3,3000,23609,0
2008,381,2,392,"H3","870130",5,10,44225,599174,0
2008,381,1,752,"H3","870130",5,1,6281,86637,4
2008,381,2,752,"H3","870130",5,12,196241,3241732,4
2008,381,2,392,"H3","854420",8,3161,3161,83115,0
2008,381,1,752,"H3","854420",8,5842,5842,217658,0
2008,381,2,752,"H3","854420",8,84661,84661,847290,0
2008,381,1,752,"H3","854430",8,3352,3352,248790,0
2008,381,2,392,"H3","8702",5,3,2655,54008,0
2008,381,1,752,"H3","8702",5,388,5817757,56573718,4
2008,381,2,752,"H3","8702",5,24,214110,1652893,4
2008,381,2,752,"H3","854430",8,11871,11871,216518,0
2008,381,1,752,"H3","854442",8,24414,24414,980063,0
2008,381,2,752,"H3","854442",8,110867,110867,3012871,0
2008,381,1,392,"H3","854449",8,8466,8466,977743,0
2008,381,2,392,"H3","854449",8,17052,17052,281782,0
2008,381,1,752,"H3","853990",8,971,971,23610,0
2008,381,2,752,"H3","853990",8,35,35,1070,0
2008,381,1,392,"H3","854020",5,10946,432,764800,0
2008,381,2,392,"H3","854020",5,16,4,15598,0
2008,381,2,752,"H3","854020",5,1,63,2936,4
2008,381,1,392,"H3","854460",8,811,811,40761,0
2008,381,2,392,"H3","854460",8,4403,4403,328928,0
2008,381,1,752,"H3","8545",8,1217,1217,46953,0
2008,381,2,752,"H3","8545",8,2010,2010,40964,0
2008,381,2,392,"H3","8546",8,42579,42579,1186773,0
2008,381,1,752,"H3","854620",8,12856,12856,200526,0
2008,381,2,752,"H3","854620",8,194568,194568,1560612,0
2008,381,1,752,"H3","854690",8,2970,2970,47837,0
2008,381,2,752,"H3","854690",8,47651,47651,808166,0
2008,381,1,752,"H3","8543",1,,76953,4560538,0
2008,381,2,752,"H3","8543",1,,38424,1778054,4
2008,381,1,392,"H3","870324",5,1622,3176677,77852025,0
2008,381,2,392,"H3","870324",5,1369,2274460,196777725,0
2008,381,1,752,"H3","854320",1,,133,37731,0
2008,381,1,752,"H3","86",1,,,54970888,0
2008,381,2,752,"H3","86",1,,,97468116,0
2008,381,1,752,"H3","8607",8,212000,212000,51172583,0
2008,381,1,392,"H3","870332",5,21556,34194023,525343218,0
2008,381,2,392,"H3","870332",5,27,34020,1072711,0
2008,381,2,752,"H3","8607",8,8754923,8754923,17320031,0
2008,381,2,752,"H3","860900",5,119,16302,52415,4
2008,381,1,392,"H3","870333",5,2099,4111262,80215907,0
2008,381,2,392,"H3","870333",5,2,3350,106439,0
2008,381,1,752,"H3","870333",5,1,583,10278,4
2008,381,2,752,"H3","870333",5,72,151298,2458382,4
2008,381,1,392,"H3","870390",5,44,11833,313284,0
2008,381,2,392,"H3","870390",5,23,14580,500575,0
2008,381,1,752,"H3","87",1,,,595311110,0
2008,381,2,752,"H3","87",1,,,460958699,0
2008,381,1,392,"H3","8701",5,2532,879866,6037350,0
2008,381,2,392,"H3","8701",5,418,1607572,18186146,0
2008,381,1,752,"H3","8701",5,2150,24131829,228803520,4
2008,381,2,752,"H3","8701",5,1459,4148382,35408299,4
2008,381,1,392,"H3","8703",5,63248,84936062,1246503903,0
2008,381,1,392,"H3","870421",5,34,79036,716053,0
2008,381,2,392,"H3","870421",5,2,5410,54544,0
2008,381,2,392,"H3","8703",5,7618,8066297,291566578,0
2008,381,1,752,"H3","8703",5,3880,8565145,112870231,4
2008,381,1,392,"H3","870422",5,12,60179,495817,0
2008,381,1,752,"H3","852841",5,6,,1227,0
2008,381,2,752,"H3","852841",5,1,70,645,4
2008,381,2,752,"H3","8703",5,2200,,72191742,0
2008,381,1,752,"H3","854129",1,,74,27575,0
2008,381,1,392,"H3","870431",5,2,3585,33536,0
2008,381,2,752,"H3","870431",5,33,61319,460849,4
2008,381,1,392,"H3","870490",5,1,3460,46364,0
2008,381,1,392,"H3","8705",5,5,21600,77899,0
2008,381,2,392,"H3","8705",5,98,325404,7708833,0
2008,381,2,752,"H3","854129",1,,340,45855,0
2008,381,1,752,"H3","854890",8,166,166,127263,0
2008,381,2,752,"H3","854890",8,17694,17694,2566207,0
2008,381,1,752,"H3","8704",5,940,19138979,104474203,4
2008,381,2,752,"H3","8704",5,2293,6538217,57265328,4
2008,381,1,392,"H3","870590",5,4,17700,63470,0
2008,381,2,392,"H3","870590",5,96,217532,5568191,0
2008,381,1,392,"H3","852713",5,8,70,10313,0
2008,381,1,752,"H3","852713",5,155,597,11119,4
2008,381,2,752,"H3","852713",5,61,47,10799,4
2008,381,1,392,"H3","853329",8,8295,8295,241105,0
2008,381,2,392,"H3","853329",8,169650,169650,4211572,0
2008,381,1,752,"H3","853329",8,51,51,5262,0
2008,381,2,752,"H3","853329",8,49145,49145,2339661,0
2008,381,1,392,"H3","854091",8,46,46,3759,0
2008,381,1,392,"H3","8707",5,4149,2781114,18105693,0
2008,381,2,392,"H3","8707",5,43,6532,460153,0
2008,381,2,752,"H3","870322",5,59,,841749,0
2008,381,2,392,"H3","870710",5,8,2811,416113,0
2008,381,2,752,"H3","870710",5,1,3,44,4
2008,381,1,392,"H3","870190",5,1245,787829,4859142,0
2008,381,2,392,"H3","870190",5,408,1563347,17586971,0
2008,381,1,752,"H3","870190",5,134,28263,230918,4
2008,381,2,752,"H3","870190",5,1420,3792272,31701794,4
2008,381,1,752,"H3","8705",5,7,34381,367737,4
2008,381,2,752,"H3","8705",5,274,1862022,20188647,4
2008,381,1,752,"H3","870323",5,2034,4961897,58128492,4
2008,381,1,392,"H3","870810",8,21964,21964,426646,0
2008,381,2,392,"H3","870810",8,16161,16161,180848,0
2008,381,1,752,"H3","870810",8,28088,28088,485342,0
2008,381,2,752,"H3","870810",8,10185,10185,346624,0
2008,381,1,392,"H3","870821",8,2151,2151,83261,0
2008,381,2,392,"H3","870821",8,6017,6017,127816,0
2008,381,1,752,"H3","870821",8,15371,15371,203251,6
2008,381,2,752,"H3","870821",8,25676,25676,246231,6
2008,381,2,752,"H3","870323",5,120,239866,2849936,4
2008,381,1,752,"H3","870332",5,1824,3580324,54529141,4
2008,381,2,752,"H3","870332",5,688,1912994,24832278,4
2008,381,2,392,"H3","870331",5,8,4650,255482,0
2008,381,2,752,"H3","870331",5,23,,306344,0
2008,381,1,752,"H3","870590",5,7,34381,367737,4
2008,381,2,752,"H3","870590",5,262,1555882,17820735,4
2008,381,1,752,"H3","854089",5,2,7,1260,4
2008,381,1,392,"H3","870840",8,1803059,1803059,32445745,0
2008,381,2,392,"H3","870840",8,6084,6084,235004,0
2008,381,1,752,"H3","870840",8,132056,132056,6126674,0
2008,381,2,752,"H3","870840",8,147718,147718,3192419,0
2008,381,1,392,"H3","870850",8,1435930,1435930,4894772,0
2008,381,2,392,"H3","870850",8,39182,39182,830029,0
2008,381,2,752,"H3","854089",5,12,160,2957,4
2008,381,1,392,"H3","870331",5,2788,3296412,31766148,0
2008,381,1,392,"H3","870830",8,85015,85015,1590606,0
2008,381,2,392,"H3","870870",8,501453,501453,4733310,0
2008,381,1,752,"H3","870870",8,96960,96960,1061464,0
2008,381,2,752,"H3","870870",8,1095956,1095956,6054321,0
2008,381,1,392,"H3","870880",8,19864,19864,322908,0
2008,381,2,392,"H3","870880",8,16086,16086,87994,0
2008,381,2,392,"H3","870830",8,2949375,2949375,56735803,0
2008,381,2,752,"H3","8603",5,33,1417290,77298588,4
2008,381,1,392,"H3","870891",8,192393,192393,4481487,0
2008,381,2,392,"H3","870891",8,45728,45728,963086,0
2008,381,1,752,"H3","870891",8,671224,671224,8417148,0
2008,381,2,752,"H3","870891",8,9598,9598,222069,0
2008,381,1,392,"H3","870892",8,43620,43620,1123190,0
2008,381,2,392,"H3","870892",8,14225,14225,447418,0
2008,381,1,752,"H3","870892",8,10946,10946,687907,0
2008,381,2,752,"H3","870892",8,437040,437040,4807216,0
2008,381,1,392,"H3","870893",8,68272,68272,1530008,0
2008,381,2,392,"H3","870893",8,338680,338680,5005900,0
2008,381,1,752,"H3","870829",8,683901,683901,7114142,0
2008,381,2,752,"H3","870829",8,2680323,2680323,39108390,0
2008,381,1,392,"H3","870894",8,86357,86357,1049146,0
2008,381,2,392,"H3","870894",8,157322,157322,5782611,0
2008,381,2,392,"H3","860800",8,140,140,11183,0
2008,381,1,752,"H3","860800",8,2651,2651,39651,0
2008,381,1,392,"H3","870895",8,632,632,410328,0
2008,381,2,392,"H3","870895",8,214,214,12232,0
2008,381,1,752,"H3","870895",8,52,52,1013,0
2008,381,2,752,"H3","870895",8,818,818,7984,6
2008,381,1,392,"H3","870899",8,4377951,4377951,90497883,0
2008,381,2,392,"H3","870899",8,17645866,17645866,122333525,0
2008,381,2,752,"H3","860800",8,74267,74267,2709537,0
2008,381,2,752,"H3","8609",5,119,16302,52415,4
2008,381,1,392,"H3","87",1,,,2053137611,0
2008,381,1,392,"H3","853890",8,30880,30880,3321029,0
2008,381,2,392,"H3","853890",8,22740,22740,1182937,0
2008,381,2,392,"H3","87",1,,,612659039,0
2008,381,2,752,"H3","870510",5,12,306140,2367913,4
2008,381,1,392,"H3","870919",5,1879,307402,2998255,0
2008,381,2,392,"H3","870919",5,7,1717,18373,0
2008,381,2,752,"H3","870919",5,4,480,5667,4
2008,381,1,392,"H3","870990",8,1106,1106,34299,0
2008,381,2,392,"H3","870990",8,1489,1489,104062,0
2008,381,2,752,"H3","870990",8,170,170,1094,0
2008,381,1,752,"H3","870830",8,500700,500700,6541167,0
2008,381,1,392,"H3","870410",5,1,2100,9021,0
2008,381,1,752,"H3","870410",5,40,1340391,10453687,4
2008,381,1,752,"H3","853910",5,11489,8362,159167,4
2008,381,2,752,"H3","870410",5,106,116339,788211,4
2008,381,2,392,"H3","870790",5,35,3721,44040,0
2008,381,2,752,"H3","853910",5,11506,9563,243836,4
2008,381,1,392,"H3","871120",5,7297,1017323,35488991,0
2008,381,2,392,"H3","871120",5,2390,433153,11145934,0
2008,381,2,752,"H3","870790",5,252,103851,989054,4
2008,381,1,752,"H3","853180",1,,1353,254568,0
2008,381,2,752,"H3","853180",1,,823,49781,0
2008,381,2,752,"H3","870830",8,7205683,7205683,38592375,0
2008,381,2,392,"H3","8706",5,6,3540,100673,0
2008,381,1,392,"H3","871140",5,29621,6429043,197663381,0
2008,381,2,392,"H3","871140",5,1818,292115,9901766,0
2008,381,2,752,"H3","871140",5,404,83616,2812523,4
2008,381,1,392,"H3","871150",5,11070,2856729,92374380,0
2008,381,2,392,"H3","871150",5,2182,403563,26578897,0
2008,381,2,752,"H3","871150",5,678,144499,8560682,4
2008,381,1,392,"H3","871190",5,2059,4374,313154,0
2008,381,2,392,"H3","871190",5,287,58112,3320811,0
2008,381,2,752,"H3","871190",5,17,182,10747,4
2008,381,1,392,"H3","8712",5,3,35,2189,0
2008,381,2,392,"H3","8712",5,1454,19693,1588139,0
2008,381,1,752,"H3","853190",8,19846,19846,2291070,0
2008,381,1,392,"H3","871200",5,3,35,2189,0
2008,381,2,392,"H3","871200",5,1454,19693,1588139,0
2008,381,2,752,"H3","871200",5,1605,85913,1400893,4
2008,381,1,392,"H3","8713",5,3,79,2094,0
2008,381,2,392,"H3","8713",5,1,14,6350,0
2008,381,1,752,"H3","8713",5,1636,205551,1515829,4
2008,381,2,752,"H3","8713",5,8,281,7268,4
2008,381,1,392,"H3","871310",5,3,79,2094,0
2008,381,1,752,"H3","871310",5,1604,194629,1377571,4
2008,381,2,752,"H3","871310",5,8,281,7268,4
2008,381,2,392,"H3","871390",5,1,14,6350,0
2008,381,1,752,"H3","871390",5,32,10922,138258,4
2008,381,2,752,"H3","853190",8,9201,9201,389087,0
2008,381,1,392,"H3","8532",8,181001,181001,7917464,0
2008,381,1,392,"H3","8708",8,9675422,9675422,146745633,0
2008,381,2,392,"H3","8708",8,21779942,21779942,198867897,0
2008,381,1,392,"H3","871411",1,,25,5512,0
2008,381,2,392,"H3","871411",8,1973,1973,196860,0
2008,381,2,392,"H3","870210",5,3,2655,54008,0
2008,381,1,392,"H3","871419",8,2760626,2760626,97753178,0
2008,381,2,392,"H3","871419",8,327290,327290,18250140,0
2008,381,1,752,"H3","8706",5,47,253086,2457246,4
2008,381,2,392,"H3","8532",8,79083,79083,1726696,0
2008,381,2,392,"H3","871420",8,127,127,14171,0
2008,381,1,752,"H3","871420",8,15467,15467,601330,0
2008,381,2,752,"H3","871420",8,44541,44541,822926,0
2008,381,1,752,"H3","8532",8,102191,102191,3193632,0
2008,381,2,752,"H3","8532",8,57321,57321,1306680,0
2008,381,1,752,"H3","870210",5,388,5817757,56573718,4
2008,381,2,752,"H3","870210",5,24,214110,1652893,4
2008,381,1,752,"H3","853931",5,7639,3112,39101,4
2008,381,2,752,"H3","853931",5,67192,11470,157320,4
2008,381,1,752,"H3","870421",5,1,3224,31348,4
2008,381,1,392,"H3","871493",8,26618,26618,2365870,0
2008,381,2,392,"H3","871493",8,841,841,188854,0
2008,381,2,752,"H3","870421",5,1998,5411641,46634606,4
2008,381,1,392,"H3","871494",8,25363,25363,3300201,0
2008,381,2,392,"H3","871494",8,1492,1492,102108,0
2008,381,1,752,"H3","871494",8,120,120,7014,0
2008,381,2,752,"H3","871494",8,2271,2271,83168,6
2008,381,1,752,"H3","870422",5,405,7716961,43718333,4
2008,381,1,752,"H3","854449",8,71175,71175,3748412,0
2008,381,2,752,"H3","870422",5,156,948918,9381662,4
2008,381,1,392,"H3","870423",5,1,15000,106231,0
2008,381,1,752,"H3","870423",5,494,10078403,50270834,4
2008,381,1,392,"H3","870310",5,169,71337,1190282,0
2008,381,1,752,"H3","852351",5,233,364,109520,4
2008,381,1,392,"H3","871499",8,192241,192241,15744890,0
2008,381,2,392,"H3","871499",8,104916,104916,13442585,0
2008,381,2,752,"H3","852351",5,72,3,1599,4
2008,381,2,392,"H3","870310",5,158,12481,489259,0
2008,381,1,392,"H3","8715",8,7734,7734,148129,0
2008,381,2,392,"H3","8715",8,23183,23183,404329,0
2008,381,1,752,"H3","8715",8,29374,29374,383277,6
2008,381,2,752,"H3","8715",8,2509,2509,38762,6
2008,381,1,392,"H3","871500",8,7734,7734,148129,0
2008,381,2,392,"H3","871500",8,23183,23183,404329,0
2008,381,2,752,"H3","8706",5,345,2160,23440,4
2008,381,2,392,"H3","870600",5,6,3540,100673,0
2008,381,1,392,"H3","8716",1,,14260,34680,0
2008,381,2,392,"H3","8716",1,,194416,1914745,0
2008,381,2,752,"H3","870310",5,3,654,19319,4
2008,381,1,752,"H3","870600",5,47,253086,2457246,4
2008,381,1,752,"H3","871610",5,1,240,1973,4
2008,381,2,752,"H3","871610",5,1,17,95,4
2008,381,2,392,"H3","871620",5,37,57002,364417,0
2008,381,1,752,"H3","871620",5,66,11877,61187,4
2008,381,2,752,"H3","870600",5,345,2160,23440,4
2008,381,2,752,"H3","854449",8,2278652,2278652,20007664,0
2008,381,1,392,"H3","870321",5,3399,2868956,30749654,0
2008,381,1,392,"H3","854071",5,131,527,36942,0
2008,381,2,392,"H3","870321",5,226,36417,1292300,0
2008,381,1,392,"H3","871680",1,,9760,18207,0
2008,381,2,392,"H3","871680",5,18,294,3160,2
2008,381,1,752,"H3","871680",1,,157041,910514,0
2008,381,2,752,"H3","871680",5,4387,102300,759332,2
2008,381,1,752,"H3","854071",5,157,1540,52136,4
2008,381,1,752,"H3","870321",5,21,22341,202320,4
2008,381,1,752,"H3","854460",8,8486,8486,92576,0
2008,381,2,752,"H3","8707",5,253,103854,989098,4
2008,381,2,752,"H3","854460",8,315366,315366,3009484,0
2008,381,1,752,"H3","8541",1,,40035,6237892,0
2008,381,2,752,"H3","8541",1,,14080,2660972,0
2008,381,1,752,"H3","8708",8,3928798,3928798,73445317,6
2008,381,2,392,"H3","8801",5,29,831,183054,0
2008,381,2,752,"H3","8801",5,3,97,15249,4
2008,381,2,392,"H3","880100",5,29,831,183054,0
2008,381,2,752,"H3","880100",5,3,97,15249,4
2008,381,1,392,"H3","8802",5,1,300,18625,0
2008,381,2,392,"H3","8802",5,18,41802,102465494,0
2008,381,2,752,"H3","8708",8,33136205,33136205,233983822,6
2008,381,2,752,"H3","870321",5,1087,892718,8754516,4
2008,381,1,392,"H3","880211",5,1,300,18625,0
2008,381,2,392,"H3","880211",5,2,2275,5181910,0
2008,381,1,752,"H3","880211",5,1,3350,2334595,4
2008,381,2,752,"H3","880211",5,4,15770,33660810,4
2008,381,2,392,"H3","880212",5,11,39344,97265464,0
2008,381,2,752,"H3","880212",5,5,18903,41011752,4
2008,381,2,392,"H3","880220",5,5,183,18121,0
2008,381,1,752,"H3","880220",5,1,248,151969,4
2008,381,2,752,"H3","880220",5,7,92,26391,4
2008,381,1,392,"H3","870322",5,23949,26001609,331134020,0
2008,381,2,752,"H3","854511",8,1178,1178,3422,0
2008,381,2,392,"H3","854590",8,362,362,9286,0
2008,381,1,752,"H3","854590",8,354,354,29224,0
2008,381,2,752,"H3","854590",8,41,41,2025,0
2008,381,2,392,"H3","870322",5,4530,3946593,57506694,0
2008,381,1,392,"H3","880320",8,1790,1790,98354,0
2008,381,2,392,"H3","880320",8,425,425,135332,0
2008,381,1,392,"H3","880330",8,8838,8838,3307429,0
2008,381,2,392,"H3","880330",8,22734,22734,21815481,0
2008,381,1,752,"H3","8546",8,15826,15826,248363,0
2008,381,2,752,"H3","8546",8,242219,242219,2368777,0
2008,381,1,392,"H3","880390",8,2073,2073,1192138,0
2008,381,2,392,"H3","880390",8,1768,1768,1342431,0
2008,381,1,752,"H3","880390",8,67,67,212235,0
2008,381,2,752,"H3","880390",8,132,132,56701,0
2008,381,2,392,"H3","8804",8,1420,1420,175469,0
2008,381,2,752,"H3","8804",8,468,468,47071,0
2008,381,2,392,"H3","880400",8,1420,1420,175469,0
2008,381,2,752,"H3","880400",8,468,468,47071,0
2008,381,1,392,"H3","8805",8,100,100,76375,0
2008,381,2,752,"H3","8805",8,1070,1070,135705,0
2008,381,1,392,"H3","880521",8,15,15,6215,0
2008,381,1,392,"H3","880529",8,85,85,70160,0
2008,381,2,752,"H3","880529",8,1070,1070,135705,0
2008,381,1,392,"H3","870790",5,4149,2781114,18105693,0
2008,381,1,392,"H3","870323",5,7622,11203953,167939365,0
2008,381,2,392,"H3","870323",5,1275,1739746,33565393,0
2008,381,1,392,"H3","870829",8,855598,855598,3717240,0
2008,381,1,392,"H3","8547",8,30544,30544,2524226,0
2008,381,1,752,"H3","8547",8,52624,52624,797205,0
2008,381,2,752,"H3","8547",8,18549,18549,261217,0
2008,381,1,752,"H3","854790",8,1599,1599,49471,0
2008,381,2,752,"H3","854790",8,2337,2337,24007,0
2008,381,1,752,"H3","8548",8,166,166,127263,0
2008,381,1,392,"H3","8903",5,94,20022,472399,0
2008,381,2,392,"H3","8903",5,42,8329,348099,0
2008,381,2,752,"H3","8548",8,17694,17694,2566207,0
2008,381,1,392,"H3","870510",5,1,3900,14429,0
2008,381,2,392,"H3","890310",5,30,49,2100,0
2008,381,2,752,"H3","890310",5,68,33173,820290,4
2008,381,2,392,"H3","890391",5,4,8050,264808,0
2008,381,1,752,"H3","890391",5,6,200244,4382899,4
2008,381,2,752,"H3","890391",5,6,39914,1087669,4
2008,381,1,392,"H3","890392",5,94,20022,472399,0
2008,381,2,392,"H3","870829",8,43549,43549,1392323,0
2008,381,2,752,"H3","870324",5,148,377773,32129219,4
2008,381,2,392,"H3","890399",5,8,230,81192,0
2008,381,1,752,"H3","890399",5,18,1561,36318,4
2008,381,2,752,"H3","890399",5,16,1104,64061,4
2008,381,1,752,"H3","8905",5,1,211163,114087,4
2008,381,1,392,"H3","870870",8,682616,682616,4172413,0
2008,381,2,392,"H3","870510",5,2,107872,2140642,0
2008,381,1,752,"H3","870880",8,50401,50401,1003209,0
2008,381,2,752,"H3","870880",8,25235,25235,445867,0
2008,381,1,752,"H3","870893",8,26255,26255,569086,0
2008,381,1,392,"H3","8907",1,,453,30215,0
2008,381,2,392,"H3","8907",1,,22496,805383,0
2008,381,2,752,"H3","860310",5,33,1417290,77298588,4
2008,381,2,752,"H3","870893",8,10258,10258,164856,0
2008,381,1,392,"H3","890710",5,3,280,8777,2
2008,381,2,392,"H3","890710",1,,458,12163,0
2008,381,1,752,"H3","890710",5,3,11,9625,2
2008,381,1,392,"H3","890790",1,,173,21437,0
2008,381,2,392,"H3","890790",1,,22038,793221,0
2008,381,1,752,"H3","890790",1,,5003,375296,0
2008,381,2,752,"H3","890790",1,,1884,26049,0
2008,381,2,392,"H3","8908",1,,84,10449,0
2008,381,2,752,"H3","8908",1,,534,162,0
2008,381,2,392,"H3","890800",1,,84,10449,0
2008,381,1,752,"H3","870894",8,42586,42586,1188523,0
2008,381,2,752,"H3","870894",8,53657,53657,872477,0
2008,381,1,752,"H3","870899",8,1303223,1303223,27079898,0
2008,381,2,752,"H3","870899",8,18617658,18617658,128725674,0
2008,381,1,392,"H3","8709",1,,312690,3064043,0
2008,381,1,392,"H3","8704",5,51,163360,1407022,0
2008,381,2,392,"H3","8709",1,,3206,122435,0
2008,381,2,752,"H3","8709",1,,3342,48533,4
2008,381,2,392,"H3","8704",5,2,5410,54544,0
2008,381,1,392,"H3","8711",5,82967,18100412,509864920,0
2008,381,2,392,"H3","8711",5,6949,1229718,52437557,0
2008,381,1,752,"H3","8711",5,1,98,2202,4
2008,381,2,752,"H3","8711",5,1571,314604,13271993,4
2008,381,1,392,"H3","900120",8,1352,1352,223494,0
2008,381,2,392,"H3","900120",8,37,37,11738,0
2008,381,2,392,"H3","900130",5,27328,603,350139,0
2008,381,2,752,"H3","900130",5,410500,11607,1082723,4
2008,381,1,392,"H3","900140",5,15142,417,119890,0
2008,381,2,392,"H3","900140",5,116238,5515,767018,0
2008,381,2,752,"H3","900140",5,6399,506,42447,4
2008,381,1,392,"H3","900150",5,3775392,85533,19049886,0
2008,381,2,392,"H3","900150",5,150881,2865,699423,0
2008,381,1,752,"H3","900150",5,2021,591,55535,4
2008,381,2,752,"H3","900150",5,174547,7988,803036,4
2008,381,1,392,"H3","900190",8,12410,12410,617424,0
2008,381,2,392,"H3","900190",8,87,87,50107,0
2008,381,1,752,"H3","900190",8,33,33,19558,0
2008,381,2,752,"H3","900190",8,84,84,36222,0
2008,381,1,392,"H3","9002",8,35680,35680,17982448,0
2008,381,2,392,"H3","9002",8,1599,1599,982785,6
2008,381,1,752,"H3","9002",8,2290,2290,989737,6
2008,381,2,752,"H3","9002",8,11426,11426,521870,6
2008,381,1,392,"H3","900211",8,31986,31986,16378733,0
2008,381,2,392,"H3","900211",8,786,786,309132,6
2008,381,1,752,"H3","900211",8,965,965,367975,6
2008,381,2,752,"H3","900211",8,707,707,282374,6
2008,381,1,392,"H3","900219",8,1830,1830,837792,0
2008,381,2,392,"H3","900219",8,153,153,44169,6
2008,381,1,752,"H3","900219",8,166,166,52744,6
2008,381,2,752,"H3","900219",8,305,305,119195,6
2008,381,1,392,"H3","900220",8,466,466,100352,0
2008,381,2,392,"H3","900220",8,86,86,14860,0
2008,381,1,752,"H3","900220",8,72,72,29184,6
2008,381,2,752,"H3","900220",8,10174,10174,73478,6
2008,381,1,392,"H3","900290",8,1398,1398,665571,0
2008,381,1,392,"H3","871110",5,34,1600,26559,0
2008,381,2,392,"H3","871110",5,247,38459,1272805,0
2008,381,2,752,"H3","871110",5,180,36419,409269,4
2008,381,1,392,"H3","871130",5,32886,7791343,183998455,0
2008,381,2,392,"H3","871130",5,25,4316,217343,0
2008,381,1,752,"H3","871130",5,1,98,2202,4
2008,381,2,752,"H3","871130",5,141,21232,806093,4
2008,381,2,752,"H3","8712",5,1605,85913,1400893,4
2008,381,1,392,"H3","8714",1,,3027209,121144056,0
2008,381,2,392,"H3","8714",1,,512773,39186652,0
2008,381,1,752,"H3","8714",1,,125601,12032989,4
2008,381,2,752,"H3","8714",1,,419397,10752039,4
2008,381,2,752,"H3","871411",8,100,100,3265,6
2008,381,1,752,"H3","871419",8,101041,101041,10937170,0
2008,381,2,752,"H3","871419",8,108564,108564,3712572,0
2008,381,1,392,"H3","871491",8,10436,10436,1350471,0
2008,381,2,392,"H3","871491",8,28159,28159,3329727,0
2008,381,1,752,"H3","871491",8,2537,2537,280154,6
2008,381,2,752,"H3","871491",8,13195,13195,551334,6
2008,381,1,392,"H3","871492",8,7633,7633,186123,0
2008,381,2,392,"H3","871492",8,16874,16874,662856,0
2008,381,2,752,"H3","871492",8,6730,6730,98171,6
2008,381,1,752,"H3","871499",8,6325,6325,206045,6
2008,381,2,752,"H3","871499",8,82767,82767,3088224,6
2008,381,1,752,"H3","8716",1,,203710,1613522,4
2008,381,2,752,"H3","8716",1,,2249888,11231139,4
2008,381,1,752,"H3","871639",5,62,2387,11870,4
2008,381,2,752,"H3","871639",5,56,1025202,4145174,4
2008,381,1,392,"H3","871690",8,4500,4500,16473,0
2008,381,2,392,"H3","871690",8,136087,136087,1403316,0
2008,381,1,752,"H3","870850",8,367035,367035,12966493,0
2008,381,1,752,"H3","871690",8,31673,31673,624031,0
2008,381,2,752,"H3","871690",8,1023935,1023935,5530527,0
2008,381,2,752,"H3","870850",8,2816401,2816401,11197319,0
2008,381,1,392,"H3","88",1,,,5084088,0
2008,381,2,392,"H3","88",1,,,127631589,0
2008,381,1,752,"H3","88",1,,,6590866,0
2008,381,2,752,"H3","88",1,,,89725146,0
2008,381,1,392,"H3","8803",8,12892,12892,4989088,0
2008,381,2,392,"H3","8803",8,25551,25551,24807571,0
2008,381,1,752,"H3","8803",8,1538,1538,4104303,0
2008,381,2,752,"H3","8803",8,5002,5002,14800110,0
2008,381,1,752,"H3","8903",5,28,269267,6962575,4
2008,381,2,752,"H3","8903",5,94,83704,2681001,4
2008,381,1,392,"H3","854810",8,23,23,2010,0
2008,381,1,752,"H3","8907",1,,5014,384920,0
2008,381,2,752,"H3","8907",1,,1884,26049,0
2008,381,1,392,"H3","90",1,,,311682350,0
2008,381,2,392,"H3","90",1,,,194430759,0
2008,381,2,752,"H3","871120",5,151,28655,672678,4
2008,381,2,392,"H3","871495",5,2251178,28735,2405791,2
2008,381,1,752,"H3","871495",1,,107,1260,0
2008,381,2,752,"H3","871495",5,2018119,157022,2156725,2
2008,381,1,752,"H3","871500",8,29374,29374,383277,6
2008,381,2,752,"H3","871500",8,2509,2509,38762,6
2008,381,1,392,"H3","880310",8,191,191,391166,0
2008,381,2,392,"H3","880310",8,624,624,1514328,0
2008,381,1,752,"H3","890392",5,4,67462,2543357,4
2008,381,2,752,"H3","890392",5,4,9513,708981,4
2008,381,1,752,"H3","890690",5,1,46,846,4
2008,381,2,752,"H3","890690",5,2,91,12044,4
2008,381,2,752,"H3","890800",1,,534,162,0
2008,381,1,752,"H3","90",1,,,122442815,0
2008,381,2,752,"H3","90",1,,,123387552,0
2008,381,1,392,"H3","9001",1,,127100,23911056,0
2008,381,2,392,"H3","9001",1,,11061,2175212,0
2008,381,1,752,"H3","9001",1,,748,108811,4
2008,381,2,752,"H3","9001",1,,20280,1977717,4
2008,381,1,392,"H3","870911",5,8,4182,31488,0
2008,381,2,752,"H3","870911",5,27,2692,41772,4
2008,381,1,392,"H3","900110",8,27388,27388,3900362,0
2008,381,2,392,"H3","900110",8,1954,1954,296787,0
2008,381,1,752,"H3","900110",8,124,124,33718,0
2008,381,2,752,"H3","900110",8,96,96,13289,0
2008,381,2,392,"H3","871640",1,,1033,143853,0
2008,381,2,752,"H3","871640",1,,98434,796010,0
2008,381,1,752,"H3","880330",8,1471,1471,3892067,0
2008,381,2,752,"H3","880330",8,4870,4870,14743409,0
2008,381,1,392,"H3","89",1,,,64794702,0
2008,381,2,392,"H3","89",1,,,1163932,0
2008,381,1,752,"H3","89",1,,,102231845,0
2008,381,2,752,"H3","89",1,,,139282132,0
2008,381,1,392,"H3","8901",1,,85365000,64292089,0
2008,381,1,752,"H3","890110",1,,6334528,88321096,4
2008,381,1,392,"H3","890190",1,,85365000,64292089,0
2008,381,2,752,"H3","890190",1,,99476265,136542997,4
2008,381,1,752,"H3","8906",5,1,46,846,4
2008,381,2,752,"H3","8906",5,2,91,12044,4
2008,381,2,752,"H3","871493",8,442,442,36523,6
2008,381,1,392,"H3","871496",8,4267,4267,437813,0
2008,381,2,392,"H3","871496",8,2366,2366,593561,0
2008,381,1,752,"H3","871496",8,3,3,16,6
2008,381,2,752,"H3","871496",8,3766,3766,199131,6
2008,381,1,752,"H3","871631",5,1,493,3947,4
2008,381,1,752,"H3","8802",5,2,3599,2486564,4
2008,381,2,752,"H3","8802",5,16,34764,74698953,4
2008,381,1,752,"H3","8901",1,,6334528,88321096,4
2008,381,2,752,"H3","8901",1,,99476265,136542997,4
2008,381,1,752,"H3","890590",5,1,211163,114087,4
2008,381,2,392,"H3","900290",8,574,574,614624,0
2008,381,1,752,"H3","900290",8,1087,1087,539835,0
2008,381,2,752,"H3","900290",8,240,240,46824,0
2008,381,1,392,"H3","9003",1,,11056,7461865,0
2008,381,2,392,"H3","9003",1,,16287,5659741,0
2008,381,1,752,"H3","9003",1,,72,14320,4
2008,381,2,752,"H3","9003",1,,70782,22228473,4
2008,381,1,392,"H3","900311",5,24858,1775,754249,0
2008,381,2,392,"H3","900311",5,45193,4060,1937266,0
2008,381,1,752,"H3","900311",5,1,0,35,4
2008,381,2,752,"H3","900311",5,159532,22215,6595522,4
2008,381,1,392,"H3","900319",5,223224,8852,6122928,0
2008,381,2,392,"H3","900319",5,102633,8687,2872912,0
2008,381,1,752,"H3","900319",5,111,65,13997,4
2008,381,2,752,"H3","900319",5,400594,47035,14705459,4
2008,381,1,392,"H3","900390",8,429,429,584688,0
2008,381,2,392,"H3","900390",8,3540,3540,849563,0
2008,381,1,752,"H3","900390",8,7,7,288,0
2008,381,2,752,"H3","900390",8,1532,1532,927493,0
2008,381,1,392,"H3","9004",1,,12092,4493493,0
2008,381,2,392,"H3","9004",1,,171089,45068233,0
2008,381,1,752,"H3","9004",1,,2469,214583,4
2008,381,2,752,"H3","9004",1,,64450,17728653,4
2008,381,1,392,"H3","900410",5,179018,11611,4303520,0
2008,381,2,392,"H3","900410",5,1360620,157459,42420654,0
2008,381,1,752,"H3","900410",5,3702,326,46262,4
2008,381,2,752,"H3","900410",5,356764,56498,16894070,4
2008,381,1,392,"H3","900490",1,,481,189973,0
2008,381,2,392,"H3","900490",5,2444954,13630,2647579,2
2008,381,1,752,"H3","900490",1,,2143,168321,0
2008,381,2,752,"H3","900490",5,770711,7952,834583,2
2008,381,1,392,"H3","9005",1,,2338,352179,0
2008,381,2,392,"H3","9005",1,,1282,32088,0
2008,381,1,752,"H3","9005",1,,2735,247844,4
2008,381,2,752,"H3","9005",1,,776,15451,4
2008,381,1,392,"H3","900510",5,717,646,111464,0
2008,381,2,392,"H3","900510",5,4626,1162,30270,0
2008,381,1,752,"H3","900510",5,1065,2661,227602,4
2008,381,2,752,"H3","900510",5,25,39,1202,4
2008,381,1,392,"H3","900580",1,,994,155046,0
2008,381,2,392,"H3","900580",1,,120,1818,0
2008,381,2,752,"H3","900580",1,,708,13265,0
2008,381,1,392,"H3","900590",8,698,698,85668,0
2008,381,1,752,"H3","900590",8,74,74,20242,0
2008,381,2,752,"H3","900590",8,29,29,984,0
2008,381,1,392,"H3","9006",1,,16381,3021087,0
2008,381,2,392,"H3","9006",1,,1072,299079,0
2008,381,1,392,"H3","900630",5,20,85,10180,0
2008,381,1,752,"H3","900630",5,15,5,203,4
2008,381,1,392,"H3","900651",5,44,55,15680,0
2008,381,1,392,"H3","900653",5,209,155,50797,0
2008,381,2,392,"H3","900653",5,11,9,3926,0
2008,381,1,752,"H3","900653",5,92,3699,48191,4
2008,381,2,752,"H3","900653",5,2,,1239,0
2008,381,1,392,"H3","900659",5,7813,7382,1052870,0
2008,381,2,392,"H3","900659",5,325,33,3760,0
2008,381,1,752,"H3","900659",5,125,1235,67188,4
2008,381,2,752,"H3","900659",5,6,63,2612,4
2008,381,1,392,"H3","900691",8,5931,5931,554202,0
2008,381,2,392,"H3","900691",8,118,118,156355,0
2008,381,1,752,"H3","900691",8,192,192,51097,0
2008,381,2,752,"H3","900691",8,118322,118322,4837224,0
2008,381,1,392,"H3","9007",1,,114,38252,0
2008,381,2,392,"H3","9007",1,,1340,223016,0
2008,381,1,752,"H3","9007",1,,10841,1237529,4
2008,381,2,752,"H3","9007",1,,948,149353,0
2008,381,2,392,"H3","900719",5,22,270,30166,0
2008,381,1,392,"H3","900720",5,1,38,12152,0
2008,381,2,392,"H3","900720",5,1,5,2565,0
2008,381,1,392,"H3","900791",8,48,48,12627,0
2008,381,2,392,"H3","900791",8,19,19,19702,0
2008,381,1,752,"H3","900791",8,97,97,36929,0
2008,381,2,752,"H3","900791",8,213,213,63140,0
2008,381,1,392,"H3","900792",8,28,28,13473,0
2008,381,2,392,"H3","900792",8,1046,1046,170583,0
2008,381,1,392,"H3","9008",1,,789,112720,0
2008,381,2,392,"H3","9008",1,,258,162398,0
2008,381,1,752,"H3","9008",1,,11,464,4
2008,381,2,752,"H3","9008",1,,563,7335,0
2008,381,1,392,"H3","900830",5,151,687,86174,0
2008,381,1,752,"H3","900830",5,1,6,156,4
2008,381,1,392,"H3","901010",1,,78462,7794997,0
2008,381,2,392,"H3","901010",5,1,13,21456,2
2008,381,1,752,"H3","901010",1,,88,17907,0
2008,381,2,752,"H3","901010",5,8,891,148999,2
2008,381,1,392,"H3","901050",1,,1102,34973,0
2008,381,2,392,"H3","901050",1,,141872,5434122,0
2008,381,1,752,"H3","901050",1,,40,4077,0
2008,381,2,752,"H3","901050",1,,3397,71879,0
2008,381,1,392,"H3","901060",1,,821,30401,0
2008,381,2,392,"H3","901060",5,22,85,6445,2
2008,381,1,752,"H3","901060",1,,1672,32916,0
2008,381,2,752,"H3","901060",5,344,5125,101133,2
2008,381,1,392,"H3","901090",8,1901,1901,240864,0
2008,381,2,392,"H3","901090",8,2238,2238,185000,0
2008,381,1,752,"H3","901090",8,292,292,243506,0
2008,381,2,752,"H3","901090",8,334,334,15152,0
2008,381,1,392,"H3","9011",1,,2039,749655,0
2008,381,2,392,"H3","9011",1,,220,83293,0
2008,381,1,752,"H3","9011",1,,83,2611,4
2008,381,2,752,"H3","9011",1,,350,78898,4
2008,381,1,392,"H3","901180",5,1083,1209,251547,0
2008,381,1,752,"H3","901180",5,1,83,2611,4
2008,381,2,752,"H3","901180",5,12,6,606,4
2008,381,1,392,"H3","901190",8,182,182,54935,0
2008,381,2,752,"H3","901190",8,123,123,29148,0
2008,381,1,392,"H3","9012",1,,1841,805738,0
2008,381,2,392,"H3","9012",1,,260,18041,0
2008,381,1,752,"H3","9012",1,,1,233,0
2008,381,1,392,"H3","901290",8,764,764,258362,0
2008,381,1,752,"H3","901290",8,1,1,233,0
2008,381,1,392,"H3","9013",1,,11468,2713523,0
2008,381,2,392,"H3","9013",1,,8142,1914858,0
2008,381,1,392,"H3","901310",1,,1161,59428,0
2008,381,2,392,"H3","901310",1,,2002,45489,0
2008,381,1,392,"H3","901320",1,,342,132951,0
2008,381,2,392,"H3","901320",1,,2289,932979,0
2008,381,1,752,"H3","901320",1,,19,12914,0
2008,381,2,752,"H3","901320",1,,253,163025,0
2008,381,1,392,"H3","901380",1,,9643,2112868,0
2008,381,2,392,"H3","901380",1,,2034,681392,0
2008,381,1,752,"H3","901380",1,,321,93136,0
2008,381,2,752,"H3","901380",1,,648,66112,0
2008,381,1,392,"H3","901390",8,322,322,408275,0
2008,381,2,392,"H3","901390",8,1817,1817,254998,0
2008,381,1,392,"H3","9014",1,,11020,1638659,0
2008,381,2,392,"H3","9014",1,,2493,2669918,0
2008,381,1,392,"H3","901410",1,,204,41663,0
2008,381,2,392,"H3","901410",5,3,380,11452,2
2008,381,1,752,"H3","901410",1,,1662,126337,0
2008,381,2,752,"H3","901410",5,1,49,5286,2
2008,381,1,392,"H3","901480",1,,9232,1163982,0
2008,381,2,392,"H3","901480",1,,1505,215462,0
2008,381,1,752,"H3","901480",1,,925,279596,0
2008,381,2,752,"H3","901480",1,,3382,209482,0
2008,381,1,392,"H3","901490",8,1471,1471,333064,0
2008,381,1,752,"H3","901490",8,210,210,75453,0
2008,381,2,752,"H3","901490",8,234,234,115830,0
2008,381,1,392,"H3","9015",1,,20001,6503021,0
2008,381,2,392,"H3","9015",1,,659,205393,0
2008,381,2,392,"H3","901510",1,,625,160949,0
2008,381,1,752,"H3","901510",1,,140,27827,0
2008,381,2,752,"H3","901510",1,,2,63,0
2008,381,1,392,"H3","901530",1,,476,99718,0
2008,381,1,752,"H3","901530",1,,1,32,0
2008,381,2,752,"H3","901530",5,79,1027,26103,2
2008,381,1,392,"H3","901540",8,25,25,51753,0
2008,381,1,392,"H3","901590",8,4669,4669,1370272,0
2008,381,1,752,"H3","901590",8,205,205,112783,0
2008,381,1,392,"H3","9016",8,495,495,93523,0
2008,381,2,392,"H3","9016",8,1,1,1534,0
2008,381,1,752,"H3","9016",8,25,25,872,6
2008,381,2,752,"H3","9016",8,40,40,1900,6
2008,381,1,392,"H3","901710",5,198,3525,295388,0
2008,381,2,752,"H3","901710",5,74,2172,69605,4
2008,381,2,392,"H3","901720",5,10100,320,16312,0
2008,381,1,752,"H3","901720",5,941,18,574,2
2008,381,2,752,"H3","901720",5,103550,11966,166030,6
2008,381,1,392,"H3","901790",8,101,101,22371,0
2008,381,2,392,"H3","901790",8,573,573,18792,0
2008,381,1,752,"H3","901790",8,13,13,241,0
2008,381,2,752,"H3","901790",8,158,158,5515,0
2008,381,1,392,"H3","9018",1,,920842,110612861,0
2008,381,2,392,"H3","9018",1,,345054,46535521,0
2008,381,1,392,"H3","901812",5,1739,81844,31133790,2
2008,381,2,392,"H3","901812",5,37,829,794635,2
2008,381,1,752,"H3","901812",5,0,10,2937,2
2008,381,2,752,"H3","901812",5,11,350,233660,2
2008,381,1,392,"H3","901813",1,,321507,11160910,0
2008,381,2,392,"H3","901813",1,,1453,242320,0
2008,381,2,752,"H3","901813",1,,34,52585,0
2008,381,2,392,"H3","901814",1,,22,53645,0
2008,381,2,752,"H3","901814",1,,2,8842,0
2008,381,2,392,"H3","901820",8,2371,2371,115051,0
2008,381,1,392,"H3","901831",1,,7061,441951,0
2008,381,2,392,"H3","901831",1,,31356,9835357,0
2008,381,1,752,"H3","901831",1,,731,105120,0
2008,381,2,752,"H3","901831",1,,7658,321797,0
2008,381,1,392,"H3","901832",8,21879,21879,2490196,0
2008,381,1,752,"H3","901832",8,8,8,571,0
2008,381,2,752,"H3","901832",8,10088,10088,663148,0
2008,381,1,392,"H3","901839",1,,31741,4223342,0
2008,381,2,392,"H3","901839",5,9724015,5264,2140514,2
2008,381,1,392,"H3","901841",8,631,631,44321,0
2008,381,2,392,"H3","901841",8,220,220,53443,0
2008,381,1,752,"H3","901841",8,158,158,18316,0
2008,381,1,392,"H3","901849",1,,19857,8235500,0
2008,381,2,392,"H3","901849",1,,73009,2656306,0
2008,381,1,392,"H3","9019",8,17435,17435,659576,0
2008,381,2,392,"H3","9019",8,163128,163128,7862611,0
2008,381,1,392,"H3","901910",8,17066,17066,641971,0
2008,381,2,392,"H3","901910",8,4869,4869,782152,0
2008,381,1,392,"H3","901920",8,369,369,17605,0
2008,381,2,392,"H3","901920",8,158259,158259,7080459,0
2008,381,1,392,"H3","9020",8,205,205,23867,0
2008,381,2,392,"H3","9020",8,7221,7221,384405,0
2008,381,1,392,"H3","902000",8,205,205,23867,0
2008,381,2,392,"H3","902000",8,7221,7221,384405,0
2008,381,1,392,"H3","9021",1,,1279,3491818,4
2008,381,2,392,"H3","9021",1,,9109,20715166,4
2008,381,2,752,"H3","901920",8,6858,6858,141193,0
2008,381,1,752,"H3","901920",8,80075,80075,4955170,0
2008,381,1,392,"H3","902110",8,258,258,287685,0
2008,381,2,392,"H3","902110",8,4261,4261,2669185,0
2008,381,2,752,"H3","901849",1,,9148,1095072,0
2008,381,1,752,"H3","901849",1,,14075,1820516,0
2008,381,1,392,"H3","902121",8,6,6,12651,0
2008,381,2,392,"H3","902121",8,28,28,7373,6
2008,381,2,752,"H3","902121",8,118,118,25012,6
2008,381,1,392,"H3","902129",8,34,34,71828,0
2008,381,2,392,"H3","902129",8,1804,1804,169078,0
2008,381,2,752,"H3","901841",8,2058,2058,240137,0
2008,381,2,752,"H3","901839",5,3145866,73631,692489,2
2008,381,1,392,"H3","902131",8,94,94,159140,0
2008,381,2,392,"H3","902131",8,3,3,2091,0
2008,381,1,752,"H3","902131",8,321,321,94109,0
2008,381,2,752,"H3","902131",8,1,1,808,0
2008,381,1,392,"H3","902139",8,688,688,2552015,0
2008,381,2,392,"H3","902139",8,225,225,2585420,0
2008,381,1,752,"H3","902139",8,28843,28843,8931678,0
2008,381,2,752,"H3","902139",8,176,176,868694,0
2008,381,1,392,"H3","902140",5,15,2,8059,4
2008,381,2,392,"H3","902140",5,2613,29,171648,0
2008,381,1,752,"H3","902140",5,3,0,628,4
2008,381,2,752,"H3","902140",5,28,2,8417,4
2008,381,1,392,"H3","902150",5,4,1,9594,0
2008,381,2,392,"H3","902150",5,4741,1939,14963961,0
2008,381,1,752,"H3","902150",5,7,24,94810,4
2008,381,2,752,"H3","902150",5,122,41,184729,4
2008,381,1,392,"H3","902190",8,196,196,390846,0
2008,381,2,392,"H3","902190",8,820,820,146409,0
2008,381,1,752,"H3","901839",1,,191531,12504066,0
2008,381,2,392,"H3","901819",1,,22759,6526055,0
2008,381,1,392,"H3","901819",1,,22529,7338860,0
2008,381,2,752,"H3","901811",5,0,1,22,2
2008,381,1,752,"H3","901811",1,,533,168452,0
2008,381,2,392,"H3","901811",5,428,5749,861457,2
2008,381,1,392,"H3","902212",5,37,48574,4209721,0
2008,381,1,392,"H3","901811",1,,1304,200455,0
2008,381,2,752,"H3","9018",1,,1244625,26385858,0
2008,381,1,752,"H3","9018",1,,357364,33362953,0
2008,381,1,392,"H3","902214",5,482,45209,7899564,0
2008,381,2,392,"H3","902214",5,7,55,33857,0
2008,381,2,752,"H3","902214",5,14,5679,417616,4
2008,381,1,392,"H3","902219",5,286,13299,3215100,0
2008,381,2,392,"H3","902219",5,5,214,67699,0
2008,381,2,752,"H3","902219",5,1,1834,154161,4
2008,381,1,752,"H3","902221",5,11,7238,500586,4
2008,381,1,392,"H3","902229",5,2,6,7808,0
2008,381,2,392,"H3","902229",5,3,1,1684,0
2008,381,1,752,"H3","902229",5,1,14,2364,4
2008,381,1,392,"H3","902230",5,6706,1107,1117223,0
2008,381,1,392,"H3","902290",8,90876,90876,10478291,0
2008,381,2,392,"H3","902290",8,28014,28014,591609,0
2008,381,1,752,"H3","902290",8,2312,2312,2596265,0
2008,381,2,752,"H3","902290",8,12141,12141,248157,0
2008,381,1,392,"H3","9023",8,3874,3874,547818,0
2008,381,2,392,"H3","9023",8,10342,10342,1569829,0
2008,381,1,752,"H3","9023",8,3254,3254,324974,0
2008,381,2,752,"H3","9023",8,2923,2923,1038592,0
2008,381,1,392,"H3","902300",8,3874,3874,547818,0
2008,381,2,392,"H3","902300",8,10342,10342,1569829,0
2008,381,1,752,"H3","902300",8,3254,3254,324974,0
2008,381,2,752,"H3","902300",8,2923,2923,1038592,0
2008,381,1,392,"H3","9024",1,,3284,703710,0
2008,381,2,392,"H3","9024",1,,1714,234164,0
2008,381,2,752,"H3","901780",1,,4645,79163,0
2008,381,1,752,"H3","901780",1,,51946,804863,0
2008,381,1,392,"H3","902410",1,,946,174033,0
2008,381,1,752,"H3","902410",1,,282,120653,0
2008,381,2,752,"H3","902410",1,,2970,221351,0
2008,381,1,392,"H3","902480",1,,1990,371924,0
2008,381,2,392,"H3","902480",1,,1287,175650,0
2008,381,2,392,"H3","901780",1,,96,40898,0
2008,381,1,392,"H3","901780",1,,1034,71223,0
2008,381,1,392,"H3","902490",8,348,348,157753,0
2008,381,2,392,"H3","902490",8,427,427,58514,0
2008,381,2,752,"H3","9017",1,,19844,398669,4
2008,381,1,752,"H3","9017",1,,52273,818750,4
2008,381,1,392,"H3","9025",1,,1517,447178,0
2008,381,2,392,"H3","9025",1,,2877,752237,0
2008,381,2,752,"H3","901600",8,40,40,1900,6
2008,381,1,752,"H3","901600",8,25,25,872,6
2008,381,1,392,"H3","902511",5,7,2,4233,0
2008,381,2,392,"H3","902511",5,7642,324,39681,0
2008,381,2,392,"H3","901600",8,1,1,1534,0
2008,381,1,392,"H3","901600",8,495,495,93523,0
2008,381,2,752,"H3","9015",1,,1042,26861,0
2008,381,1,752,"H3","9015",1,,4017,589485,0
2008,381,2,752,"H3","901420",5,27,56,164408,2
2008,381,1,752,"H3","901420",1,,81,39751,0
2008,381,1,392,"H3","902580",1,,978,283379,0
2008,381,2,392,"H3","902580",1,,364,115725,0
2008,381,2,392,"H3","901420",5,401,608,2443004,2
2008,381,1,392,"H3","901420",1,,113,99950,0
2008,381,2,752,"H3","9014",1,,3721,495005,0
2008,381,1,752,"H3","9014",1,,2878,521137,0
2008,381,2,752,"H3","901390",8,406,406,141749,0
2008,381,1,752,"H3","901390",8,58,58,71146,0
2008,381,2,752,"H3","901310",1,,9,534,0
2008,381,1,752,"H3","901310",1,,5,1211,0
2008,381,2,752,"H3","9010",1,,9747,337163,0
2008,381,1,752,"H3","9010",1,,2092,298407,0
2008,381,1,392,"H3","902610",5,8363,1469,378000,0
2008,381,2,392,"H3","902610",5,12990,6100,758198,0
2008,381,2,392,"H3","9010",1,,144208,5647023,0
2008,381,1,392,"H3","9010",1,,82286,8101236,0
2008,381,2,752,"H3","900890",8,563,563,7335,0
2008,381,2,392,"H3","900890",8,258,258,162398,0
2008,381,1,392,"H3","900890",8,83,83,14798,0
2008,381,1,392,"H3","900810",5,4,15,7261,0
2008,381,2,752,"H3","900792",8,735,735,86213,0
2008,381,1,752,"H3","900792",8,449,449,97253,0
2008,381,2,752,"H3","900699",8,4983,4983,140567,0
2008,381,1,752,"H3","900699",8,1230,1230,587390,0
2008,381,2,392,"H3","900699",8,432,432,94260,0
2008,381,1,392,"H3","900699",8,534,534,211268,0
2008,381,1,392,"H3","900669",5,296,331,70553,0
2008,381,2,752,"H3","9006",1,,,4981642,0
2008,381,1,752,"H3","9006",1,,7946,1033544,4
2008,381,1,752,"H3","9021",1,,36812,15883706,4
2008,381,2,752,"H3","9021",1,,1397,2103708,4
2008,381,1,752,"H3","902110",8,1983,1983,427185,0
2008,381,1,392,"H3","902710",5,4014,1403,588567,0
2008,381,2,392,"H3","902710",5,17286,358,324516,0
2008,381,1,752,"H3","902710",5,989,509,134476,4
2008,381,2,752,"H3","902710",5,140083,7030,804548,4
2008,381,1,392,"H3","902720",1,,4989,896390,0
2008,381,2,392,"H3","902720",5,43,1273,279368,2
2008,381,1,752,"H3","902720",1,,4841,1930045,0
2008,381,2,752,"H3","902720",5,3,41,19391,2
2008,381,2,752,"H3","901910",8,8749,8749,441768,0
2008,381,1,752,"H3","901910",8,405,405,27564,0
2008,381,2,752,"H3","9019",8,15607,15607,582961,0
2008,381,1,752,"H3","9019",8,80480,80480,4982734,0
2008,381,1,392,"H3","902750",1,,8303,3041188,0
2008,381,2,392,"H3","902750",5,70,993,312159,2
2008,381,2,752,"H3","901890",1,,1139042,22920718,0
2008,381,1,752,"H3","901890",1,,147635,18190968,0
2008,381,1,392,"H3","902780",1,,144175,16401579,0
2008,381,2,392,"H3","902780",1,,5294,2387716,0
2008,381,2,392,"H3","901890",1,,176848,20103270,0
2008,381,1,392,"H3","901890",1,,390733,39530205,0
2008,381,1,392,"H3","902790",8,28375,28375,6351629,0
2008,381,2,392,"H3","902790",8,7144,7144,800888,0
2008,381,2,752,"H3","901850",8,2222,2222,68847,0
2008,381,2,752,"H3","902110",8,375,375,52215,0
2008,381,1,392,"H3","9028",1,,1,1642,0
2008,381,1,752,"H3","9028",1,,113088,1235717,4
2008,381,2,752,"H3","9028",1,,21420,585488,4
2008,381,1,752,"H3","902190",8,4400,4400,672680,0
2008,381,2,752,"H3","902190",8,669,669,959974,0
2008,381,1,752,"H3","902830",5,3860,12518,393592,4
2008,381,2,752,"H3","902830",5,253,461,22939,4
2008,381,1,392,"H3","902890",8,1,1,1642,0
2008,381,1,752,"H3","902890",8,1056,1056,51599,0
2008,381,2,752,"H3","902890",8,1617,1617,51694,0
2008,381,1,392,"H3","9029",1,,3300,548330,0
2008,381,2,392,"H3","9029",1,,4716,435051,0
2008,381,1,752,"H3","9029",1,,7527,1656589,0
2008,381,2,752,"H3","9029",1,,1258,323912,0
2008,381,2,752,"H3","901819",1,,391,88542,0
2008,381,1,752,"H3","901819",1,,2683,552008,0
2008,381,1,392,"H3","9022",1,,199123,26931952,0
2008,381,1,392,"H3","902920",1,,3026,509964,0
2008,381,2,392,"H3","902920",1,,311,150586,0
2008,381,2,392,"H3","9022",1,,28309,763581,0
2008,381,1,752,"H3","9022",1,,9564,3099214,4
2008,381,1,392,"H3","902990",8,70,70,2050,0
2008,381,2,392,"H3","902990",8,4405,4405,284465,0
2008,381,1,752,"H3","902990",8,326,326,59714,0
2008,381,2,752,"H3","902990",8,352,352,81654,0
2008,381,2,752,"H3","9022",1,,21238,903719,4
2008,381,1,752,"H3","9024",1,,8593,2021368,0
2008,381,2,752,"H3","9024",1,,35315,1103115,0
2008,381,1,752,"H3","902480",1,,5082,1448080,0
2008,381,1,392,"H3","903010",1,,128,51395,0
2008,381,2,392,"H3","903010",1,,60,48722,0
2008,381,1,752,"H3","903010",1,,835,404240,0
2008,381,2,752,"H3","903010",1,,59,17560,0
2008,381,1,392,"H3","903020",1,,49,38716,0
2008,381,2,392,"H3","903020",1,,2,4405,0
2008,381,2,752,"H3","902480",1,,32257,870928,0
2008,381,1,752,"H3","902490",8,3229,3229,452635,0
2008,381,1,392,"H3","903031",1,,2960,464973,0
2008,381,2,392,"H3","903031",1,,44,157682,0
2008,381,2,752,"H3","901730",5,1614,904,78357,4
2008,381,1,752,"H3","901730",5,204,296,13072,4
2008,381,1,392,"H3","903032",1,,404,9854,0
2008,381,2,392,"H3","903032",1,,1340,61321,0
2008,381,2,752,"H3","902490",8,88,88,10835,0
2008,381,1,752,"H3","9025",1,,6108,676102,4
2008,381,2,752,"H3","9025",1,,5281,450040,4
2008,381,1,752,"H3","902511",5,766,1980,34946,4
2008,381,2,752,"H3","902511",5,9973,651,30326,4
2008,381,1,752,"H3","902519",5,6802,2376,162987,4
2008,381,2,752,"H3","902519",5,10001,3335,336530,4
2008,381,2,752,"H3","9013",1,,1316,371420,0
2008,381,1,392,"H3","903040",1,,1780,2544498,0
2008,381,2,392,"H3","903040",1,,82,36956,0
2008,381,1,752,"H3","9013",1,,403,178407,0
2008,381,1,392,"H3","902620",5,42743,1132,844535,0
2008,381,1,392,"H3","903082",1,,10098,13913445,0
2008,381,2,392,"H3","903082",1,,450,49258,0
2008,381,1,752,"H3","903082",1,,11,10441,0
2008,381,1,392,"H3","903084",1,,352,371394,0
2008,381,2,392,"H3","903084",1,,2408,431552,0
2008,381,1,752,"H3","903084",1,,10,587,0
2008,381,2,752,"H3","903084",1,,56,16451,0
2008,381,1,392,"H3","903089",1,,5369,317521,0
2008,381,2,392,"H3","903089",1,,1511,531996,0
2008,381,2,392,"H3","902620",5,22860,7072,548757,0
2008,381,1,752,"H3","902620",5,9255,4893,534166,4
2008,381,1,392,"H3","903090",8,1525,1525,2078779,0
2008,381,2,392,"H3","903090",8,493,493,235946,0
2008,381,1,752,"H3","903090",8,412,412,26818,0
2008,381,2,752,"H3","903090",8,144,144,17253,0
2008,381,1,392,"H3","9031",1,,142079,21488949,0
2008,381,2,392,"H3","9031",1,,315583,39037687,0
2008,381,2,752,"H3","902620",5,183317,25891,2027957,4
2008,381,1,392,"H3","902680",1,,3702,634794,0
2008,381,1,392,"H3","903110",1,,16,4602,0
2008,381,2,392,"H3","903110",1,,77733,1724374,0
2008,381,1,752,"H3","903110",1,,2393,103348,0
2008,381,2,752,"H3","903110",1,,90297,2873923,0
2008,381,1,392,"H3","903120",1,,906,37703,0
2008,381,2,392,"H3","903120",5,25,5950,464515,2
2008,381,1,752,"H3","903120",1,,5388,31031,0
2008,381,2,752,"H3","903120",5,13,4735,232907,2
2008,381,1,392,"H3","903141",1,,9788,2405273,0
2008,381,2,392,"H3","903141",1,,15,3527,0
2008,381,1,392,"H3","903149",1,,36890,5196947,0
2008,381,2,392,"H3","903149",1,,760,166632,0
2008,381,1,752,"H3","903149",1,,70,9087,0
2008,381,2,752,"H3","903149",1,,11761,2200866,0
2008,381,1,392,"H3","903180",1,,83618,11807937,0
2008,381,2,392,"H3","903180",1,,209321,34661060,0
2008,381,2,392,"H3","902680",5,1337,9369,987685,2
2008,381,1,392,"H3","902730",1,,780,395458,0
2008,381,1,392,"H3","903190",8,10861,10861,2036488,0
2008,381,2,392,"H3","903190",8,21804,21804,2017580,0
2008,381,2,392,"H3","902730",1,,1227,87363,0
2008,381,1,752,"H3","902730",1,,685,318630,0
2008,381,2,752,"H3","902730",1,,62,38753,0
2008,381,1,752,"H3","902820",5,5853,99514,790526,4
2008,381,2,752,"H3","902820",5,11862,19342,510854,4
2008,381,1,392,"H3","902910",1,,204,36317,0
2008,381,1,392,"H3","903210",5,308991,11168,1166600,0
2008,381,2,392,"H3","903210",5,8344,1074,175107,0
2008,381,1,752,"H3","902910",1,,5293,1374514,0
2008,381,2,752,"H3","902910",1,,393,186027,0
2008,381,1,392,"H3","903220",5,164540,9624,1029775,0
2008,381,2,392,"H3","903220",5,2091,276,15365,0
2008,381,1,392,"H3","902519",5,5024,430,137565,0
2008,381,2,392,"H3","902519",5,35034,2109,576678,0
2008,381,1,392,"H3","903281",1,,86570,1799691,0
2008,381,2,392,"H3","903281",5,192,821,152828,2
2008,381,1,752,"H3","903281",1,,18314,600655,0
2008,381,2,752,"H3","903281",5,7667,143879,6113965,2
2008,381,1,392,"H3","902590",8,107,107,22001,0
2008,381,2,392,"H3","902590",8,80,80,20153,0
2008,381,1,752,"H3","902590",8,1226,1226,431527,0
2008,381,2,752,"H3","902590",8,780,780,30627,0
2008,381,1,392,"H3","903290",8,19995,19995,1100637,0
2008,381,2,392,"H3","903290",8,2987,2987,512195,0
2008,381,1,752,"H3","903040",1,,50,4192,0
2008,381,2,752,"H3","903040",1,,26,13892,0
2008,381,1,392,"H3","9033",8,9714,9714,2777042,0
2008,381,2,392,"H3","9033",8,3841,3841,443605,0
2008,381,1,752,"H3","902680",1,,5583,372999,0
2008,381,2,752,"H3","902680",5,1002,6510,740299,2
2008,381,1,392,"H3","903300",8,9714,9714,2777042,0
2008,381,2,392,"H3","903300",8,3841,3841,443605,0
2008,381,1,392,"H3","902690",8,1292,1292,352456,0
2008,381,2,392,"H3","902690",8,4125,4125,523767,0
2008,381,1,392,"H3","91",1,,,23425626,0
2008,381,2,392,"H3","91",1,,,19776342,0
2008,381,1,752,"H3","902690",8,2383,2383,667737,0
2008,381,2,752,"H3","902690",8,4586,4586,281342,0
2008,381,2,392,"H3","900640",5,63,300,8646,0
2008,381,1,392,"H3","900640",5,22,25,10813,0
2008,381,1,392,"H3","9027",1,,188025,27674813,0
2008,381,2,392,"H3","9027",1,,16289,4192009,0
2008,381,1,392,"H3","910111",5,1069,77,53044,0
2008,381,2,392,"H3","910111",5,451,11,481737,0
2008,381,1,752,"H3","910111",5,2,3,28412,4
2008,381,2,752,"H3","910111",5,2,1,9493,4
2008,381,1,392,"H3","910119",5,114,17,9422,0
2008,381,2,392,"H3","910119",5,1274,483,566890,0
2008,381,2,752,"H3","910119",5,19,7,3180,4
2008,381,1,392,"H3","910121",5,1,0,18643,4
2008,381,2,392,"H3","910121",5,393,19,584999,0
2008,381,1,752,"H3","910121",5,1,0,34622,4
2008,381,2,752,"H3","910121",5,6,2,34409,4
2008,381,2,752,"H3","902000",8,9260,9260,391338,0
2008,381,1,752,"H3","902000",8,19666,19666,86296,0
2008,381,2,752,"H3","9020",8,9260,9260,391338,0
2008,381,2,392,"H3","910199",5,1565,1199,471512,0
2008,381,1,392,"H3","9102",5,437862,61288,21807146,0
2008,381,2,392,"H3","9102",5,46941,9103,15194422,0
2008,381,1,752,"H3","9102",5,1797,506,238938,4
2008,381,2,752,"H3","9102",5,1931,403,264208,4
2008,381,1,392,"H3","910211",5,28066,2644,592306,0
2008,381,2,392,"H3","910211",5,17182,2290,2828017,0
2008,381,1,752,"H3","9020",8,19666,19666,86296,0
2008,381,2,752,"H3","901580",1,,13,694,0
2008,381,1,392,"H3","910212",5,2440,993,391686,0
2008,381,2,392,"H3","910212",5,1351,160,93008,0
2008,381,1,752,"H3","910212",5,294,250,22010,4
2008,381,2,752,"H3","910212",5,14,57,16811,4
2008,381,1,392,"H3","910219",5,235212,34235,12402808,0
2008,381,2,392,"H3","910219",5,12386,3609,1702602,0
2008,381,1,752,"H3","901580",1,,3603,412215,0
2008,381,2,392,"H3","901580",1,,28,41202,0
2008,381,1,392,"H3","901580",1,,14752,4965140,0
2008,381,1,392,"H3","9026",1,,7595,2209785,0
2008,381,2,392,"H3","9026",1,,26666,2818407,0
2008,381,1,752,"H3","9026",1,,21643,2346366,4
2008,381,1,392,"H3","910229",5,13906,930,303427,0
2008,381,2,392,"H3","910229",5,2049,384,652968,0
2008,381,1,752,"H3","910229",5,72,25,13482,4
2008,381,2,752,"H3","910229",5,10,1,744,4
2008,381,2,752,"H3","9026",1,,73080,4656637,4
2008,381,1,752,"H3","902129",8,1241,1241,5662615,0
2008,381,2,752,"H3","902129",8,15,15,3858,0
2008,381,1,392,"H3","910299",5,145567,20499,7849508,0
2008,381,2,392,"H3","910299",5,10686,2210,2103646,0
2008,381,1,752,"H3","9027",1,,38129,14542393,4
2008,381,2,752,"H3","910299",5,73,36,18000,4
2008,381,2,392,"H3","910129",5,436,112,318920,0
2008,381,2,752,"H3","910129",5,23,1,1910,4
2008,381,1,752,"H3","910211",5,94,24,9134,4
2008,381,2,752,"H3","910211",5,1568,219,178332,4
2008,381,2,752,"H3","9027",1,,15493,3013786,4
2008,381,1,752,"H3","903190",8,145005,145005,10158800,0
2008,381,2,752,"H3","903190",8,21060,21060,3158607,0
2008,381,1,752,"H3","902780",1,,17626,4995802,0
2008,381,1,392,"H3","9104",5,364,218,5309,0
2008,381,1,752,"H3","9104",5,4,0,18,4
2008,381,2,752,"H3","9104",5,35,2,373,4
2008,381,1,392,"H3","910400",5,364,218,5309,0
2008,381,1,752,"H3","910400",5,4,0,18,4
2008,381,2,752,"H3","910400",5,35,2,373,4
2008,381,1,392,"H3","9105",5,3710,561,14291,0
2008,381,2,392,"H3","9105",5,7506,13640,526124,0
2008,381,1,752,"H3","9105",5,1470,1795,15812,4
2008,381,2,752,"H3","9105",5,1941,533,55959,4
2008,381,2,752,"H3","902780",1,,5115,959825,0
2008,381,1,752,"H3","902790",8,9464,9464,3366829,6
2008,381,2,752,"H3","902790",8,1132,1132,444609,0
2008,381,2,392,"H3","901850",8,25174,25174,3153469,0
2008,381,1,392,"H3","901850",8,21756,21756,5813330,0
2008,381,1,752,"H3","9032",1,,163379,8876719,4
2008,381,2,392,"H3","910521",5,1423,1418,44638,0
2008,381,1,752,"H3","910521",5,97,258,1969,4
2008,381,2,752,"H3","910521",5,418,130,5161,4
2008,381,2,392,"H3","910529",5,2022,6458,177910,0
2008,381,1,752,"H3","910529",5,25,160,653,4
2008,381,2,752,"H3","910529",5,122,109,5744,4
2008,381,1,752,"H3","910591",5,9,8,93,4
2008,381,2,392,"H3","910599",5,4047,5730,291797,0
2008,381,1,752,"H3","910599",5,1,97,1173,4
2008,381,2,752,"H3","910599",5,37,220,22281,4
2008,381,1,392,"H3","9106",5,14435,3108,383835,0
2008,381,2,392,"H3","9106",5,2928,61,19468,0
2008,381,2,752,"H3","910291",5,49,21,3585,4
2008,381,1,752,"H3","910299",5,652,105,19533,4
2008,381,1,392,"H3","910610",5,350,1720,60862,0
2008,381,2,392,"H3","910610",5,1,2,2312,0
2008,381,2,752,"H3","910610",5,25,8,3348,4
2008,381,2,752,"H3","9032",1,,285124,13946994,4
2008,381,1,752,"H3","903210",5,6996,8209,447872,4
2008,381,2,752,"H3","903210",5,447636,74084,3485301,4
2008,381,1,752,"H3","903220",5,2825,5296,139612,4
2008,381,1,392,"H3","9107",5,1973,177,21828,0
2008,381,2,392,"H3","9107",5,2700,178,16739,0
2008,381,1,752,"H3","9107",5,4682,,18217,0
2008,381,2,752,"H3","9107",5,74567,9200,803746,4
2008,381,1,392,"H3","910700",5,1973,177,21828,0
2008,381,2,392,"H3","910700",5,2700,178,16739,0
2008,381,1,752,"H3","902920",1,,1908,222361,0
2008,381,2,752,"H3","902920",1,,513,56231,0
2008,381,1,392,"H3","9108",5,16173,227,124437,0
2008,381,2,752,"H3","9108",5,9,1,7864,4
2008,381,1,392,"H3","9030",1,,31891,20875374,0
2008,381,2,392,"H3","9030",1,,6751,1669822,0
2008,381,1,392,"H3","902213",5,2,52,4246,0
2008,381,1,392,"H3","9109",5,97457,896,69125,0
2008,381,2,392,"H3","9109",5,5,6,1559,0
2008,381,2,392,"H3","902213",5,88,25,68733,0
2008,381,2,752,"H3","902213",5,27,1585,83785,4
2008,381,1,392,"H3","910990",5,19457,369,47011,0
2008,381,1,752,"H3","9030",1,,6309,2393266,0
2008,381,2,752,"H3","9030",1,,2848,669786,0
2008,381,1,752,"H3","903020",1,,50,25523,0
2008,381,2,752,"H3","903020",1,,6,1324,0
2008,381,1,752,"H3","903031",1,,97,34480,0
2008,381,2,752,"H3","903031",1,,730,246933,0
2008,381,1,392,"H3","9111",1,,24,17517,4
2008,381,2,392,"H3","9111",1,,0,2926,4
2008,381,2,752,"H3","9111",1,,19,9348,0
2008,381,1,392,"H3","903033",1,,2650,606870,0
2008,381,2,392,"H3","903033",1,,136,22161,0
2008,381,1,752,"H3","903033",1,,3859,1210859,0
2008,381,1,392,"H3","911190",8,11,11,9544,0
2008,381,2,752,"H3","911190",8,19,19,9348,0
2008,381,1,392,"H3","9112",1,,24,16882,0
2008,381,2,392,"H3","9112",1,,127,91773,0
2008,381,1,392,"H3","911290",8,24,24,16882,0
2008,381,2,392,"H3","911290",8,127,127,91773,0
2008,381,1,392,"H3","9113",8,216,216,134197,6
2008,381,2,392,"H3","9113",8,617,617,982060,6
2008,381,2,752,"H3","9113",8,103,103,15578,0
2008,381,1,392,"H3","911310",8,1,1,6811,6
2008,381,2,392,"H3","911310",8,23,23,633903,0
2008,381,2,752,"H3","911310",8,3,3,1176,0
2008,381,2,752,"H3","903033",1,,856,128910,0
2008,381,1,392,"H3","911390",8,215,215,127385,0
2008,381,2,392,"H3","911390",8,593,593,346590,0
2008,381,2,752,"H3","911390",8,100,100,14402,0
2008,381,1,392,"H3","9114",8,740,740,330063,0
2008,381,2,392,"H3","9114",8,282,282,507792,0
2008,381,1,752,"H3","9114",8,63,63,5663,0
2008,381,2,752,"H3","9114",8,21,21,1705,0
2008,381,1,392,"H3","911410",8,3,3,3418,0
2008,381,1,392,"H3","903039",1,,6576,477928,0
2008,381,2,392,"H3","903039",1,,225,89822,0
2008,381,2,752,"H3","903220",5,126801,32703,1023747,4
2008,381,1,752,"H3","910219",5,15,81,16827,4
2008,381,2,752,"H3","910219",5,178,64,18121,4
2008,381,1,392,"H3","910221",5,8598,929,174893,0
2008,381,2,392,"H3","910221",5,2722,265,7786808,0
2008,381,1,392,"H3","903289",1,,17047,2513416,0
2008,381,1,752,"H3","903039",1,,695,583495,0
2008,381,2,752,"H3","903039",1,,30,112544,0
2008,381,1,752,"H3","902580",1,,526,46642,0
2008,381,1,392,"H3","9201",1,,990492,9460196,0
2008,381,2,392,"H3","9201",1,,6915,580418,0
2008,381,1,752,"H3","9201",1,,583,8569,4
2008,381,1,392,"H3","920110",5,3948,874085,6924417,0
2008,381,1,752,"H3","920110",5,2,480,3399,4
2008,381,1,392,"H3","920120",5,353,115807,2527962,0
2008,381,2,392,"H3","920120",5,6,1560,112024,0
2008,381,1,392,"H3","920190",1,,600,7817,0
2008,381,2,392,"H3","920190",5,332,5355,468394,2
2008,381,1,752,"H3","920190",1,,103,5170,0
2008,381,1,392,"H3","9202",5,3221,10324,429737,0
2008,381,2,392,"H3","9202",5,2839,8756,5190670,0
2008,381,2,752,"H3","902580",1,,515,52557,4
2008,381,1,392,"H3","920210",5,2406,7233,79039,0
2008,381,2,392,"H3","920210",5,1088,3193,3586117,0
2008,381,1,392,"H3","920290",5,815,3091,350699,0
2008,381,2,392,"H3","920290",5,1751,5563,1604553,0
2008,381,2,752,"H3","920290",5,87,16,2312,4
2008,381,1,392,"H3","9205",1,,8118,1468127,0
2008,381,2,392,"H3","9205",1,,2184,561242,0
2008,381,2,392,"H3","903289",1,,5001,519254,0
2008,381,1,752,"H3","903289",1,,87001,3695950,0
2008,381,1,392,"H3","920510",5,9586,7137,791674,0
2008,381,2,752,"H3","903289",1,,20599,1229427,0
2008,381,1,752,"H3","903290",8,44560,44560,3992631,0
2008,381,1,752,"H3","910221",5,670,21,157952,4
2008,381,2,752,"H3","910221",5,39,4,28614,4
2008,381,1,392,"H3","910291",5,4073,1058,92517,0
2008,381,2,752,"H3","903290",8,13859,13859,2094553,0
2008,381,1,752,"H3","9033",8,8852,8852,723329,0
2008,381,2,392,"H3","901210",1,,260,18041,0
2008,381,1,392,"H3","901210",1,,1077,547376,0
2008,381,2,752,"H3","901110",5,273,221,49144,4
2008,381,2,392,"H3","901110",5,74,220,83293,0
2008,381,1,392,"H3","901110",5,25,648,443172,0
2008,381,1,392,"H3","9207",5,6139,48287,3177356,2
2008,381,2,392,"H3","9207",5,4643,59333,1986755,2
2008,381,1,752,"H3","9207",5,326,23441,458413,6
2008,381,2,752,"H3","9207",5,1714,6986,498620,6
2008,381,1,392,"H3","920710",5,1825,30765,1801378,2
2008,381,2,392,"H3","920710",5,2168,42318,1251121,2
2008,381,1,752,"H3","920710",5,315,23397,456347,4
2008,381,2,752,"H3","920710",5,1513,6647,440865,6
2008,381,2,392,"H3","910291",5,565,185,27375,0
2008,381,1,752,"H3","902610",5,7756,8784,771465,4
2008,381,2,752,"H3","902610",5,79800,36093,1607039,4
2008,381,1,752,"H3","903089",1,,290,92631,0
2008,381,1,392,"H3","9208",1,,320,14356,0
2008,381,2,392,"H3","9208",1,,104,63774,0
2008,381,1,752,"H3","9208",1,,1045,90660,0
2008,381,2,752,"H3","9208",1,,67,1016,0
2008,381,1,392,"H3","920810",5,1275,260,8350,2
2008,381,2,392,"H3","920810",1,,104,63774,0
2008,381,2,752,"H3","903089",1,,941,114919,0
2008,381,1,752,"H3","9031",1,,193581,21812180,0
2008,381,2,752,"H3","9031",1,,214235,13857417,0
2008,381,1,752,"H3","900820",5,1,5,308,4
2008,381,1,392,"H3","900820",5,6,4,4487,0
2008,381,1,752,"H3","903180",1,,40725,11509915,0
2008,381,2,752,"H3","903180",1,,86382,5391114,0
2008,381,1,392,"H3","920930",8,9,9,10804,0
2008,381,2,392,"H3","920930",8,618,618,88490,0
2008,381,1,752,"H3","920930",8,26,26,3031,0
2008,381,2,752,"H3","920930",8,133,133,11078,0
2008,381,1,392,"H3","920991",8,541,541,26121,0
2008,381,2,392,"H3","920991",8,2470,2470,66748,0
2008,381,1,392,"H3","920992",8,845,845,64314,0
2008,381,2,392,"H3","920992",8,468,468,70198,0
2008,381,1,752,"H3","920992",8,40,40,5812,0
2008,381,2,752,"H3","920992",8,261,261,4387,0
2008,381,2,752,"H3","9033",8,42164,42164,2157755,0
2008,381,1,752,"H3","900720",5,249,10295,1103347,4
2008,381,1,752,"H3","903300",8,8852,8852,723329,0
2008,381,2,752,"H3","903300",8,42164,42164,2157755,0
2008,381,1,752,"H3","91",1,,,440309,0
2008,381,2,752,"H3","91",1,,,1249192,0
2008,381,1,392,"H3","9101",5,1188,95,83480,4
2008,381,1,752,"H3","900661",5,199,1586,279476,4
2008,381,2,392,"H3","900661",5,50,180,32132,0
2008,381,1,392,"H3","900661",5,4341,1883,1044725,0
2008,381,2,392,"H3","9101",5,4119,1824,2424058,0
2008,381,1,752,"H3","9101",5,3,4,63034,4
2008,381,2,392,"H3","9302",5,292,546,167349,0
2008,381,2,752,"H3","9101",5,50,11,48993,4
2008,381,2,392,"H3","930200",5,292,546,167349,0
2008,381,2,752,"H3","930200",5,105,225,79666,4
2008,381,1,392,"H3","9303",5,218,831,131044,0
2008,381,2,392,"H3","9303",5,455,1683,1014783,0
2008,381,1,752,"H3","9303",5,1,6,675,4
2008,381,2,752,"H3","9303",5,2814,13956,2927629,4
2008,381,2,392,"H3","930310",5,9,35,9096,0
2008,381,2,752,"H3","930310",5,8,42,3985,4
2008,381,1,392,"H3","910129",5,4,1,2371,0
2008,381,1,392,"H3","9032",1,,144404,7610118,0
2008,381,2,392,"H3","9032",1,,10159,1374749,0
2008,381,1,392,"H3","930330",5,214,813,95567,0
2008,381,2,392,"H3","930330",5,36,110,37201,0
2008,381,1,752,"H3","902750",1,,5004,3796612,0
2008,381,2,752,"H3","902750",5,168,2113,746660,2
2008,381,2,752,"H3","930390",5,408,406,19694,4
2008,381,1,392,"H3","9304",1,,18,4151,0
2008,381,1,752,"H3","9304",1,,44,13776,0
2008,381,2,752,"H3","9304",1,,291,15177,0
2008,381,1,392,"H3","930400",1,,18,4151,0
2008,381,1,752,"H3","930400",1,,44,13776,0
2008,381,2,752,"H3","930400",5,661,291,15177,2
2008,381,1,392,"H3","9305",8,446,446,56719,0
2008,381,2,392,"H3","9305",8,616,616,355053,0
2008,381,1,392,"H3","910519",5,3710,561,14291,0
2008,381,2,392,"H3","910519",5,11,33,6108,0
2008,381,1,392,"H3","930510",8,46,46,2539,0
2008,381,2,392,"H3","930510",8,26,26,5595,0
2008,381,1,752,"H3","930510",8,140,140,64019,0
2008,381,2,752,"H3","930510",8,319,319,63968,0
2008,381,2,392,"H3","930521",8,65,65,38354,0
2008,381,2,752,"H3","930521",8,325,325,120118,6
2008,381,1,392,"H3","930529",8,400,400,54180,0
2008,381,2,392,"H3","930529",8,489,489,300512,0
2008,381,1,752,"H3","930529",8,390,390,146284,0
2008,381,2,752,"H3","930529",8,636,636,89819,0
2008,381,2,392,"H3","930599",8,36,36,10592,0
2008,381,2,752,"H3","930599",8,12,12,1038,0
2008,381,1,752,"H3","910519",5,1338,1272,11924,4
2008,381,2,752,"H3","910519",5,1261,68,21578,4
2008,381,1,752,"H3","9106",5,12951,4376,89723,4
2008,381,2,392,"H3","930621",8,575599,575599,3315881,0
2008,381,2,752,"H3","9106",5,596,227,19837,4
2008,381,1,392,"H3","910690",5,14085,1388,322973,0
2008,381,2,392,"H3","930629",8,6643,6643,38084,0
2008,381,1,752,"H3","930629",8,34545,34545,134272,6
2008,381,2,752,"H3","930629",8,278437,278437,1537639,6
2008,381,2,392,"H3","930630",8,76,76,4622,0
2008,381,1,752,"H3","930630",8,55250,55250,520593,6
2008,381,2,752,"H3","930690",8,1098,1098,155263,0
2008,381,1,392,"H3","9307",8,77,77,106255,0
2008,381,1,752,"H3","9307",8,5,5,244,0
2008,381,2,752,"H3","9307",8,4,4,335,0
2008,381,2,392,"H3","910690",5,2927,59,17156,0
2008,381,1,752,"H3","910690",5,12951,4376,89723,4
2008,381,2,752,"H3","910690",5,571,220,16489,4
2008,381,1,392,"H3","94",1,,,2918376,0
2008,381,2,392,"H3","94",1,,,126538358,0
2008,381,1,752,"H3","910700",5,4682,,18217,0
2008,381,2,752,"H3","910700",5,74567,9200,803746,4
2008,381,1,392,"H3","9401",1,,39920,822031,0
2008,381,2,392,"H3","9401",1,,2297836,35092237,0
2008,381,1,392,"H3","910919",5,78000,527,22114,0
2008,381,2,392,"H3","910919",5,5,6,1559,0
2008,381,1,392,"H3","9110",1,,463,417517,0
2008,381,2,392,"H3","9110",1,,90,4547,0
2008,381,1,392,"H3","940120",5,2525,15413,335072,2
2008,381,2,392,"H3","940120",5,9635,107345,1119105,2
2008,381,1,752,"H3","940120",5,778,7226,103214,2
2008,381,2,752,"H3","940120",5,8671,110045,1007135,2
2008,381,1,392,"H3","940130",1,,13248,270948,0
2008,381,2,392,"H3","940130",1,,34731,399252,0
2008,381,1,392,"H3","911019",8,99,99,64385,0
2008,381,1,392,"H3","911110",5,2,0,3850,4
2008,381,2,392,"H3","911110",5,113,0,2926,4
2008,381,2,392,"H3","901730",5,2518,3496,423299,0
2008,381,2,392,"H3","940151",1,,160,14438,0
2008,381,2,752,"H3","940151",1,,768,15987,0
2008,381,2,392,"H3","940159",1,,4170,142748,0
2008,381,2,752,"H3","940159",1,,14926,145198,0
2008,381,1,392,"H3","901730",5,87731,26133,6710080,0
2008,381,2,392,"H3","911320",8,1,1,1567,6
2008,381,2,392,"H3","9017",1,,4485,499301,0
2008,381,1,392,"H3","9017",1,,30793,7099062,0
2008,381,1,392,"H3","911490",8,725,725,316559,0
2008,381,2,392,"H3","911490",8,282,282,507792,0
2008,381,1,752,"H3","911490",8,63,63,5663,0
2008,381,2,752,"H3","911490",8,13,13,915,0
2008,381,1,392,"H3","940171",1,,100,4007,0
2008,381,2,392,"H3","940171",1,,303930,7139943,0
2008,381,1,392,"H3","92",1,,,19200173,0
2008,381,1,752,"H3","901520",5,9,68,36628,2
2008,381,1,392,"H3","940179",1,,813,16626,0
2008,381,2,392,"H3","940179",1,,140834,1807241,0
2008,381,1,752,"H3","940179",1,,7494,139112,0
2008,381,2,752,"H3","940179",1,,259121,3500666,0
2008,381,2,392,"H3","901520",5,1,6,3242,2
2008,381,1,392,"H3","901520",5,4,79,16138,2
2008,381,2,392,"H3","92",1,,,10976410,0
2008,381,1,752,"H3","92",1,,,646882,0
2008,381,2,752,"H3","92",1,,,2175027,0
2008,381,2,752,"H3","9202",5,87,16,2312,4
2008,381,1,752,"H3","9205",1,,136,9225,0
2008,381,2,752,"H3","9205",1,,3379,348942,4
2008,381,1,392,"H3","9402",8,14209,14209,608513,0
2008,381,2,392,"H3","9402",8,29830,29830,553053,0
2008,381,1,392,"H3","9206",1,,20375,783469,0
2008,381,2,392,"H3","9206",1,,838,40480,0
2008,381,1,392,"H3","940210",8,9982,9982,365351,0
2008,381,2,392,"H3","940210",8,17290,17290,305504,0
2008,381,1,752,"H3","9206",1,,130,3806,0
2008,381,2,752,"H3","9206",1,,178,4206,0
2008,381,1,392,"H3","920600",5,14033,20375,783469,2
2008,381,2,392,"H3","920600",1,,838,40480,0
2008,381,1,752,"H3","920600",5,68,130,3806,2
2008,381,2,752,"H3","920600",1,,178,4206,0
2008,381,1,392,"H3","920790",5,4314,17522,1375978,2
2008,381,2,392,"H3","920790",5,2475,17015,735633,2
2008,381,1,752,"H3","920790",5,11,44,2066,2
2008,381,2,752,"H3","920790",5,201,340,57755,6
2008,381,1,392,"H3","920994",8,88088,88088,3538614,0
2008,381,2,392,"H3","920994",8,26280,26280,674304,0
2008,381,1,752,"H3","920994",8,300,300,34768,0
2008,381,2,752,"H3","920994",8,79394,79394,1228131,0
2008,381,1,392,"H3","940320",8,7988,7988,110553,0
2008,381,2,392,"H3","940320",8,237041,237041,2567716,0
2008,381,1,392,"H3","920999",8,4019,4019,227078,0
2008,381,2,392,"H3","920999",8,13676,13676,1653332,0
2008,381,1,752,"H3","920999",8,5,5,1109,0
2008,381,2,752,"H3","920999",8,1691,1691,36569,0
2008,381,2,392,"H3","9306",8,582318,582318,3358586,0
2008,381,1,752,"H3","9306",8,144611,144611,990999,6
2008,381,1,392,"H3","940340",1,,881,15814,0
2008,381,2,392,"H3","940340",5,40768,209520,1875634,2
2008,381,2,752,"H3","9306",8,327671,327671,1958787,6
2008,381,1,392,"H3","911011",5,58237,349,339816,0
2008,381,2,392,"H3","940350",5,8363,111203,595372,2
2008,381,1,392,"H3","911090",8,15,15,13316,0
2008,381,2,392,"H3","911090",8,90,90,4547,0
2008,381,1,392,"H3","940360",5,1083,13373,138747,2
2008,381,2,392,"H3","940360",5,476586,1992848,29274178,2
2008,381,1,392,"H3","940161",5,35,130,5622,2
2008,381,2,392,"H3","940161",5,77123,707149,12285753,2
2008,381,1,392,"H3","940370",8,2094,2094,49097,0
2008,381,2,392,"H3","940370",8,303455,303455,1974130,0
2008,381,1,752,"H3","940161",5,853,5032,135298,2
2008,381,2,752,"H3","940161",5,105622,1217655,16825696,2
2008,381,2,392,"H3","940381",8,42039,42039,1626961,0
2008,381,1,752,"H3","940381",8,202,202,1809,0
2008,381,2,752,"H3","940381",8,13904,13904,204637,0
2008,381,1,392,"H3","911420",8,8,8,3559,0
2008,381,1,752,"H3","9402",8,7619,7619,267518,0
2008,381,2,752,"H3","9402",8,52063,52063,991022,0
2008,381,1,392,"H3","9403",1,,49766,609081,0
2008,381,1,392,"H3","940390",8,18090,18090,183690,0
2008,381,2,392,"H3","940390",8,2290102,2290102,9727938,0
2008,381,2,392,"H3","9403",1,,7032613,63607557,0
2008,381,1,752,"H3","93",1,,,1235145,0
2008,381,1,392,"H3","9404",1,,7203,122101,0
2008,381,2,392,"H3","9404",1,,1098895,12999360,0
2008,381,2,752,"H3","93",1,,,5640212,0
2008,381,1,752,"H3","940389",8,1924,1924,43578,0
2008,381,2,752,"H3","940389",8,46503,46503,623297,0
2008,381,1,752,"H3","940320",8,183101,183101,1981059,0
2008,381,2,752,"H3","940320",8,1631994,1631994,8607819,0
2008,381,1,392,"H3","940421",5,1376,7020,109804,2
2008,381,2,392,"H3","940421",5,165064,829773,7874887,2
2008,381,2,752,"H3","940330",5,12411,78480,508298,2
2008,381,2,392,"H3","940429",1,,63509,639218,0
2008,381,1,392,"H3","940330",1,,4302,66764,0
2008,381,2,392,"H3","940330",5,138314,1335678,5664555,2
2008,381,1,752,"H3","940330",1,,25196,536086,0
2008,381,1,752,"H3","940340",1,,75,1255,0
2008,381,1,392,"H3","940490",8,183,183,12297,0
2008,381,2,392,"H3","940490",8,204215,204215,4440791,0
2008,381,2,752,"H3","940340",5,128538,552839,5913674,2
2008,381,2,392,"H3","940410",8,1398,1398,44465,0
2008,381,1,752,"H3","940410",8,4200,4200,36092,0
2008,381,2,752,"H3","940410",8,1265,1265,15363,0
2008,381,2,392,"H3","9103",5,187,36,4873,0
2008,381,1,752,"H3","9103",5,88,42,1323,4
2008,381,2,752,"H3","9103",5,40,0,220,4
2008,381,2,392,"H3","910390",5,180,32,2743,0
2008,381,1,752,"H3","910390",5,75,23,363,4
2008,381,1,752,"H3","930330",5,1,6,675,4
2008,381,2,752,"H3","930330",5,337,3003,573479,4
2008,381,2,392,"H3","910511",5,3,1,5672,0
2008,381,2,752,"H3","910511",5,103,7,1195,4
2008,381,1,752,"H3","940429",5,1071,3021,100214,2
2008,381,1,752,"H3","940530",8,16,16,297,0
2008,381,2,752,"H3","940530",8,272,272,1581,0
2008,381,1,392,"H3","940540",8,2916,2916,352574,0
2008,381,2,392,"H3","940540",8,126066,126066,6368719,0
2008,381,1,752,"H3","930621",8,54816,54816,336135,6
2008,381,2,752,"H3","930621",8,48136,48136,265886,6
2008,381,1,392,"H3","910819",5,472,9,3675,0
2008,381,2,752,"H3","910820",5,9,1,7864,4
2008,381,2,392,"H3","940110",5,1438,15456,222098,2
2008,381,1,392,"H3","940560",8,150,150,8940,0
2008,381,2,392,"H3","940560",8,2110,2110,131074,0
2008,381,1,752,"H3","940560",8,11432,11432,166417,0
2008,381,2,752,"H3","940560",8,4326,4326,100281,0
2008,381,1,392,"H3","940591",8,485,485,7549,0
2008,381,2,392,"H3","940591",8,6229,6229,230881,0
2008,381,1,752,"H3","940591",8,6157,6157,33520,0
2008,381,2,752,"H3","940591",8,16495,16495,207594,0
2008,381,1,752,"H3","940110",5,10,2053,65354,2
2008,381,1,752,"H3","940130",1,,8285,63823,0
2008,381,2,752,"H3","940130",1,,389715,1935607,0
2008,381,1,752,"H3","940360",5,14993,265759,1920502,2
2008,381,2,392,"H3","940140",1,,5443,156972,0
2008,381,2,752,"H3","940140",1,,19383,383702,0
2008,381,2,752,"H3","940360",5,152037,1437095,9338832,2
2008,381,1,392,"H3","940389",8,1296,1296,26698,0
2008,381,1,392,"H3","940169",5,185,534,9390,2
2008,381,2,392,"H3","940389",8,253373,253373,5748998,0
2008,381,2,392,"H3","940169",5,64783,225751,2090141,2
2008,381,1,752,"H3","940169",5,5946,35396,302023,2
2008,381,2,752,"H3","940169",5,25139,102438,811080,2
2008,381,1,752,"H3","940171",1,,4919,96617,0
2008,381,2,752,"H3","940171",1,,503667,5278627,0
2008,381,1,392,"H3","940180",1,,3505,63038,0
2008,381,1,392,"H3","95",1,,,13643752,0
2008,381,2,392,"H3","95",1,,,23983892,0
2008,381,2,392,"H3","940180",1,,568354,7624032,0
2008,381,1,752,"H3","940180",1,,6191,87267,0
2008,381,2,752,"H3","940180",1,,265058,1439351,0
2008,381,1,392,"H3","940190",8,6177,6177,117329,0
2008,381,2,392,"H3","940190",8,184513,184513,2090514,0
2008,381,1,752,"H3","940190",8,15874,15874,201800,0
2008,381,1,392,"H3","950300",8,55670,55670,3667896,0
2008,381,2,392,"H3","950300",8,95693,95693,3459961,0
2008,381,2,752,"H3","940190",8,673118,673118,6623610,0
2008,381,1,392,"H3","920590",1,,981,676452,0
2008,381,2,392,"H3","920590",5,500,2184,561242,2
2008,381,1,752,"H3","920590",1,,136,9225,0
2008,381,2,752,"H3","920590",5,1422,3379,348942,6
2008,381,1,392,"H3","940290",8,4227,4227,243162,0
2008,381,1,392,"H3","950410",8,8240,8240,464884,0
2008,381,2,392,"H3","950410",8,25,25,4992,0
2008,381,1,752,"H3","950410",8,940,940,95840,0
2008,381,2,392,"H3","940290",8,12540,12540,247550,0
2008,381,1,752,"H3","940290",8,6644,6644,210092,0
2008,381,2,752,"H3","940290",8,4266,4266,92620,0
2008,381,1,392,"H3","950430",5,252,9017,128652,2
2008,381,2,392,"H3","950430",5,14,112,5948,2
2008,381,1,752,"H3","940390",8,342787,342787,1595679,0
2008,381,2,752,"H3","940390",8,24730330,24730330,62619389,0
2008,381,1,392,"H3","950440",10,2778,1,2483,2
2008,381,2,392,"H3","950440",10,15900,726,25767,2
2008,381,1,752,"H3","950440",10,688,46,615,2
2008,381,2,752,"H3","950440",10,5679,525,9203,2
2008,381,1,392,"H3","950490",1,,8414,2173067,0
2008,381,2,392,"H3","950490",1,,4276,731423,0
2008,381,1,752,"H3","950490",1,,3805,39992,0
2008,381,2,752,"H3","950490",1,,1194,8883,0
2008,381,1,392,"H3","920890",1,,60,6005,0
2008,381,1,752,"H3","920890",1,,1045,90660,0
2008,381,2,752,"H3","920890",1,,67,1016,0
2008,381,2,752,"H3","940421",5,62,564,2958,2
2008,381,1,392,"H3","950510",8,23,23,4744,0
2008,381,2,392,"H3","950510",8,26867,26867,162608,0
2008,381,1,752,"H3","950510",8,931,931,18173,0
2008,381,2,752,"H3","950510",8,1284,1284,17137,0
2008,381,1,392,"H3","950590",8,627,627,46912,0
2008,381,2,392,"H3","950590",8,3030,3030,158393,0
2008,381,2,752,"H3","940429",1,,9791,32042,0
2008,381,1,392,"H3","93",1,,,298169,0
2008,381,2,392,"H3","93",1,,,4895771,0
2008,381,1,752,"H3","9404",1,,21152,334144,4
2008,381,2,752,"H3","9404",1,,86082,1057793,4
2008,381,2,752,"H3","9405",8,678357,678357,19918492,0
2008,381,2,392,"H3","950611",6,4413,19193,1071105,2
2008,381,1,392,"H3","940510",8,2115,2115,147091,0
2008,381,2,392,"H3","940510",8,129153,129153,5929554,0
2008,381,2,392,"H3","950612",8,13372,13372,341664,0
2008,381,2,752,"H3","950612",8,7076,7076,201780,0
2008,381,2,392,"H3","910310",5,7,4,2130,0
2008,381,1,752,"H3","910310",5,13,19,960,4
2008,381,2,752,"H3","910310",5,40,0,220,4
2008,381,1,752,"H3","940510",8,64164,64164,3819920,0
2008,381,2,392,"H3","950621",1,,2015,127142,0
2008,381,2,752,"H3","950621",1,,210,17890,0
2008,381,2,392,"H3","950629",1,,38438,2977916,0
2008,381,2,752,"H3","940510",8,193452,193452,6201182,0
2008,381,1,752,"H3","940520",8,168637,168637,765580,0
2008,381,1,392,"H3","950631",5,4814,3431,1023497,0
2008,381,2,392,"H3","950631",5,89,40,1787,0
2008,381,2,752,"H3","940520",8,23122,23122,707162,0
2008,381,1,752,"H3","940540",8,41726,41726,856736,0
2008,381,1,752,"H3","940490",8,12669,12669,187672,0
2008,381,1,392,"H3","950639",8,409,409,41861,0
2008,381,2,392,"H3","950639",8,591,591,18752,0
2008,381,1,752,"H3","950639",8,392,392,20776,0
2008,381,2,752,"H3","940490",8,74249,74249,1003162,0
2008,381,2,752,"H3","940540",8,351358,351358,10775319,0
2008,381,2,752,"H3","940550",8,10194,10194,245150,0
2008,381,1,392,"H3","940599",8,149,149,7772,0
2008,381,2,392,"H3","940599",8,10691,10691,467162,0
2008,381,1,752,"H3","940599",8,10499,10499,236547,0
2008,381,2,752,"H3","940599",8,63669,63669,1392705,0
2008,381,1,392,"H3","911180",5,1,13,4123,4
2008,381,1,752,"H3","9406",1,,83413,754262,0
2008,381,1,392,"H3","950669",5,19042,1065,24196,2
2008,381,2,392,"H3","950669",5,3974,500,8153,2
2008,381,2,752,"H3","9406",1,,18338,283424,0
2008,381,2,392,"H3","950670",6,2804,4654,173805,2
2008,381,1,752,"H3","940600",1,,83413,754262,0
2008,381,2,752,"H3","940600",1,,18338,283424,0
2008,381,1,392,"H3","950691",8,587,587,28140,0
2008,381,2,392,"H3","950691",8,758060,758060,10450437,0
2008,381,1,752,"H3","95",1,,,4165603,0
2008,381,2,752,"H3","95",1,,,18572301,0
2008,381,1,392,"H3","950699",1,,3362,359462,0
2008,381,2,392,"H3","950699",5,400394,200356,2507605,2
2008,381,1,392,"H3","9503",8,55670,55670,3667896,0
2008,381,2,392,"H3","9503",8,95693,95693,3459961,0
2008,381,1,392,"H3","9507",1,,54297,5467690,0
2008,381,2,392,"H3","9507",1,,882,114897,0
2008,381,1,392,"H3","9405",8,9700,9700,722776,0
2008,381,2,392,"H3","9405",8,295089,295089,14102705,0
2008,381,1,752,"H3","9405",8,312444,312444,6068004,0
2008,381,1,392,"H3","950659",1,,50,6515,0
2008,381,2,752,"H3","950659",5,61,14,501,2
2008,381,1,392,"H3","950720",8,22679,22679,1908966,0
2008,381,2,392,"H3","950720",8,30,30,9354,0
2008,381,1,752,"H3","950720",8,3356,3356,285057,0
2008,381,2,752,"H3","950720",8,27,27,1179,0
2008,381,1,392,"H3","950730",1,,5230,962261,0
2008,381,1,752,"H3","950730",1,,1342,54120,0
2008,381,2,752,"H3","950730",5,1207,1277,30079,2
2008,381,1,392,"H3","950790",1,,24452,2239210,0
2008,381,2,392,"H3","950790",1,,852,105543,0
2008,381,1,752,"H3","950790",1,,821,74052,0
2008,381,2,752,"H3","950790",1,,15493,248806,0
2008,381,1,392,"H3","911430",8,4,4,6527,0
2008,381,2,752,"H3","911430",8,8,8,790,0
2008,381,1,752,"H3","950691",8,4623,4623,98419,0
2008,381,2,752,"H3","950691",8,693908,693908,8638594,0
2008,381,2,752,"H3","950810",8,3200,3200,137028,0
2008,381,1,392,"H3","9504",1,,25672,2769086,0
2008,381,2,392,"H3","9504",1,,5466,775044,0
2008,381,1,752,"H3","940210",8,975,975,57427,0
2008,381,2,752,"H3","940210",8,47797,47797,898402,0
2008,381,1,392,"H3","96",1,,,36029939,0
2008,381,2,392,"H3","96",1,,,8046005,0
2008,381,2,392,"H3","950420",8,327,327,6915,0
2008,381,1,752,"H3","950420",8,173,173,6886,0
2008,381,1,392,"H3","9601",8,4520,4520,421685,0
2008,381,2,392,"H3","9601",8,130,130,483138,6
2008,381,2,752,"H3","950420",8,532,532,3829,0
2008,381,1,392,"H3","9505",8,650,650,51656,0
2008,381,2,392,"H3","960110",8,14,14,2559,6
2008,381,2,752,"H3","960110",8,115,115,3603,0
2008,381,1,752,"H3","950590",8,660,660,6562,0
2008,381,2,752,"H3","950590",8,27728,27728,335909,0
2008,381,1,752,"H3","9506",1,,126251,1224407,4
2008,381,2,752,"H3","9506",1,,1005035,12860926,4
2008,381,1,392,"H3","9602",8,1385,1385,228128,0
2008,381,2,392,"H3","9602",8,1493,1493,33277,0
2008,381,1,752,"H3","9602",8,5,5,82,0
2008,381,2,752,"H3","9602",8,1132,1132,16310,0
2008,381,1,392,"H3","960200",8,1385,1385,228128,0
2008,381,2,392,"H3","960200",8,1493,1493,33277,0
2008,381,1,752,"H3","960200",8,5,5,82,0
2008,381,2,752,"H3","960200",8,1132,1132,16310,0
2008,381,1,392,"H3","9603",1,,1786,201195,0
2008,381,2,392,"H3","9603",1,,53637,732569,0
2008,381,2,752,"H3","950710",1,,2111,84121,0
2008,381,1,392,"H3","9508",8,24,24,2241,0
2008,381,1,392,"H3","960310",5,2,1,1953,0
2008,381,2,392,"H3","960310",5,50,13,1835,0
2008,381,2,752,"H3","960310",5,88103,23098,89519,4
2008,381,1,392,"H3","960321",5,43040,933,59711,0
2008,381,2,392,"H3","9508",8,9779,9779,431781,0
2008,381,1,752,"H3","9508",8,193105,193105,666958,0
2008,381,1,392,"H3","960329",5,513,76,11616,0
2008,381,2,392,"H3","960329",5,9004,1397,34730,2
2008,381,1,752,"H3","950670",6,6201,41516,398859,6
2008,381,2,752,"H3","950670",6,5727,22525,450905,6
2008,381,1,392,"H3","960330",5,306642,140,30200,0
2008,381,2,392,"H3","960330",5,3100217,1857,61638,0
2008,381,2,752,"H3","9508",8,73001,73001,1836464,0
2008,381,1,392,"H3","960340",5,2240,279,16423,0
2008,381,2,392,"H3","960340",5,5272,343,16130,0
2008,381,1,752,"H3","960340",5,1100,974,6280,4
2008,381,2,752,"H3","960340",5,82107,7373,71487,4
2008,381,1,752,"H3","950699",1,,51043,608605,0
2008,381,2,752,"H3","950699",5,157808,172137,988325,2
2008,381,1,752,"H3","9507",1,,5813,439466,0
2008,381,2,752,"H3","9507",1,,18908,364185,0
2008,381,1,392,"H3","960390",1,,291,24225,0
2008,381,2,392,"H3","960390",1,,12589,158440,0
2008,381,1,752,"H3","950890",8,193105,193105,666958,0
2008,381,2,752,"H3","950890",8,69801,69801,1699436,0
2008,381,1,392,"H3","9604",1,,12,1555,0
2008,381,2,752,"H3","9604",1,,224,2547,0
2008,381,1,392,"H3","960400",1,,12,1555,0
2008,381,2,752,"H3","960400",1,,224,2547,0
2008,381,1,752,"H3","9601",8,340,340,9553,0
2008,381,2,752,"H3","9601",8,131,131,4214,0
2008,381,1,752,"H3","9403",1,,861618,6658697,0
2008,381,2,752,"H3","9403",1,,30222160,94366705,0
2008,381,1,392,"H3","940310",8,1742,1742,17719,0
2008,381,2,392,"H3","940310",8,257354,257354,4552075,0
2008,381,1,752,"H3","940310",8,11971,11971,208203,0
2008,381,2,752,"H3","940310",8,257537,257537,782980,0
2008,381,1,752,"H3","950710",1,,294,26237,0
2008,381,1,392,"H3","940520",8,3843,3843,190152,0
2008,381,1,392,"H3","960610",8,1358,1358,66968,0
2008,381,2,392,"H3","960610",8,830,830,50257,0
2008,381,2,392,"H3","940520",8,16281,16281,812001,0
2008,381,1,392,"H3","930700",8,77,77,106255,0
2008,381,1,392,"H3","960621",8,1163,1163,46912,0
2008,381,2,392,"H3","960621",8,2168,2168,135477,0
2008,381,1,752,"H3","930700",8,5,5,244,0
2008,381,2,752,"H3","930700",8,4,4,335,0
2008,381,1,392,"H3","960622",8,1746,1746,72839,0
2008,381,2,392,"H3","960622",8,1838,1838,132030,0
2008,381,1,752,"H3","960622",8,1354,1354,48338,0
2008,381,2,752,"H3","960622",8,4020,4020,315963,0
2008,381,1,392,"H3","960629",8,1889,1889,157503,0
2008,381,2,392,"H3","960629",8,1909,1909,420304,0
2008,381,1,752,"H3","960629",8,32,32,1667,0
2008,381,2,752,"H3","960629",8,863,863,67640,0
2008,381,1,752,"H3","94",1,,,15827501,0
2008,381,2,752,"H3","94",1,,,156123545,0
2008,381,1,392,"H3","9607",8,253921,253921,7025844,0
2008,381,2,392,"H3","9607",8,15052,15052,446289,0
2008,381,1,752,"H3","9401",1,,92470,1194508,0
2008,381,2,752,"H3","9401",1,,3555894,37966660,0
2008,381,1,392,"H3","960711",8,80,80,3151,0
2008,381,2,392,"H3","960711",8,912,912,151900,0
2008,381,1,752,"H3","960711",8,81,81,3569,6
2008,381,2,752,"H3","960711",8,121,121,3088,6
2008,381,1,392,"H3","960719",8,15390,15390,425495,0
2008,381,2,392,"H3","960719",8,13727,13727,251173,0
2008,381,2,752,"H3","960719",8,220,220,10191,6
2008,381,1,392,"H3","960720",8,238451,238451,6597198,0
2008,381,2,392,"H3","960720",8,413,413,43215,0
2008,381,1,752,"H3","960720",8,65,65,695,0
2008,381,2,752,"H3","960720",8,665,665,12364,0
2008,381,1,392,"H3","9608",1,,570626,22927598,0
2008,381,2,392,"H3","9608",1,,20972,2686903,0
2008,381,1,752,"H3","940350",5,1704,17343,247081,2
2008,381,2,752,"H3","940350",5,33171,961239,2361527,2
2008,381,1,392,"H3","940600",1,,170040,33874,0
2008,381,2,392,"H3","940600",1,,31680,183445,0
2008,381,1,392,"H3","950890",8,24,24,2241,0
2008,381,2,392,"H3","950890",8,9779,9779,431781,0
2008,381,1,392,"H3","960820",5,9468122,248291,6283035,0
2008,381,2,392,"H3","960820",5,63428,6901,822018,0
2008,381,1,752,"H3","960820",5,596838,7710,98128,4
2008,381,2,752,"H3","960820",5,5540181,70582,573714,4
2008,381,1,392,"H3","9209",8,93502,93502,3866932,0
2008,381,2,392,"H3","9209",8,43512,43512,2553071,0
2008,381,1,752,"H3","9209",8,371,371,44719,0
2008,381,2,752,"H3","9209",8,81479,81479,1280164,0
2008,381,1,752,"H3","950629",1,,444,8845,0
2008,381,2,752,"H3","950629",1,,54896,945988,0
2008,381,1,752,"H3","960610",8,414,414,35316,0
2008,381,2,752,"H3","960610",8,2115,2115,61690,0
2008,381,1,752,"H3","9305",8,530,530,210303,0
2008,381,2,752,"H3","9305",8,1292,1292,274943,6
2008,381,1,392,"H3","960850",1,,702,43575,0
2008,381,2,392,"H3","960850",5,166668,1429,110117,2
2008,381,1,752,"H3","960321",5,2582,381,4760,4
2008,381,1,752,"H3","940370",8,13260,13260,123444,0
2008,381,1,392,"H3","960860",5,4961715,30198,3181255,0
2008,381,2,392,"H3","960860",5,27239,630,47969,0
2008,381,1,752,"H3","960860",5,1156,31,675,4
2008,381,2,752,"H3","960860",5,16582,182,1311,4
2008,381,2,752,"H3","940370",8,512239,512239,3406252,0
2008,381,2,752,"H3","960321",5,2084616,47927,989200,4
2008,381,1,392,"H3","960899",8,559,559,100112,0
2008,381,2,392,"H3","960899",8,1840,1840,251934,0
2008,381,2,752,"H3","960899",8,55,55,1452,0
2008,381,1,392,"H3","9609",8,1758,1758,86337,0
2008,381,2,392,"H3","9609",8,1114,1114,25443,0
2008,381,1,752,"H3","9609",8,38485,38485,212099,0
2008,381,2,752,"H3","9609",8,2828,2828,17455,0
2008,381,1,752,"H3","9606",8,1981,1981,100529,0
2008,381,2,752,"H3","9606",8,14603,14603,947159,0
2008,381,2,752,"H3","950651",5,11,18,264,2
2008,381,1,752,"H3","960621",8,181,181,15209,0
2008,381,2,752,"H3","960621",8,7605,7605,501866,0
2008,381,1,752,"H3","9607",8,146,146,4264,6
2008,381,2,392,"H3","960990",8,1025,1025,15598,0
2008,381,2,752,"H3","960990",8,2696,2696,15199,0
2008,381,1,752,"H3","9610",8,1500,1500,6963,0
2008,381,1,752,"H3","961000",8,1500,1500,6963,0
2008,381,1,392,"H3","9611",8,342,342,30096,0
2008,381,2,392,"H3","9611",8,281,281,45434,0
2008,381,1,752,"H3","9611",8,39,39,1719,0
2008,381,2,752,"H3","9611",8,1715,1715,120773,0
2008,381,1,392,"H3","961100",8,342,342,30096,0
2008,381,2,392,"H3","961100",8,281,281,45434,0
2008,381,2,752,"H3","9607",8,1006,1006,25642,6
2008,381,1,392,"H3","950662",5,46980,1055,133031,2
2008,381,1,392,"H3","9612",1,,72010,3925316,0
2008,381,2,392,"H3","9612",1,,5136,116302,0
2008,381,2,392,"H3","950662",5,59805,19076,119319,2
2008,381,2,752,"H3","950662",5,20315,4153,40531,2
2008,381,1,392,"H3","961210",1,,70047,3806805,0
2008,381,2,392,"H3","961210",1,,5136,116302,0
2008,381,2,752,"H3","960330",5,55660,501,6188,4
2008,381,1,392,"H3","950632",5,1064,65,3872,0
2008,381,1,392,"H3","961220",1,,1963,118511,0
2008,381,1,752,"H3","961220",1,,51,2678,0
2008,381,2,752,"H3","961220",1,,6,154,0
2008,381,2,392,"H3","950632",5,900,150,6745,0
2008,381,1,752,"H3","950632",5,39,29,339,4
2008,381,2,752,"H3","960910",8,132,132,2257,0
2008,381,2,392,"H3","940550",8,1009,1009,86727,0
2008,381,1,392,"H3","960630",8,2738,2738,266551,0
2008,381,2,392,"H3","960630",8,69,69,4613,0
2008,381,1,752,"H3","940550",8,3557,3557,39133,0
2008,381,1,392,"H3","9406",1,,170040,33874,0
2008,381,2,392,"H3","9406",1,,31680,183445,0
2008,381,1,392,"H3","961380",5,17358,134,32819,2
2008,381,2,392,"H3","961380",5,3788,82,18827,2
2008,381,1,752,"H3","961380",5,2146,142,4058,2
2008,381,2,752,"H3","961380",5,10415,1490,51763,2
2008,381,1,752,"H3","960910",8,38472,38472,211306,0
2008,381,1,752,"H3","950611",6,4,34,1217,4
2008,381,2,752,"H3","950611",6,3689,16297,747062,6
2008,381,1,392,"H3","950619",8,22,22,2020,0
2008,381,1,392,"H3","9614",8,1911,1911,80890,0
2008,381,2,392,"H3","9614",8,862,862,122958,0
2008,381,1,752,"H3","9614",8,18,18,2622,0
2008,381,2,752,"H3","9614",8,96,96,10032,0
2008,381,1,392,"H3","961400",8,1911,1911,80890,0
2008,381,2,392,"H3","961400",8,862,862,122958,0
2008,381,1,752,"H3","961400",8,18,18,2622,0
2008,381,2,752,"H3","961400",8,96,96,10032,0
2008,381,1,392,"H3","9615",8,16,16,7343,0
2008,381,2,392,"H3","9615",8,2441,2441,841393,0
2008,381,1,752,"H3","9615",8,115,115,4910,0
2008,381,2,752,"H3","9615",8,24058,24058,311493,0
2008,381,2,392,"H3","961511",8,776,776,371503,0
2008,381,1,752,"H3","961511",8,1,1,35,0
2008,381,2,752,"H3","961511",8,3572,3572,91142,0
2008,381,2,392,"H3","961519",8,604,604,279970,0
2008,381,2,392,"H3","950619",8,23321,23321,1076777,0
2008,381,1,752,"H3","950619",8,289,289,5638,0
2008,381,2,752,"H3","950619",8,33483,33483,824974,0
2008,381,2,752,"H3","930320",5,2061,10505,2330470,4
2008,381,1,392,"H3","960840",5,551115,8308,461514,0
2008,381,1,392,"H3","9616",8,1986,1986,157551,0
2008,381,2,392,"H3","9616",8,6770,6770,135542,0
2008,381,2,752,"H3","9616",8,85414,85414,3180543,0
2008,381,1,752,"H3","960840",5,428,68,1229,4
2008,381,2,752,"H3","960840",5,3436,21,1342,4
2008,381,1,392,"H3","950651",5,2686,502,62589,2
2008,381,1,392,"H3","9617",8,5616,5616,70914,0
2008,381,1,752,"H3","9617",8,1882,1882,18992,0
2008,381,2,752,"H3","9617",8,92,92,1044,0
2008,381,1,392,"H3","961320",5,7962,680,106941,0
2008,381,1,752,"H3","961100",8,39,39,1719,0
2008,381,2,752,"H3","961100",8,1715,1715,120773,0
2008,381,1,392,"H3","9618",8,394,394,46567,0
2008,381,2,392,"H3","9618",8,34281,34281,1568654,0
2008,381,1,752,"H3","961320",5,5329,471,4506,4
2008,381,1,752,"H3","9608",1,,11791,165756,4
2008,381,1,392,"H3","961800",8,394,394,46567,0
2008,381,2,392,"H3","961800",8,34281,34281,1568654,0
2008,381,2,752,"H3","9608",1,,126863,1798072,4
2008,381,1,392,"H3","960810",5,14603758,237975,9725597,0
2008,381,1,392,"H3","97",1,,,3680014,0
2008,381,2,392,"H3","97",1,,,1271061,0
2008,381,1,752,"H3","950661",5,106352,25985,53872,2
2008,381,1,752,"H3","9612",1,,88,3787,0
2008,381,1,392,"H3","9701",1,,2267,759088,0
2008,381,2,392,"H3","9701",1,,3220,846153,0
2008,381,2,752,"H3","9612",1,,1641,77664,0
2008,381,2,752,"H3","961320",5,5,9,31,4
2008,381,1,392,"H3","970110",1,,1272,587023,0
2008,381,2,392,"H3","970110",1,,2842,757009,0
2008,381,2,752,"H3","950669",5,2005,318,4114,2
2008,381,2,392,"H3","960810",5,198926,8459,1227836,0
2008,381,1,392,"H3","970190",8,995,995,172066,0
2008,381,2,392,"H3","970190",8,378,378,89143,0
2008,381,1,752,"H3","970190",8,479,479,123689,0
2008,381,2,752,"H3","970190",8,8,8,210,0
2008,381,1,392,"H3","9702",1,,10,12259,0
2008,381,2,392,"H3","9702",1,,657,28523,0
2008,381,1,752,"H3","9702",1,,81,18647,0
2008,381,2,752,"H3","9702",1,,8,512,0
2008,381,1,392,"H3","970200",1,,10,12259,0
2008,381,2,392,"H3","970200",1,,657,28523,0
2008,381,1,752,"H3","970200",1,,81,18647,0
2008,381,2,752,"H3","970200",1,,8,512,0
2008,381,1,392,"H3","9703",1,,6138,2137335,0
2008,381,2,392,"H3","9703",1,,35515,373886,0
2008,381,1,752,"H3","9703",1,,120,40014,0
2008,381,1,392,"H3","970300",1,,6138,2137335,0
2008,381,2,392,"H3","970300",1,,35515,373886,0
2008,381,1,752,"H3","970300",1,,120,40014,0
2008,381,2,392,"H3","9704",8,5,5,19997,0
2008,381,1,752,"H3","9704",8,1,1,818,0
2008,381,2,392,"H3","970400",8,5,5,19997,0
2008,381,1,752,"H3","970400",8,1,1,818,0
2008,381,1,392,"H3","9705",8,2178,2178,531834,0
2008,381,2,392,"H3","9705",8,30,30,2503,0
2008,381,1,392,"H3","970500",8,2178,2178,531834,0
2008,381,2,392,"H3","970500",8,30,30,2503,0
2008,381,1,392,"H3","9706",8,645,645,239499,0
2008,381,1,752,"H3","9706",8,26,26,10375,0
2008,381,1,392,"H3","970600",8,645,645,239499,0
2008,381,1,752,"H3","970600",8,26,26,10375,0
2008,381,1,752,"H3","960810",5,43824,3968,65454,4
2008,381,2,752,"H3","960810",5,4318852,54650,1159745,4
2008,381,1,752,"H3","960390",1,,14330,263442,0
2008,381,1,392,"H3","9999",1,,,3820555,0
2008,381,2,392,"H3","960831",5,1550,200,6062,0
2008,381,2,752,"H3","960390",1,,275993,2706426,4
2008,381,1,392,"H3","999999",1,,,3820555,0
2008,381,1,752,"H3","999999",1,,,79611870,0
2008,381,2,752,"H3","999999",1,,,78907643,0
2008,381,1,392,"H3","950710",1,,1936,357253,0
2008,381,1,752,"H3","96",1,,,1364309,0
2008,381,2,752,"H3","96",1,,,13168560,0
2008,381,2,392,"H3","960500",5,90145,291,27378,2
2008,381,1,826,"H3","01",1,,,10575538,0
2008,381,2,826,"H3","01",1,,,2081815,0
2008,381,1,826,"H3","0101",5,1,,253,0
2008,381,2,826,"H3","0101",5,5,,908429,0
2008,381,2,826,"H3","010110",5,4,,902946,0
2008,381,1,826,"H3","010190",5,1,,253,0
2008,381,2,826,"H3","010190",5,1,,5484,0
2008,381,1,826,"H3","0102",5,1207,828775,2016420,4
2008,381,2,826,"H3","0102",5,22,101538,387606,4
2008,381,2,826,"H3","010210",5,22,101538,387606,4
2008,381,1,826,"H3","010290",5,1207,828775,2016420,4
2008,381,1,752,"H3","960500",1,,1,28,0
2008,381,2,752,"H3","960500",5,972,19,295,2
2008,381,1,752,"H3","960831",5,3,1,19,4
2008,381,1,826,"H3","0104",5,131,4334,9686,4
2008,381,1,826,"H3","010410",5,120,4150,9130,4
2008,381,1,826,"H3","010420",5,11,184,556,4
2008,381,2,752,"H3","960831",5,2,1,294,4
2008,381,1,752,"H3","940430",5,243,1262,10165,4
2008,381,2,752,"H3","940430",5,356,213,4267,4
2008,381,1,826,"H3","0106",1,,10667,504741,4
2008,381,2,826,"H3","0106",1,,1405,277617,0
2008,381,1,826,"H3","010619",1,,247,53370,4
2008,381,1,392,"H3","930320",5,4,18,35477,0
2008,381,1,826,"H3","010690",1,,8420,399633,0
2008,381,2,826,"H3","010690",1,,1405,277617,0
2008,381,1,826,"H3","02",1,,,80641843,0
2008,381,2,826,"H3","02",1,,,137349840,0
2008,381,1,826,"H3","0201",8,3442297,3442297,34581982,0
2008,381,2,826,"H3","0201",8,1346487,1346487,11465451,0
2008,381,1,826,"H3","020110",8,300894,300894,1714666,0
2008,381,2,826,"H3","020110",8,7310,7310,39412,0
2008,381,1,826,"H3","020120",8,527955,527955,4945050,0
2008,381,2,826,"H3","020120",8,41145,41145,257805,0
2008,381,1,826,"H3","020130",8,2613448,2613448,27922266,0
2008,381,2,826,"H3","020130",8,1298032,1298032,11168233,0
2008,381,1,826,"H3","0202",8,553846,553846,6441805,0
2008,381,2,826,"H3","0202",8,1366000,1366000,9752719,0
2008,381,2,392,"H3","930320",5,410,1538,968486,0
2008,381,2,392,"H3","961610",8,6770,6770,135542,0
2008,381,2,752,"H3","961610",8,85414,85414,3180543,0
2008,381,1,826,"H3","020230",8,468998,468998,5158294,0
2008,381,2,826,"H3","020230",8,1344142,1344142,9684437,0
2008,381,1,826,"H3","0203",8,1861103,1861103,5056433,0
2008,381,2,826,"H3","0203",8,1419621,1419621,2933450,0
2008,381,1,826,"H3","020311",8,514,514,1363,0
2008,381,2,826,"H3","020311",8,38268,38268,68891,0
2008,381,1,826,"H3","020312",8,237615,237615,659790,0
2008,381,2,826,"H3","020312",8,12382,12382,70276,0
2008,381,1,826,"H3","020319",8,505825,505825,1490159,0
2008,381,2,826,"H3","020319",8,92365,92365,387208,0
2008,381,1,826,"H3","020322",8,218960,218960,589012,0
2008,381,2,826,"H3","020322",8,41055,41055,125382,0
2008,381,1,826,"H3","020329",8,898189,898189,2316109,0
2008,381,2,826,"H3","020329",8,1235551,1235551,2281694,0
2008,381,1,826,"H3","0204",8,4189620,4189620,26885249,0
2008,381,2,826,"H3","0204",8,99706,99706,679748,0
2008,381,1,392,"H3","9613",1,,1336,208146,0
2008,381,2,392,"H3","9613",1,,211,38046,0
2008,381,1,826,"H3","020421",8,105262,105262,435847,0
2008,381,1,826,"H3","020422",8,437733,437733,4182544,0
2008,381,2,826,"H3","020422",8,2882,2882,31030,0
2008,381,1,826,"H3","020423",8,47570,47570,429413,0
2008,381,1,752,"H3","9613",1,,1649,16652,4
2008,381,1,752,"H3","950640",8,1896,1896,27836,0
2008,381,1,392,"H3","961700",8,5616,5616,70914,0
2008,381,2,752,"H3","9613",1,,13666,748981,4
2008,381,1,392,"H3","961310",5,740,54,11259,0
2008,381,2,826,"H3","020450",8,14,14,141,0
2008,381,2,826,"H3","0205",8,133,133,251,0
2008,381,2,826,"H3","020500",8,133,133,251,0
2008,381,1,826,"H3","0206",8,3398014,3398014,2658165,0
2008,381,2,826,"H3","0206",8,372515,372515,700974,0
2008,381,1,392,"H3","960920",8,491,491,29078,0
2008,381,1,752,"H3","960920",8,13,13,793,0
2008,381,2,826,"H3","020630",8,41407,41407,42251,0
2008,381,2,826,"H3","020641",8,10487,10487,8137,0
2008,381,1,826,"H3","020649",8,3186511,3186511,2233563,0
2008,381,2,826,"H3","020649",8,236856,236856,243375,0
2008,381,1,752,"H3","961310",5,910,994,7114,4
2008,381,1,752,"H3","961700",8,1882,1882,18992,0
2008,381,1,826,"H3","020690",8,20504,20504,81567,0
2008,381,1,826,"H3","0207",8,571372,571372,851155,0
2008,381,2,826,"H3","0207",8,6898343,6898343,33030679,0
2008,381,2,826,"H3","020711",8,172229,172229,441480,0
2008,381,1,826,"H3","020712",8,17827,17827,31447,0
2008,381,2,752,"H3","961700",8,92,92,1044,0
2008,381,1,826,"H3","020713",8,45694,45694,42475,0
2008,381,2,826,"H3","020713",8,118877,118877,633706,0
2008,381,1,826,"H3","020714",8,311844,311844,516527,0
2008,381,2,826,"H3","020714",8,2013200,2013200,10048685,0
2008,381,2,826,"H3","020724",8,1151297,1151297,3547729,0
2008,381,1,826,"H3","020725",8,11036,11036,7836,0
2008,381,2,826,"H3","020725",8,2630,2630,5651,0
2008,381,1,826,"H3","020726",8,11335,11335,61645,0
2008,381,2,826,"H3","020726",8,3022380,3022380,16878951,0
2008,381,1,826,"H3","020727",8,120657,120657,94579,0
2008,381,2,826,"H3","020727",8,376401,376401,1369592,0
2008,381,1,752,"H3","9618",8,775,775,33479,0
2008,381,2,826,"H3","020734",8,70,70,2754,0
2008,381,1,392,"H3","910811",5,15701,218,120762,0
2008,381,2,752,"H3","9618",8,59263,59263,1201216,0
2008,381,2,752,"H3","9603",1,,401516,4558056,4
2008,381,1,752,"H3","961800",8,775,775,33479,0
2008,381,1,826,"H3","020810",8,2247,2247,17354,0
2008,381,2,826,"H3","020810",8,24675,24675,166883,0
2008,381,1,826,"H3","020890",8,132782,132782,1210404,0
2008,381,2,826,"H3","020890",8,25840,25840,79791,0
2008,381,1,826,"H3","0209",8,164713,164713,129458,0
2008,381,2,826,"H3","0209",8,414342,414342,385700,0
2008,381,1,826,"H3","020900",8,164713,164713,129458,0
2008,381,2,826,"H3","020900",8,414342,414342,385700,0
2008,381,1,826,"H3","0210",8,249313,249313,743897,0
2008,381,2,826,"H3","0210",8,3972114,3972114,76906971,0
2008,381,1,826,"H3","021011",8,698,698,2802,0
2008,381,2,826,"H3","021011",8,71980,71980,961606,0
2008,381,1,826,"H3","021012",8,305,305,1746,0
2008,381,2,826,"H3","021012",8,1337417,1337417,15735419,0
2008,381,1,826,"H3","021019",8,225354,225354,525959,0
2008,381,2,826,"H3","021019",8,2447784,2447784,56752373,0
2008,381,1,826,"H3","021020",8,21294,21294,187721,0
2008,381,2,826,"H3","021020",8,113451,113451,3424968,0
2008,381,1,826,"H3","021099",8,1662,1662,25670,0
2008,381,2,826,"H3","021099",8,1482,1482,32604,0
2008,381,1,826,"H3","03",1,,,152210183,0
2008,381,2,826,"H3","03",1,,,12046375,0
2008,381,1,826,"H3","0301",8,61820,61820,468189,0
2008,381,2,826,"H3","0301",8,82,82,4096,0
2008,381,1,826,"H3","030110",8,18670,18670,158344,0
2008,381,2,826,"H3","030110",8,60,60,4038,0
2008,381,1,826,"H3","030191",8,125,125,722,0
2008,381,2,826,"H3","030191",8,22,22,59,0
2008,381,1,392,"H3","940592",8,42,42,8698,0
2008,381,1,826,"H3","030199",8,43005,43005,309036,0
2008,381,1,826,"H3","0302",8,2004893,2004893,24603949,0
2008,381,2,826,"H3","0302",8,1561907,1561907,10982244,0
2008,381,1,826,"H3","030211",8,4003,4003,36807,0
2008,381,1,826,"H3","030212",8,317668,317668,1935668,0
2008,381,2,826,"H3","030212",8,701,701,5247,0
2008,381,1,826,"H3","030219",8,4169,4169,29737,0
2008,381,2,826,"H3","030219",8,3431,3431,15313,0
2008,381,2,392,"H3","940592",8,3550,3550,76587,0
2008,381,1,752,"H3","940592",8,6256,6256,149855,0
2008,381,1,826,"H3","030223",8,3386,3386,47325,0
2008,381,2,826,"H3","030223",8,1743,1743,54470,0
2008,381,1,826,"H3","030229",8,2702,2702,30140,0
2008,381,2,752,"H3","961800",8,59263,59263,1201216,0
2008,381,1,826,"H3","030232",8,275,275,5430,0
2008,381,1,826,"H3","030235",8,570,570,7253,0
2008,381,2,752,"H3","940592",8,15469,15469,287517,0
2008,381,1,826,"H3","030239",8,2163,2163,40140,0
2008,381,2,826,"H3","030239",8,90,90,555,0
2008,381,1,826,"H3","030250",8,6052,6052,91594,0
2008,381,2,826,"H3","030250",8,2,2,10,0
2008,381,1,826,"H3","030261",8,7120,7120,73258,0
2008,381,1,752,"H3","97",1,,,460188,0
2008,381,2,752,"H3","97",1,,,49995,0
2008,381,1,826,"H3","030264",8,3388,3388,8224,0
2008,381,2,826,"H3","030264",8,5,5,56,0
2008,381,1,752,"H3","9701",1,,610,342908,0
2008,381,2,752,"H3","9701",1,,28,49483,0
2008,381,1,826,"H3","030267",8,1789,1789,21637,0
2008,381,1,826,"H3","030269",8,1594337,1594337,21694797,0
2008,381,2,826,"H3","030269",8,1553874,1553874,10885250,0
2008,381,1,826,"H3","030270",8,163,163,2172,0
2008,381,1,826,"H3","0303",8,1692752,1692752,8792928,0
2008,381,2,826,"H3","0303",8,37111,37111,152852,0
2008,381,1,826,"H3","030311",8,411,411,6347,0
2008,381,1,826,"H3","030319",8,93194,93194,342181,0
2008,381,1,826,"H3","030322",8,52165,52165,364643,0
2008,381,1,392,"H3","960891",5,151905527,41484,2936979,2
2008,381,1,752,"H3","961210",1,,37,1109,0
2008,381,2,752,"H3","960891",1,,72,605,0
2008,381,1,752,"H3","970110",1,,131,219218,0
2008,381,2,752,"H3","970110",1,,20,49273,0
2008,381,1,392,"H3","960910",8,1267,1267,57259,0
2008,381,1,752,"H3","99",1,,,90080,0
2008,381,2,752,"H3","961210",1,,1635,77509,0
2008,381,2,826,"H3","030352",8,14479,14479,43422,0
2008,381,1,826,"H3","030361",8,867888,867888,5356284,0
2008,381,2,826,"H3","030361",8,721,721,7213,0
2008,381,2,752,"H3","99",1,,,10040,0
2008,381,1,826,"H3","030371",8,32403,32403,27626,0
2008,381,1,752,"H3","9503",8,66758,66758,1103321,0
2008,381,1,826,"H3","030378",8,5280,5280,42704,0
2008,381,2,826,"H3","030378",8,12,12,31,0
2008,381,1,826,"H3","030379",8,339521,339521,2065052,0
2008,381,2,826,"H3","030379",8,19413,19413,92845,0
2008,381,1,826,"H3","030380",8,3145,3145,29347,0
2008,381,2,826,"H3","030380",8,43,43,508,0
2008,381,1,826,"H3","0304",8,563481,563481,5194047,0
2008,381,2,826,"H3","0304",8,25349,25349,227952,0
2008,381,1,826,"H3","030411",8,5801,5801,60205,0
2008,381,2,826,"H3","030411",8,2591,2591,36486,0
2008,381,2,752,"H3","9503",8,403565,403565,2783859,0
2008,381,1,826,"H3","030419",8,342519,342519,3893481,0
2008,381,2,826,"H3","030419",8,400,400,3038,0
2008,381,2,826,"H3","030421",8,70,70,722,0
2008,381,1,752,"H3","950300",8,66758,66758,1103321,0
2008,381,1,826,"H3","030429",8,180059,180059,998306,0
2008,381,2,826,"H3","030429",8,22280,22280,187632,0
2008,381,2,752,"H3","950300",8,403565,403565,2783859,0
2008,381,1,752,"H3","9999",1,,,79611870,0
2008,381,1,826,"H3","030499",8,17402,17402,140933,0
2008,381,1,826,"H3","0305",8,654503,654503,11962364,0
2008,381,2,826,"H3","0305",8,3446,3446,54534,0
2008,381,1,826,"H3","030510",8,3532,3532,106278,0
2008,381,2,826,"H3","030510",8,127,127,857,0
2008,381,1,826,"H3","030520",8,90,90,3329,0
2008,381,2,826,"H3","030520",8,35,35,4159,0
2008,381,1,826,"H3","030530",8,808,808,10075,0
2008,381,2,826,"H3","030530",8,293,293,3146,0
2008,381,1,826,"H3","030541",8,578787,578787,11394721,0
2008,381,2,826,"H3","030541",8,531,531,7345,0
2008,381,1,826,"H3","030542",8,46733,46733,282405,0
2008,381,1,826,"H3","030549",8,9043,9043,89756,0
2008,381,2,826,"H3","030549",8,1037,1037,33171,0
2008,381,1,826,"H3","030562",8,12292,12292,53593,0
2008,381,2,826,"H3","030563",8,817,817,3117,0
2008,381,1,826,"H3","030569",8,3218,3218,22207,0
2008,381,2,826,"H3","030569",8,606,606,2737,0
2008,381,1,826,"H3","0306",8,6770547,6770547,64401680,0
2008,381,2,826,"H3","0306",8,11252,11252,100325,0
2008,381,1,826,"H3","030611",8,13766,13766,54201,0
2008,381,2,826,"H3","030611",8,41,41,928,0
2008,381,1,826,"H3","030612",8,4490,4490,40280,0
2008,381,1,826,"H3","030613",8,1548741,1548741,9967284,0
2008,381,2,826,"H3","030613",8,3708,3708,52877,0
2008,381,1,826,"H3","030614",8,22711,22711,276786,0
2008,381,1,826,"H3","030619",8,4053768,4053768,44236521,0
2008,381,2,826,"H3","030619",8,389,389,4299,0
2008,381,1,826,"H3","030621",8,20617,20617,535610,0
2008,381,1,826,"H3","030622",8,11418,11418,320462,0
2008,381,2,826,"H3","030622",8,428,428,10110,0
2008,381,1,826,"H3","030623",8,49135,49135,357907,0
2008,381,2,752,"H3","9999",1,,,78907643,0
2008,381,1,752,"H3","9504",1,,5964,163187,4
2008,381,2,752,"H3","9504",1,,8543,104328,4
2008,381,1,392,"H3","9606",8,8894,8894,610773,0
2008,381,2,392,"H3","9606",8,6814,6814,742681,0
2008,381,2,392,"H3","960910",8,89,89,9844,0
2008,381,1,392,"H3","9506",1,,10548,1685182,0
2008,381,2,392,"H3","9506",1,,1079766,18881207,0
2008,381,1,752,"H3","9603",1,,25518,773827,4
2008,381,2,752,"H3","9302",5,105,225,79666,4
2008,381,1,826,"H3","020410",8,3514757,3514757,21134885,0
2008,381,2,826,"H3","020410",8,64,64,442,0
2008,381,1,826,"H3","020430",8,6088,6088,54279,0
2008,381,1,826,"H3","020442",8,78156,78156,647854,0
2008,381,2,826,"H3","020442",8,96726,96726,648001,0
2008,381,2,392,"H3","9605",1,,291,27378,0
2008,381,1,752,"H3","9605",1,,1,28,0
2008,381,2,752,"H3","9605",1,,19,295,0
2008,381,1,826,"H3","0105",5,1071410,,6973543,0
2008,381,1,752,"H3","961390",8,42,42,973,0
2008,381,2,752,"H3","961390",8,12167,12167,697187,0
2008,381,1,752,"H3","961519",8,114,114,4875,0
2008,381,2,752,"H3","961519",8,20231,20231,212979,0
2008,381,1,392,"H3","961590",8,16,16,7343,0
2008,381,2,392,"H3","961590",8,1061,1061,189920,0
2008,381,1,752,"H3","960839",5,5,4,68,4
2008,381,2,752,"H3","960839",5,835,428,17171,4
2008,381,2,752,"H3","961590",8,255,255,7372,0
2008,381,2,826,"H3","020220",8,21858,21858,68282,0
2008,381,1,392,"H3","961620",8,1986,1986,157551,0
2008,381,1,752,"H3","960850",1,,10,184,0
2008,381,1,826,"H3","020443",8,54,54,427,0
2008,381,2,826,"H3","020443",8,20,20,134,0
2008,381,1,826,"H3","020610",8,14840,14840,42751,0
2008,381,2,826,"H3","020629",8,83755,83755,407032,0
2008,381,1,826,"H3","020680",8,176159,176159,300285,0
2008,381,2,826,"H3","020680",8,10,10,179,0
2008,381,2,826,"H3","020712",8,41251,41251,102068,0
2008,381,2,826,"H3","020732",8,8,8,62,0
2008,381,1,826,"H3","020735",8,925,925,3508,0
2008,381,1,826,"H3","020736",8,52054,52054,93139,0
2008,381,1,826,"H3","0208",8,135029,135029,1227758,0
2008,381,2,826,"H3","0208",8,50515,50515,246674,0
2008,381,1,826,"H3","030192",8,20,20,87,0
2008,381,1,826,"H3","030221",8,246,246,3017,0
2008,381,1,826,"H3","030222",8,960,960,8698,0
2008,381,1,826,"H3","030236",8,289,289,1800,0
2008,381,1,826,"H3","030262",8,3,3,28,0
2008,381,1,826,"H3","030263",8,6,6,34,0
2008,381,2,752,"H3","960850",5,64233,870,42438,2
2008,381,1,826,"H3","030265",8,55604,55604,566189,0
2008,381,2,826,"H3","030265",8,800,800,13638,0
2008,381,2,826,"H3","030331",8,1034,1034,4468,0
2008,381,1,826,"H3","030333",8,768,768,6540,0
2008,381,2,826,"H3","030333",8,190,190,537,0
2008,381,1,392,"H3","961390",8,468,468,57127,0
2008,381,1,826,"H3","030342",8,521,521,5650,0
2008,381,1,826,"H3","030344",8,151,151,1109,0
2008,381,1,752,"H3","960329",5,548181,3693,411284,2
2008,381,2,752,"H3","960329",5,2140,419,10815,6
2008,381,1,392,"H3","99",1,,,3820555,0
2008,381,1,826,"H3","030345",8,1988,1988,6895,0
2008,381,1,826,"H3","030362",8,214,214,4205,0
2008,381,1,392,"H3","960350",1,,66,57067,0
2008,381,1,826,"H3","030375",8,294383,294383,526416,0
2008,381,2,392,"H3","960350",1,,37438,459796,0
2008,381,1,752,"H3","960350",1,,6140,88061,0
2008,381,2,752,"H3","960350",1,,46205,684421,0
2008,381,1,826,"H3","030412",8,14736,14736,83439,0
2008,381,1,826,"H3","030492",8,513,513,2521,0
2008,381,1,392,"H3","TOTAL",1,,,7367388781,0
2008,381,2,392,"H3","TOTAL",1,,,6179897606,0
2008,381,1,752,"H3","TOTAL",1,,,6039483530,0
2008,381,2,752,"H3","TOTAL",1,,,5820943814,0
2008,381,1,752,"H3","950430",5,271,1000,19853,6
2008,381,2,752,"H3","950430",5,139,6292,82413,6
2008,381,1,392,"H3","960190",8,4520,4520,421685,0
2008,381,1,826,"H3","0103",5,334,46824,156227,4
2008,381,1,826,"H3","010310",5,126,12353,101943,4
2008,381,1,826,"H3","010392",5,208,34471,54284,4
2008,381,2,392,"H3","9505",8,29897,29897,321001,0
2008,381,1,752,"H3","9505",8,1591,1591,24735,0
2008,381,2,752,"H3","9505",8,29012,29012,353046,0
2008,381,1,392,"H3","960839",5,247904,3109,195532,0
2008,381,2,392,"H3","960839",5,48112,1513,220968,0
2008,381,2,392,"H3","961390",8,129,129,19219,0
2008,381,2,392,"H3","960190",8,116,116,480578,0
2008,381,1,752,"H3","960190",8,340,340,9553,0
2008,381,1,826,"H3","010512",5,141144,,2249828,0
2008,381,1,826,"H3","010639",1,,2000,51738,0
2008,381,2,752,"H3","960190",8,16,16,611,0
2008,381,1,826,"H3","020220",8,83893,83893,1276919,0
2008,381,2,826,"H3","030231",8,1261,1261,7704,0
2008,381,1,826,"H3","030341",8,720,720,7929,0
2008,381,2,826,"H3","030341",8,1219,1219,3828,0
2008,381,1,826,"H3","030422",8,2451,2451,15162,0
2008,381,2,826,"H3","030491",8,8,8,73,0
2008,381,1,826,"H3","010511",5,930266,50245,4723715,4
2008,381,1,826,"H3","020210",8,955,955,6591,0
2008,381,1,826,"H3","030624",8,483387,483387,2276945,0
2008,381,2,826,"H3","030624",8,5320,5320,11038,0
2008,381,1,826,"H3","030629",8,562514,562514,6335685,0
2008,381,2,826,"H3","030629",8,1366,1366,21073,0
2008,381,1,826,"H3","0307",8,4956683,4956683,30941609,0
2008,381,2,826,"H3","0307",8,39245,39245,306551,0
2008,381,1,826,"H3","030710",8,497081,497081,1269798,0
2008,381,2,826,"H3","030710",8,125,125,346,0
2008,381,1,826,"H3","030721",8,913741,913741,9146599,0
2008,381,1,826,"H3","030729",8,1481545,1481545,10632391,0
2008,381,2,826,"H3","030729",8,639,639,3350,0
2008,381,1,826,"H3","030731",8,46296,46296,360517,0
2008,381,2,826,"H3","030731",8,3020,3020,3490,0
2008,381,1,826,"H3","030739",8,11848,11848,117136,0
2008,381,2,826,"H3","030739",8,1600,1600,13283,0
2008,381,1,826,"H3","030741",8,522439,522439,3511642,0
2008,381,2,826,"H3","030741",8,240,240,1540,0
2008,381,1,826,"H3","030749",8,1356999,1356999,5045626,0
2008,381,2,826,"H3","030749",8,6492,6492,36538,0
2008,381,1,826,"H3","030751",8,304,304,1502,0
2008,381,2,826,"H3","030751",8,114,114,1330,0
2008,381,1,826,"H3","030759",8,21579,21579,36577,0
2008,381,2,826,"H3","030759",8,1329,1329,11735,0
2008,381,2,826,"H3","030760",8,34,34,261,0
2008,381,1,826,"H3","030791",8,30174,30174,327498,0
2008,381,2,826,"H3","030791",8,4,4,10,0
2008,381,1,826,"H3","030799",8,74677,74677,492323,0
2008,381,2,826,"H3","030799",8,25648,25648,234666,0
2008,381,1,826,"H3","04",1,,,53378397,0
2008,381,2,826,"H3","04",1,,,234630740,0
2008,381,1,826,"H3","0401",8,369303,369303,732801,0
2008,381,2,826,"H3","0401",8,196065,196065,260434,0
2008,381,1,826,"H3","040110",8,6168,6168,3829,0
2008,381,2,826,"H3","040110",8,4673,4673,9342,0
2008,381,1,826,"H3","040120",8,46186,46186,93256,0
2008,381,2,826,"H3","040120",8,164412,164412,157339,0
2008,381,1,826,"H3","040130",8,316949,316949,635716,0
2008,381,2,826,"H3","040130",8,26980,26980,93754,0
2008,381,1,826,"H3","0402",8,1255255,1255255,5715445,0
2008,381,2,826,"H3","0402",8,1803867,1803867,3507039,0
2008,381,1,826,"H3","040210",8,911173,911173,3924257,0
2008,381,2,826,"H3","040210",8,1496554,1496554,2251374,0
2008,381,1,826,"H3","040221",8,319295,319295,1705702,0
2008,381,2,826,"H3","040221",8,303743,303743,1239916,0
2008,381,1,826,"H3","040229",8,2671,2671,5936,0
2008,381,2,826,"H3","040229",8,541,541,1730,0
2008,381,1,826,"H3","040291",8,19790,19790,71045,0
2008,381,1,826,"H3","040299",8,2326,2326,8504,0
2008,381,2,826,"H3","040299",8,3029,3029,14020,0
2008,381,1,826,"H3","0403",8,2458,2458,24394,0
2008,381,2,826,"H3","0403",8,314858,314858,905425,0
2008,381,1,826,"H3","040310",8,116,116,263,0
2008,381,2,826,"H3","040310",8,268363,268363,484569,0
2008,381,1,826,"H3","040390",8,2342,2342,24131,0
2008,381,2,826,"H3","040390",8,46495,46495,420856,0
2008,381,1,826,"H3","0404",8,1599881,1599881,2778573,0
2008,381,2,826,"H3","0404",8,5613,5613,29536,0
2008,381,1,826,"H3","040410",8,1434011,1434011,2050445,0
2008,381,2,826,"H3","040410",8,243,243,539,0
2008,381,1,826,"H3","040490",8,165870,165870,728128,0
2008,381,2,826,"H3","040490",8,5370,5370,28997,0
2008,381,1,826,"H3","0405",8,6729517,6729517,31807329,0
2008,381,2,826,"H3","0405",8,81759,81759,521146,0
2008,381,1,826,"H3","040510",8,376208,376208,2799139,0
2008,381,2,826,"H3","040510",8,81286,81286,516658,0
2008,381,1,826,"H3","040520",8,13639,13639,111106,0
2008,381,2,826,"H3","040520",8,426,426,4225,0
2008,381,1,826,"H3","040590",8,6339670,6339670,28897084,0
2008,381,2,826,"H3","040590",8,47,47,263,0
2008,381,1,826,"H3","0406",8,2236236,2236236,10390667,0
2008,381,2,826,"H3","0406",8,24954721,24954721,220836317,0
2008,381,1,826,"H3","040610",8,1249362,1249362,5542489,0
2008,381,2,826,"H3","040610",8,12587725,12587725,75700847,0
2008,381,1,826,"H3","040620",8,149826,149826,950905,0
2008,381,2,826,"H3","040620",8,2868164,2868164,36639318,0
2008,381,2,826,"H3","040630",8,222933,222933,970316,0
2008,381,1,826,"H3","040640",8,5784,5784,49859,0
2008,381,2,826,"H3","040640",8,1660502,1660502,15321663,0
2008,381,1,826,"H3","040690",8,831264,831264,3847414,0
2008,381,2,826,"H3","040690",8,7615397,7615397,92204174,0
2008,381,1,826,"H3","0407",8,120239,120239,1097624,6
2008,381,2,826,"H3","0407",8,159998,159998,523532,6
2008,381,1,826,"H3","040700",8,120239,120239,1097624,6
2008,381,2,826,"H3","040700",8,159998,159998,523532,6
2008,381,1,826,"H3","0408",8,24908,24908,72463,0
2008,381,2,826,"H3","0408",8,332699,332699,2049644,0
2008,381,2,826,"H3","040811",8,18168,18168,159542,0
2008,381,1,826,"H3","040819",8,24000,24000,71301,0
2008,381,2,826,"H3","040819",8,12734,12734,49399,0
2008,381,2,826,"H3","040891",8,168250,168250,1512086,0
2008,381,1,826,"H3","040899",8,908,908,1163,0
2008,381,2,826,"H3","040899",8,133547,133547,328616,0
2008,381,1,826,"H3","0409",8,11140,11140,143701,0
2008,381,2,826,"H3","0409",8,170614,170614,1031852,0
2008,381,1,826,"H3","040900",8,11140,11140,143701,0
2008,381,2,826,"H3","040900",8,170614,170614,1031852,0
2008,381,2,826,"H3","0410",8,27,27,153,0
2008,381,2,826,"H3","041000",8,27,27,153,0
2008,381,1,826,"H3","05",1,,,12839797,0
2008,381,2,826,"H3","05",1,,,1116292,0
2008,381,1,826,"H3","0501",8,2000,2000,53207,0
2008,381,2,826,"H3","0501",8,1066,1066,10449,0
2008,381,1,826,"H3","050100",8,2000,2000,53207,0
2008,381,2,826,"H3","050100",8,1066,1066,10449,0
2008,381,1,826,"H3","0502",8,121521,121521,2499982,0
2008,381,1,826,"H3","050210",8,116022,116022,2110471,0
2008,381,1,826,"H3","050290",8,5499,5499,389512,0
2008,381,1,826,"H3","0504",8,182186,182186,420739,0
2008,381,2,826,"H3","0504",8,53407,53407,441784,0
2008,381,1,826,"H3","050400",8,182186,182186,420739,0
2008,381,2,826,"H3","050400",8,53407,53407,441784,0
2008,381,1,826,"H3","0505",8,508148,508148,148894,0
2008,381,2,826,"H3","0505",8,107,107,783,0
2008,381,2,826,"H3","050510",8,107,107,783,0
2008,381,1,826,"H3","050590",8,508148,508148,148894,0
2008,381,2,826,"H3","0506",8,124794,124794,82939,0
2008,381,2,826,"H3","050690",8,124794,124794,82939,0
2008,381,2,826,"H3","0507",8,67705,67705,41342,0
2008,381,2,826,"H3","050790",8,67705,67705,41342,0
2008,381,1,826,"H3","0508",8,24356,24356,76767,0
2008,381,2,826,"H3","0508",8,798,798,3599,0
2008,381,1,826,"H3","050800",8,24356,24356,76767,0
2008,381,2,826,"H3","050800",8,798,798,3599,0
2008,381,1,826,"H3","0510",8,2486,2486,11699,0
2008,381,2,826,"H3","0510",8,139180,139180,127954,0
2008,381,1,826,"H3","051000",8,2486,2486,11699,0
2008,381,2,826,"H3","051000",8,139180,139180,127954,0
2008,381,1,826,"H3","0511",1,,8892,4848930,4
2008,381,2,826,"H3","0511",1,,89605,364818,4
2008,381,1,826,"H3","051110",1,,134,4479450,4
2008,381,2,826,"H3","051110",1,,19,215734,4
2008,381,1,826,"H3","051191",8,1206,1206,27529,0
2008,381,1,826,"H3","051199",8,7552,7552,341951,0
2008,381,2,826,"H3","051199",8,89586,89586,149084,0
2008,381,1,826,"H3","06",1,,,722294,0
2008,381,2,826,"H3","06",1,,,58624438,0
2008,381,1,826,"H3","0601",1,,864,13947,0
2008,381,2,826,"H3","0601",1,,2664,22654,0
2008,381,2,826,"H3","060110",5,138011,2038,20593,2
2008,381,1,826,"H3","060120",5,9796,864,13947,2
2008,381,2,826,"H3","060120",1,,626,2061,0
2008,381,1,826,"H3","0602",1,,65799,402217,4
2008,381,2,826,"H3","0602",1,,26997903,47247577,4
2008,381,1,826,"H3","060210",5,4214,51,888,2
2008,381,2,826,"H3","060210",1,,31029,504959,0
2008,381,1,826,"H3","060220",1,,12596,94368,0
2008,381,2,826,"H3","060220",1,,622108,1764887,0
2008,381,2,826,"H3","060230",1,,17065,54739,0
2008,381,1,826,"H3","060240",5,461,378,1973,4
2008,381,2,826,"H3","060240",5,314,1667,6137,4
2008,381,1,826,"H3","060290",8,52774,52774,304988,0
2008,381,2,826,"H3","060290",8,26326034,26326034,44916854,0
2008,381,1,826,"H3","0603",8,9624,9624,126625,6
2008,381,2,826,"H3","0603",8,688497,688497,3906711,6
2008,381,1,826,"H3","060311",8,431,431,3393,6
2008,381,2,826,"H3","060311",8,292,292,10990,6
2008,381,2,826,"H3","060312",8,35769,35769,169095,6
2008,381,2,826,"H3","060313",8,5,5,46,6
2008,381,2,826,"H3","060314",8,477351,477351,1698676,6
2008,381,1,826,"H3","060319",8,9193,9193,123231,0
2008,381,2,826,"H3","060319",8,173694,173694,2006689,6
2008,381,2,826,"H3","060390",8,1385,1385,21217,0
2008,381,1,826,"H3","0604",8,20049,20049,86223,0
2008,381,2,826,"H3","0604",8,700565,700565,6474405,0
2008,381,1,826,"H3","060410",8,19772,19772,84882,0
2008,381,1,826,"H3","060491",8,277,277,1341,0
2008,381,2,826,"H3","060491",8,579097,579097,5441837,0
2008,381,2,826,"H3","060499",8,121468,121468,1032568,0
2008,381,1,826,"H3","07",1,,,37024858,0
2008,381,2,826,"H3","07",1,,,115634855,0
2008,381,1,826,"H3","0701",8,1168472,1168472,721512,0
2008,381,2,826,"H3","0701",8,6541307,6541307,4984946,0
2008,381,1,826,"H3","070110",8,964270,964270,627198,0
2008,381,2,826,"H3","070110",8,51270,51270,15146,0
2008,381,1,826,"H3","070190",8,204202,204202,94313,0
2008,381,2,826,"H3","070190",8,6490037,6490037,4969800,0
2008,381,1,826,"H3","0702",8,10498,10498,17041,0
2008,381,2,826,"H3","0702",8,8409369,8409369,24416892,0
2008,381,1,826,"H3","070200",8,10498,10498,17041,0
2008,381,2,826,"H3","070200",8,8409369,8409369,24416892,0
2008,381,1,826,"H3","0703",8,567454,567454,882028,0
2008,381,2,826,"H3","0703",8,2221680,2221680,2065440,0
2008,381,1,826,"H3","070310",8,298662,298662,247539,0
2008,381,2,826,"H3","070310",8,2160329,2160329,1866355,0
2008,381,1,826,"H3","070320",8,268792,268792,634489,0
2008,381,2,826,"H3","070320",8,43047,43047,162593,0
2008,381,2,826,"H3","070390",8,18304,18304,36492,0
2008,381,1,826,"H3","0704",8,245575,245575,221350,0
2008,381,2,826,"H3","0704",8,4457356,4457356,6378796,0
2008,381,1,826,"H3","070410",8,225561,225561,201321,0
2008,381,2,826,"H3","070410",8,3477042,3477042,5245123,0
2008,381,2,826,"H3","070420",8,6,6,12,0
2008,381,1,826,"H3","070490",8,20014,20014,20029,0
2008,381,2,826,"H3","070490",8,980308,980308,1133661,0
2008,381,2,826,"H3","0705",8,9857973,9857973,33596369,0
2008,381,2,826,"H3","070511",8,166690,166690,859641,0
2008,381,2,826,"H3","070519",8,1432704,1432704,6513039,0
2008,381,2,826,"H3","070521",8,228904,228904,313316,0
2008,381,2,826,"H3","070529",8,8029675,8029675,25910373,0
2008,381,1,826,"H3","0706",8,100311,100311,94666,0
2008,381,2,826,"H3","0706",8,8471683,8471683,6286788,0
2008,381,1,826,"H3","070610",8,39460,39460,23554,0
2008,381,2,826,"H3","070610",8,7321556,7321556,5423786,0
2008,381,1,826,"H3","070690",8,60851,60851,71111,0
2008,381,2,826,"H3","070690",8,1150127,1150127,863002,0
2008,381,2,826,"H3","0707",8,217080,217080,260082,0
2008,381,2,826,"H3","070700",8,217080,217080,260082,0
2008,381,1,826,"H3","0708",8,24310,24310,22629,0
2008,381,2,826,"H3","0708",8,337519,337519,719458,0
2008,381,1,826,"H3","070810",8,24180,24180,22365,0
2008,381,2,826,"H3","070810",8,199107,199107,528351,0
2008,381,1,826,"H3","070820",8,130,130,264,0
2008,381,2,826,"H3","070820",8,26369,26369,49793,0
2008,381,2,826,"H3","070890",8,112043,112043,141315,0
2008,381,1,826,"H3","0709",8,163664,163664,236837,0
2008,381,2,826,"H3","0709",8,11082905,11082905,21453329,0
2008,381,2,826,"H3","070920",8,189251,189251,890091,0
2008,381,2,826,"H3","070930",8,112950,112950,264626,0
2008,381,2,826,"H3","070940",8,567225,567225,895989,0
2008,381,2,826,"H3","070951",8,2902,2902,9311,0
2008,381,2,826,"H3","070959",8,21040,21040,1472395,0
2008,381,1,826,"H3","070960",8,67412,67412,106540,0
2008,381,2,826,"H3","070960",8,134830,134830,468235,0
2008,381,2,826,"H3","070970",8,1348476,1348476,3350383,0
2008,381,1,826,"H3","070990",8,96252,96252,130297,0
2008,381,2,826,"H3","070990",8,8706231,8706231,14102297,0
2008,381,1,826,"H3","0710",8,14897236,14897236,21212812,0
2008,381,2,826,"H3","0710",8,2911601,2911601,5401098,0
2008,381,1,826,"H3","071010",8,272351,272351,167094,0
2008,381,2,826,"H3","071010",8,6253,6253,9705,0
2008,381,1,826,"H3","071021",8,12071282,12071282,18132605,0
2008,381,2,826,"H3","071021",8,2163886,2163886,3333292,0
2008,381,1,826,"H3","071022",8,308906,308906,538064,0
2008,381,2,826,"H3","071022",8,1700,1700,2659,0
2008,381,1,826,"H3","071029",8,485786,485786,811643,0
2008,381,2,826,"H3","071029",8,69293,69293,194606,0
2008,381,1,826,"H3","071030",8,11261,11261,9996,0
2008,381,2,826,"H3","071030",8,107334,107334,182650,0
2008,381,1,826,"H3","071040",8,10182,10182,17846,0
2008,381,2,826,"H3","071040",8,28568,28568,91115,0
2008,381,1,826,"H3","071080",8,1737468,1737468,1535564,0
2008,381,2,826,"H3","071080",8,357575,357575,1135464,0
2008,381,2,826,"H3","071090",8,176992,176992,451606,0
2008,381,1,826,"H3","0711",8,3945,3945,6220,0
2008,381,2,826,"H3","0711",8,1444253,1444253,1096954,0
2008,381,2,826,"H3","071120",8,1380181,1380181,896593,0
2008,381,1,826,"H3","071140",8,137,137,267,0
2008,381,2,826,"H3","071140",8,6,6,6,0
2008,381,2,826,"H3","071159",8,2846,2846,8589,0
2008,381,1,826,"H3","071190",8,3808,3808,5952,0
2008,381,2,826,"H3","071190",8,61220,61220,191767,0
2008,381,1,826,"H3","0712",8,43554,43554,330420,0
2008,381,2,826,"H3","0712",8,323030,323030,4898633,0
2008,381,1,826,"H3","071220",8,248,248,442,0
2008,381,2,826,"H3","071220",8,1080,1080,25070,0
2008,381,1,826,"H3","071231",8,6340,6340,186699,0
2008,381,2,826,"H3","071231",8,14881,14881,281582,0
2008,381,2,826,"H3","071232",8,35,35,1161,0
2008,381,2,826,"H3","071233",8,448,448,18088,0
2008,381,1,826,"H3","071239",8,2,2,46,0
2008,381,2,826,"H3","071239",8,61833,61833,2806000,0
2008,381,1,826,"H3","071290",8,36964,36964,143234,0
2008,381,2,826,"H3","071290",8,244753,244753,1766731,0
2008,381,1,826,"H3","0713",8,26357531,26357531,12690352,0
2008,381,2,826,"H3","0713",8,2501583,2501583,1914481,0
2008,381,1,826,"H3","071310",8,1523304,1523304,1440932,0
2008,381,2,826,"H3","071310",8,46059,46059,95386,0
2008,381,1,826,"H3","071320",8,2972,2972,4323,0
2008,381,2,826,"H3","071320",8,2332046,2332046,1606967,0
2008,381,1,826,"H3","071331",8,884,884,1474,0
2008,381,2,826,"H3","071331",8,35,35,82,0
2008,381,1,826,"H3","071332",8,939,939,1653,0
2008,381,1,826,"H3","071333",8,221154,221154,635870,0
2008,381,2,826,"H3","071333",8,16656,16656,57247,0
2008,381,1,826,"H3","071339",8,500,500,1075,0
2008,381,2,826,"H3","071339",8,582,582,997,0
2008,381,1,826,"H3","071340",8,37723,37723,82364,0
2008,381,2,826,"H3","071340",8,52783,52783,59677,0
2008,381,1,826,"H3","071350",8,24570055,24570055,10522660,0
2008,381,2,826,"H3","071350",8,53222,53222,93689,0
2008,381,2,826,"H3","071390",8,200,200,436,0
2008,381,1,826,"H3","0714",8,214022,214022,450398,0
2008,381,2,826,"H3","0714",8,108703,108703,75408,0
2008,381,1,826,"H3","071410",8,17479,17479,20784,0
2008,381,1,826,"H3","071420",8,182387,182387,408280,0
2008,381,2,826,"H3","071420",8,108227,108227,74310,0
2008,381,1,826,"H3","071490",8,14156,14156,21334,0
2008,381,2,826,"H3","071490",8,476,476,1098,0
2008,381,1,826,"H3","08",1,,,24256354,0
2008,381,2,826,"H3","08",1,,,281129473,0
2008,381,1,826,"H3","0801",8,468685,468685,2173539,0
2008,381,2,826,"H3","0801",8,1491176,1491176,13876001,0
2008,381,1,826,"H3","080111",8,11915,11915,29710,0
2008,381,2,826,"H3","080111",8,11138,11138,18637,0
2008,381,1,826,"H3","080119",8,819,819,637,0
2008,381,2,826,"H3","080119",8,4018,4018,3140,0
2008,381,1,826,"H3","080121",8,150000,150000,324241,0
2008,381,2,826,"H3","080121",8,50754,50754,285022,0
2008,381,1,826,"H3","080122",8,150389,150389,788214,0
2008,381,2,826,"H3","080122",8,551266,551266,4594685,0
2008,381,1,826,"H3","080131",8,8165,8165,37925,0
2008,381,1,826,"H3","080132",8,147397,147397,992812,0
2008,381,2,826,"H3","080132",8,874000,874000,8974516,0
2008,381,1,826,"H3","080211",8,660,660,3305,0
2008,381,2,826,"H3","080211",8,9914,9914,23134,0
2008,381,1,826,"H3","080212",8,1263626,1263626,5434233,0
2008,381,2,826,"H3","080212",8,601922,601922,4787905,0
2008,381,1,826,"H3","080221",8,29675,29675,109515,0
2008,381,2,826,"H3","080221",8,231405,231405,1286984,0
2008,381,1,826,"H3","080222",8,5250,5250,41772,0
2008,381,2,826,"H3","080222",8,290823,290823,2191649,0
2008,381,1,826,"H3","080231",8,82886,82886,270057,0
2008,381,2,826,"H3","080231",8,276037,276037,1510226,0
2008,381,1,826,"H3","080232",8,6005,6005,45347,0
2008,381,2,826,"H3","080232",8,521851,521851,6987438,0
2008,381,1,826,"H3","080240",8,14015,14015,26459,0
2008,381,2,826,"H3","080240",8,1003878,1003878,3893974,0
2008,381,1,826,"H3","080250",8,830731,830731,6069898,0
2008,381,2,826,"H3","080250",8,484014,484014,5383200,0
2008,381,1,826,"H3","080260",8,84,84,1161,0
2008,381,2,826,"H3","080260",8,66057,66057,740260,0
2008,381,1,826,"H3","080290",8,18182,18182,136719,0
2008,381,2,826,"H3","080290",8,476231,476231,7528416,0
2008,381,1,826,"H3","0803",8,61239,61239,87189,0
2008,381,2,826,"H3","0803",8,798607,798607,905967,0
2008,381,1,826,"H3","080300",8,61239,61239,87189,0
2008,381,2,826,"H3","080300",8,798607,798607,905967,0
2008,381,1,826,"H3","0804",8,943717,943717,2159807,0
2008,381,2,826,"H3","0804",8,357806,357806,2334746,0
2008,381,1,826,"H3","080410",8,2114,2114,6278,0
2008,381,2,826,"H3","080410",8,25336,25336,443039,0
2008,381,1,826,"H3","080420",8,13511,13511,87342,0
2008,381,2,826,"H3","080420",8,198082,198082,786282,0
2008,381,1,826,"H3","080430",8,227458,227458,344830,0
2008,381,2,826,"H3","080430",8,52335,52335,109980,0
2008,381,2,826,"H3","0802",8,3962132,3962132,34333186,0
2008,381,1,826,"H3","0802",8,2251114,2251114,12138465,0
2008,381,1,826,"H3","080440",8,602179,602179,1369072,0
2008,381,2,826,"H3","080440",8,2943,2943,14173,0
2008,381,1,826,"H3","080450",8,98455,98455,352284,0
2008,381,2,826,"H3","080450",8,79110,79110,981271,0
2008,381,1,826,"H3","0805",8,49857,49857,94237,0
2008,381,2,826,"H3","0805",8,3246694,3246694,4810513,0
2008,381,2,826,"H3","080510",8,1615568,1615568,1971346,0
2008,381,1,826,"H3","080520",8,4240,4240,7557,0
2008,381,2,826,"H3","080520",8,210541,210541,321714,0
2008,381,1,826,"H3","080540",8,1694,1694,2223,0
2008,381,2,826,"H3","080540",8,55727,55727,83931,0
2008,381,1,826,"H3","080550",8,43923,43923,84457,0
2008,381,2,826,"H3","080550",8,1364622,1364622,2432954,0
2008,381,2,826,"H3","080590",8,236,236,567,0
2008,381,1,826,"H3","0806",8,371583,371583,1006278,0
2008,381,2,826,"H3","0806",8,10437952,10437952,28407135,0
2008,381,1,826,"H3","080610",8,305049,305049,792185,0
2008,381,2,826,"H3","080610",8,10397055,10397055,28226403,0
2008,381,1,826,"H3","080620",8,66534,66534,214093,0
2008,381,2,826,"H3","080620",8,40897,40897,180732,0
2008,381,1,826,"H3","0807",8,383785,383785,288364,0
2008,381,2,826,"H3","0807",8,3773450,3773450,3666096,0
2008,381,1,826,"H3","080711",8,177583,177583,139070,0
2008,381,2,826,"H3","080711",8,1322448,1322448,956227,0
2008,381,1,826,"H3","080719",8,206202,206202,149294,0
2008,381,2,826,"H3","080719",8,2451002,2451002,2709869,0
2008,381,1,826,"H3","0808",8,26729,26729,49189,0
2008,381,2,826,"H3","0808",8,33720586,33720586,48311165,0
2008,381,2,826,"H3","080810",8,26300034,26300034,35468242,0
2008,381,1,826,"H3","080820",8,26729,26729,49189,0
2008,381,2,826,"H3","080820",8,7420552,7420552,12842923,0
2008,381,1,826,"H3","0809",8,7410,7410,13137,0
2008,381,2,826,"H3","0809",8,36309582,36309582,66405010,0
2008,381,1,826,"H3","080910",8,6720,6720,12137,0
2008,381,2,826,"H3","080910",8,310630,310630,801529,0
2008,381,2,826,"H3","080920",8,776863,776863,4339720,0
2008,381,2,826,"H3","080930",8,24925928,24925928,43663633,0
2008,381,1,826,"H3","080940",8,690,690,1000,0
2008,381,2,826,"H3","080940",8,10296161,10296161,17600128,0
2008,381,1,826,"H3","0810",8,209797,209797,2000933,0
2008,381,2,826,"H3","0810",8,17083250,17083250,32151929,0
2008,381,1,826,"H3","081010",8,65652,65652,230353,0
2008,381,2,826,"H3","081010",8,457376,457376,1547514,0
2008,381,1,826,"H3","081020",8,100284,100284,1312452,0
2008,381,2,826,"H3","081020",8,5016,5016,48329,0
2008,381,1,826,"H3","081040",8,29909,29909,409589,0
2008,381,2,826,"H3","081040",8,112074,112074,1174255,0
2008,381,2,826,"H3","081050",8,16308379,16308379,28929125,0
2008,381,1,826,"H3","081090",8,13952,13952,48539,0
2008,381,2,826,"H3","081090",8,200405,200405,452706,0
2008,381,1,826,"H3","0811",8,299491,299491,767973,0
2008,381,2,826,"H3","0811",8,2030306,2030306,3296163,0
2008,381,1,826,"H3","081110",8,157652,157652,358500,0
2008,381,2,826,"H3","081110",8,25070,25070,28624,0
2008,381,1,826,"H3","081120",8,5,5,15,0
2008,381,2,826,"H3","081120",8,20659,20659,56784,0
2008,381,1,826,"H3","081190",8,141834,141834,409459,0
2008,381,2,826,"H3","081190",8,1984577,1984577,3210754,0
2008,381,2,826,"H3","0812",8,268730,268730,725858,0
2008,381,2,826,"H3","081210",8,236080,236080,547329,0
2008,381,2,826,"H3","081290",8,32650,32650,178529,0
2008,381,1,826,"H3","0813",8,241187,241187,1503003,0
2008,381,2,826,"H3","0813",8,4048137,4048137,37455412,0
2008,381,1,826,"H3","081310",8,22550,22550,105704,0
2008,381,2,826,"H3","081310",8,166628,166628,1063027,0
2008,381,1,826,"H3","081320",8,144043,144043,845066,0
2008,381,2,826,"H3","081320",8,43069,43069,350026,0
2008,381,2,826,"H3","081330",8,109633,109633,1084881,0
2008,381,1,826,"H3","081340",8,46386,46386,306349,0
2008,381,2,826,"H3","081340",8,248673,248673,3486765,0
2008,381,1,826,"H3","081350",8,28208,28208,245884,0
2008,381,2,826,"H3","081350",8,3480134,3480134,31470713,0
2008,381,2,826,"H3","0814",8,2888,2888,2530,0
2008,381,2,826,"H3","081400",8,2888,2888,2530,0
2008,381,1,826,"H3","09",1,,,27572090,0
2008,381,2,826,"H3","09",1,,,47111866,0
2008,381,1,826,"H3","0901",8,202269,202269,2943457,0
2008,381,2,826,"H3","0901",8,5615649,5615649,42418207,0
2008,381,1,826,"H3","090111",8,58447,58447,319531,0
2008,381,2,826,"H3","090111",8,6581,6581,38739,0
2008,381,2,826,"H3","090112",8,2697,2697,16501,0
2008,381,1,826,"H3","090121",8,114247,114247,1947619,0
2008,381,2,826,"H3","090121",8,5422805,5422805,40511561,0
2008,381,1,826,"H3","090122",8,29575,29575,676307,0
2008,381,2,826,"H3","090122",8,183445,183445,1850660,0
2008,381,2,826,"H3","090190",8,121,121,746,0
2008,381,1,826,"H3","0902",8,1028465,1028465,23117512,0
2008,381,2,826,"H3","0902",8,6625,6625,36247,0
2008,381,1,826,"H3","090210",8,145202,145202,3600572,0
2008,381,2,826,"H3","090210",8,234,234,3296,0
2008,381,1,826,"H3","090220",8,23423,23423,287629,0
2008,381,2,826,"H3","090220",8,120,120,819,0
2008,381,1,826,"H3","090230",8,851838,851838,19165845,0
2008,381,2,826,"H3","090230",8,5239,5239,21349,0
2008,381,1,826,"H3","090240",8,8002,8002,63466,0
2008,381,2,826,"H3","090240",8,1032,1032,10782,0
2008,381,1,826,"H3","0904",8,40648,40648,126281,0
2008,381,2,826,"H3","0904",8,34711,34711,331744,0
2008,381,1,826,"H3","090411",8,716,716,4286,0
2008,381,2,826,"H3","090411",8,15813,15813,194518,0
2008,381,1,826,"H3","090412",8,3894,3894,23527,0
2008,381,2,826,"H3","090412",8,11183,11183,60778,0
2008,381,1,826,"H3","090420",8,36038,36038,98469,0
2008,381,2,826,"H3","090420",8,7715,7715,76448,0
2008,381,1,826,"H3","0905",8,225,225,13870,0
2008,381,2,826,"H3","0905",8,179,179,1932,0
2008,381,1,826,"H3","090500",8,225,225,13870,0
2008,381,2,826,"H3","090500",8,179,179,1932,0
2008,381,1,826,"H3","0906",8,346,346,1681,0
2008,381,2,826,"H3","0906",8,487,487,2261,0
2008,381,1,826,"H3","090611",8,258,258,1285,0
2008,381,2,826,"H3","090611",8,434,434,1925,0
2008,381,1,826,"H3","090619",8,75,75,354,0
2008,381,2,826,"H3","090619",8,22,22,82,0
2008,381,1,826,"H3","090620",8,13,13,43,0
2008,381,2,826,"H3","090620",8,31,31,254,0
2008,381,1,826,"H3","0907",8,20,20,157,0
2008,381,2,826,"H3","0907",8,2,2,19,0
2008,381,1,826,"H3","090700",8,20,20,157,0
2008,381,2,826,"H3","090700",8,2,2,19,0
2008,381,1,826,"H3","0908",8,926,926,12765,0
2008,381,2,826,"H3","0908",8,115045,115045,993581,0
2008,381,1,826,"H3","090810",8,20,20,282,0
2008,381,2,826,"H3","090810",8,107445,107445,908065,0
2008,381,1,826,"H3","090820",8,11,11,216,0
2008,381,2,826,"H3","090820",8,7600,7600,85516,0
2008,381,1,826,"H3","090830",8,895,895,12268,0
2008,381,1,826,"H3","0909",8,3282,3282,6788,0
2008,381,2,826,"H3","0909",8,84756,84756,318129,0
2008,381,1,826,"H3","090910",8,24,24,97,0
2008,381,2,826,"H3","090910",8,4060,4060,13697,0
2008,381,1,826,"H3","090920",8,950,950,1299,0
2008,381,2,826,"H3","090920",8,45506,45506,107850,0
2008,381,1,826,"H3","090930",8,1891,1891,4010,0
2008,381,2,826,"H3","090930",8,27,27,100,0
2008,381,1,826,"H3","090940",8,285,285,649,0
2008,381,1,826,"H3","090950",8,132,132,733,0
2008,381,2,826,"H3","090950",8,35163,35163,196482,0
2008,381,1,826,"H3","0910",8,156102,156102,1028787,0
2008,381,2,826,"H3","0910",8,125905,125905,549707,0
2008,381,1,826,"H3","091010",8,62692,62692,92018,0
2008,381,1,826,"H3","091020",8,28,28,12058,0
2008,381,2,826,"H3","091020",8,712,712,115216,0
2008,381,1,826,"H3","091091",8,19010,19010,572810,0
2008,381,2,826,"H3","091091",8,17993,17993,179171,0
2008,381,1,826,"H3","091099",8,73389,73389,349847,0
2008,381,2,826,"H3","091099",8,107200,107200,255321,0
2008,381,1,826,"H3","10",1,,,15907515,0
2008,381,2,826,"H3","10",1,,,84097281,0
2008,381,1,826,"H3","1001",8,26918880,26918880,9417699,0
2008,381,2,826,"H3","1001",8,15894036,15894036,7922736,0
2008,381,1,826,"H3","100110",8,3855,3855,1013,0
2008,381,2,826,"H3","100110",8,12711888,12711888,6124698,0
2008,381,1,826,"H3","100190",8,26915025,26915025,9416686,0
2008,381,2,826,"H3","100190",8,3182148,3182148,1798038,0
2008,381,1,826,"H3","1003",8,1300474,1300474,367445,0
2008,381,2,826,"H3","1003",8,19426,19426,9753,0
2008,381,1,826,"H3","1004",8,4035580,4035580,1434128,0
2008,381,1,826,"H3","100400",8,4035580,4035580,1434128,0
2008,381,2,826,"H3","1005",8,6550007,6550007,2579027,0
2008,381,2,826,"H3","100510",8,175,175,148,0
2008,381,2,826,"H3","100590",8,6549832,6549832,2578879,0
2008,381,1,826,"H3","1006",8,2838118,2838118,4230255,0
2008,381,2,826,"H3","1006",8,73562277,73562277,72813472,0
2008,381,1,826,"H3","100610",8,201259,201259,362911,0
2008,381,2,826,"H3","100610",8,114932,114932,252289,0
2008,381,1,826,"H3","100620",8,45776,45776,87699,0
2008,381,2,826,"H3","100620",8,2707478,2707478,2691055,0
2008,381,1,826,"H3","100630",8,1466946,1466946,2568379,0
2008,381,2,826,"H3","100630",8,65468897,65468897,65938610,0
2008,381,1,826,"H3","100640",8,1124137,1124137,1211267,0
2008,381,2,826,"H3","100640",8,5270970,5270970,3931518,0
2008,381,1,826,"H3","1008",8,12986,12986,28541,0
2008,381,2,826,"H3","1008",8,11407,11407,18830,0
2008,381,2,826,"H3","100820",8,25,25,46,0
2008,381,1,826,"H3","100890",8,12986,12986,28541,0
2008,381,2,826,"H3","100890",8,11382,11382,18784,0
2008,381,1,826,"H3","11",1,,,6856316,0
2008,381,2,826,"H3","11",1,,,12747543,0
2008,381,1,826,"H3","1101",8,65870,65870,65649,0
2008,381,2,826,"H3","1101",8,8521497,8521497,5941711,0
2008,381,1,826,"H3","110100",8,65870,65870,65649,0
2008,381,2,826,"H3","110100",8,8521497,8521497,5941711,0
2008,381,1,826,"H3","1102",8,288704,288704,310116,0
2008,381,2,826,"H3","1102",8,1053797,1053797,538736,0
2008,381,1,826,"H3","110210",8,82325,82325,119581,0
2008,381,1,826,"H3","110220",8,29760,29760,67094,0
2008,381,2,826,"H3","110220",8,1023139,1023139,499470,0
2008,381,1,826,"H3","110290",8,176619,176619,123441,0
2008,381,2,826,"H3","100300",8,19426,19426,9753,0
2008,381,1,826,"H3","100300",8,1300474,1300474,367445,0
2008,381,2,826,"H3","100200",8,342,342,521,0
2008,381,2,826,"H3","1002",8,342,342,521,0
2008,381,1,826,"H3","091030",8,983,983,2054,0
2008,381,2,826,"H3","110290",8,30658,30658,39266,0
2008,381,1,826,"H3","1103",8,32966,32966,49098,0
2008,381,2,826,"H3","1103",8,1945625,1945625,1797133,0
2008,381,1,826,"H3","110311",8,10133,10133,33162,0
2008,381,2,826,"H3","110311",8,376747,376747,316132,0
2008,381,2,826,"H3","110313",8,1565163,1565163,1476055,0
2008,381,1,826,"H3","110319",8,7500,7500,4258,0
2008,381,2,826,"H3","110319",8,3619,3619,4435,0
2008,381,1,826,"H3","110320",8,15333,15333,11679,0
2008,381,2,826,"H3","110320",8,96,96,511,0
2008,381,1,826,"H3","1104",8,4653434,4653434,3174511,0
2008,381,2,826,"H3","1104",8,301840,301840,369190,0
2008,381,1,826,"H3","110412",8,4543289,4543289,3075136,0
2008,381,2,826,"H3","110412",8,20,20,32,0
2008,381,1,826,"H3","110419",8,52782,52782,42519,0
2008,381,2,826,"H3","110419",8,55780,55780,99205,0
2008,381,1,826,"H3","110422",8,55500,55500,44647,0
2008,381,2,826,"H3","110422",8,25,25,66,0
2008,381,2,826,"H3","110423",8,35150,35150,86075,0
2008,381,1,826,"H3","110429",8,1863,1863,12210,0
2008,381,2,826,"H3","110429",8,37369,37369,12810,0
2008,381,2,826,"H3","110430",8,173496,173496,171002,0
2008,381,1,826,"H3","1105",8,40277,40277,47742,0
2008,381,2,826,"H3","1105",8,119788,119788,369885,0
2008,381,1,826,"H3","110510",8,13169,13169,10359,0
2008,381,1,826,"H3","110520",8,27108,27108,37383,0
2008,381,2,826,"H3","110520",8,119788,119788,369885,0
2008,381,1,826,"H3","1106",8,90372,90372,191413,0
2008,381,2,826,"H3","1106",8,93379,93379,1064613,0
2008,381,1,826,"H3","110610",8,11478,11478,16060,0
2008,381,2,826,"H3","110610",8,25,25,72,0
2008,381,1,826,"H3","110620",8,75674,75674,164169,0
2008,381,1,826,"H3","110630",8,3220,3220,11184,0
2008,381,2,826,"H3","110630",8,93354,93354,1064541,0
2008,381,1,826,"H3","1107",8,1348854,1348854,1075536,0
2008,381,2,826,"H3","1107",8,4352,4352,8702,0
2008,381,1,826,"H3","110710",8,1322518,1322518,1047649,0
2008,381,2,826,"H3","110710",8,114,114,119,0
2008,381,1,826,"H3","110720",8,26336,26336,27887,0
2008,381,2,826,"H3","110720",8,4238,4238,8583,0
2008,381,1,826,"H3","1108",8,75609,75609,113207,0
2008,381,2,826,"H3","1108",8,1771094,1771094,1331045,0
2008,381,2,826,"H3","110811",8,1250,1250,1047,0
2008,381,1,826,"H3","110812",8,41181,41181,49244,0
2008,381,2,826,"H3","110812",8,1748372,1748372,1299089,0
2008,381,1,826,"H3","110813",8,15024,15024,17006,0
2008,381,2,826,"H3","110813",8,18501,18501,18872,0
2008,381,1,826,"H3","110819",8,12704,12704,32960,0
2008,381,2,826,"H3","110819",8,431,431,1086,0
2008,381,2,826,"H3","110820",8,2540,2540,10950,0
2008,381,1,826,"H3","1109",8,1753310,1753310,1731180,0
2008,381,2,826,"H3","1109",8,410610,410610,1211873,0
2008,381,1,826,"H3","110900",8,1753310,1753310,1731180,0
2008,381,2,826,"H3","110900",8,410610,410610,1211873,0
2008,381,1,826,"H3","12",1,,,6612591,0
2008,381,2,826,"H3","12",1,,,17114470,0
2008,381,1,826,"H3","1201",8,38852,38852,311752,0
2008,381,2,826,"H3","1201",8,6296162,6296162,5414632,0
2008,381,1,826,"H3","120100",8,38852,38852,311752,0
2008,381,2,826,"H3","120100",8,6296162,6296162,5414632,0
2008,381,1,826,"H3","1202",8,111078,111078,262110,0
2008,381,2,826,"H3","1202",8,266211,266211,950251,0
2008,381,1,826,"H3","120210",8,80900,80900,193102,0
2008,381,2,826,"H3","120210",8,266211,266211,950251,0
2008,381,1,826,"H3","120220",8,30178,30178,69009,0
2008,381,2,826,"H3","1204",8,77,77,38,0
2008,381,2,826,"H3","120400",8,77,77,38,0
2008,381,1,826,"H3","1206",8,91772,91772,166468,0
2008,381,2,826,"H3","1206",8,178357,178357,644683,0
2008,381,1,826,"H3","120600",8,91772,91772,166468,0
2008,381,2,826,"H3","120600",8,178357,178357,644683,0
2008,381,1,826,"H3","1207",8,21511,21511,367144,0
2008,381,2,826,"H3","1207",8,51872,51872,1035403,0
2008,381,1,826,"H3","120740",8,128,128,213,0
2008,381,2,826,"H3","120740",8,979,979,2405,0
2008,381,1,826,"H3","120750",8,187,187,167,0
2008,381,1,826,"H3","120799",8,16650,16650,346276,0
2008,381,2,826,"H3","120799",8,50891,50891,1032990,0
2008,381,1,826,"H3","1208",8,20330,20330,12798,0
2008,381,1,826,"H3","120810",8,12000,12000,10352,0
2008,381,1,826,"H3","120890",8,8330,8330,2446,0
2008,381,1,826,"H3","1209",8,401872,401872,2569291,0
2008,381,2,826,"H3","1209",8,2110903,2110903,3524554,0
2008,381,1,826,"H3","120910",8,227000,227000,1747682,0
2008,381,2,826,"H3","120921",8,1732773,1732773,705278,0
2008,381,1,826,"H3","120922",8,59,59,125,0
2008,381,2,826,"H3","120922",8,102,102,214,0
2008,381,1,826,"H3","120923",8,8622,8622,27337,0
2008,381,1,826,"H3","120925",8,49825,49825,111160,0
2008,381,2,826,"H3","120925",8,44054,44054,70290,0
2008,381,1,826,"H3","120929",8,6795,6795,35473,0
2008,381,2,826,"H3","120929",8,7126,7126,14751,0
2008,381,1,826,"H3","120930",8,8568,8568,222675,0
2008,381,2,826,"H3","120930",8,1600,1600,185558,0
2008,381,1,826,"H3","120991",8,89988,89988,350204,0
2008,381,2,826,"H3","120991",8,323866,323866,2480066,0
2008,381,1,826,"H3","120999",8,4515,4515,39013,0
2008,381,2,826,"H3","120999",8,1382,1382,68396,0
2008,381,1,826,"H3","1211",8,80394,80394,553760,0
2008,381,2,826,"H3","1211",8,124253,124253,1128576,0
2008,381,2,826,"H3","121120",8,129,129,3789,0
2008,381,1,826,"H3","121190",8,80394,80394,553760,0
2008,381,2,826,"H3","121190",8,124099,124099,1124633,0
2008,381,1,826,"H3","1212",8,41240,41240,281326,0
2008,381,2,826,"H3","1212",8,1348051,1348051,701797,0
2008,381,1,826,"H3","121220",8,35003,35003,278774,0
2008,381,2,826,"H3","121220",8,17807,17807,68565,0
2008,381,1,826,"H3","121299",8,1839,1839,1887,0
2008,381,2,826,"H3","121299",8,1330225,1330225,633144,0
2008,381,1,826,"H3","1213",8,5818,5818,658,0
2008,381,2,826,"H3","1213",8,68829,68829,22963,0
2008,381,1,826,"H3","121300",8,5818,5818,658,0
2008,381,2,826,"H3","121300",8,68829,68829,22963,0
2008,381,1,826,"H3","1214",8,157770,157770,74127,0
2008,381,2,826,"H3","1214",8,9788755,9788755,2621192,0
2008,381,2,826,"H3","121410",8,8574537,8574537,2236429,0
2008,381,1,826,"H3","121490",8,157770,157770,74127,0
2008,381,2,826,"H3","121490",8,1214218,1214218,384763,0
2008,381,1,826,"H3","13",1,,,9892763,0
2008,381,2,826,"H3","13",1,,,5886758,0
2008,381,1,826,"H3","1301",8,2062153,2062153,5526043,0
2008,381,2,826,"H3","1301",8,8378,8378,28354,0
2008,381,1,826,"H3","130120",8,181792,181792,499029,0
2008,381,2,826,"H3","130120",8,2825,2825,12571,0
2008,381,1,826,"H3","130190",8,1880361,1880361,5027014,0
2008,381,2,826,"H3","130190",8,5553,5553,15783,0
2008,381,1,826,"H3","1302",8,250809,250809,4366720,0
2008,381,2,826,"H3","1302",8,974620,974620,5817243,0
2008,381,1,826,"H3","130212",8,6522,6522,27467,0
2008,381,2,826,"H3","130212",8,634,634,22621,0
2008,381,1,826,"H3","130213",8,6390,6390,202797,0
2008,381,2,826,"H3","130213",8,1,1,6,0
2008,381,1,826,"H3","130220",8,4800,4800,70208,0
2008,381,1,826,"H3","130232",8,135731,135731,2843585,0
2008,381,2,826,"H3","130232",8,128878,128878,892946,0
2008,381,1,826,"H3","130239",8,24562,24562,311604,0
2008,381,2,826,"H3","130239",8,405633,405633,3169198,0
2008,381,1,826,"H3","14",1,,,18661,0
2008,381,2,826,"H3","14",1,,,153510,0
2008,381,1,826,"H3","1401",8,13418,13418,17261,0
2008,381,2,826,"H3","1401",8,9810,9810,114225,0
2008,381,1,826,"H3","140110",8,10914,10914,8186,0
2008,381,2,826,"H3","140110",8,9616,9616,113031,0
2008,381,1,826,"H3","140190",8,1274,1274,6111,0
2008,381,2,826,"H3","140190",8,194,194,1194,0
2008,381,1,826,"H3","1404",8,1823,1823,1399,0
2008,381,2,826,"H3","1404",8,11783,11783,39285,0
2008,381,1,826,"H3","140490",8,1823,1823,1399,0
2008,381,2,826,"H3","140490",8,11783,11783,39285,0
2008,381,1,826,"H3","15",1,,,9878478,0
2008,381,2,826,"H3","15",1,,,129202560,0
2008,381,2,826,"H3","1501",8,3514963,3514963,4798793,0
2008,381,2,826,"H3","150100",8,3514963,3514963,4798793,0
2008,381,1,826,"H3","1502",8,85200,85200,74963,0
2008,381,1,826,"H3","150200",8,85200,85200,74963,0
2008,381,1,826,"H3","1504",8,53538,53538,514821,0
2008,381,2,826,"H3","1504",8,14979,14979,61240,0
2008,381,1,826,"H3","150420",8,40974,40974,466555,0
2008,381,2,826,"H3","150420",8,9670,9670,45654,0
2008,381,1,826,"H3","1505",8,426154,426154,2155555,0
2008,381,2,826,"H3","1505",8,500631,500631,1195073,0
2008,381,1,826,"H3","150500",8,426154,426154,2155555,0
2008,381,2,826,"H3","150500",8,500631,500631,1195073,0
2008,381,1,826,"H3","1507",8,2226,2226,48941,0
2008,381,2,826,"H3","1507",8,305428,305428,496746,0
2008,381,1,826,"H3","150710",8,1013,1013,661,0
2008,381,2,826,"H3","150710",8,270242,270242,429131,0
2008,381,1,826,"H3","150790",8,1213,1213,48281,0
2008,381,2,826,"H3","150790",8,35186,35186,67615,0
2008,381,1,826,"H3","1508",8,3104,3104,11033,0
2008,381,2,826,"H3","1508",8,196164,196164,596876,0
2008,381,2,826,"H3","150810",8,17028,17028,75335,0
2008,381,1,826,"H3","150890",8,3104,3104,11033,0
2008,381,2,826,"H3","150890",8,179136,179136,521541,0
2008,381,1,826,"H3","1509",8,4009,4009,29207,0
2008,381,2,826,"H3","1509",8,20999587,20999587,106260874,0
2008,381,1,826,"H3","150910",8,2620,2620,23703,0
2008,381,2,826,"H3","150910",8,12037358,12037358,67056786,0
2008,381,2,826,"H3","1510",8,818148,818148,2856999,0
2008,381,2,826,"H3","151000",8,818148,818148,2856999,0
2008,381,1,826,"H3","1511",8,551661,551661,675667,0
2008,381,2,826,"H3","1511",8,128405,128405,186698,0
2008,381,1,826,"H3","151190",8,501341,501341,458968,0
2008,381,2,826,"H3","151190",8,128357,128357,186572,0
2008,381,1,826,"H3","1512",8,2158,2158,2511,0
2008,381,2,826,"H3","1512",8,566862,566862,1076523,0
2008,381,2,826,"H3","151211",8,493418,493418,852008,0
2008,381,1,826,"H3","151219",8,2158,2158,2511,0
2008,381,2,826,"H3","151219",8,73444,73444,224515,0
2008,381,1,826,"H3","1513",8,1811,1811,5976,0
2008,381,1,826,"H3","151311",8,364,364,3480,0
2008,381,1,826,"H3","151319",8,1447,1447,2496,0
2008,381,1,826,"H3","1514",8,201496,201496,388344,0
2008,381,2,826,"H3","1514",8,3116,3116,18689,0
2008,381,1,826,"H3","151411",8,187482,187482,326190,0
2008,381,2,826,"H3","151411",8,2954,2954,18564,0
2008,381,1,826,"H3","151419",8,5914,5914,34026,0
2008,381,2,826,"H3","151419",8,162,162,125,0
2008,381,1,826,"H3","151491",8,8100,8100,28128,0
2008,381,1,826,"H3","1515",8,285972,285972,726718,0
2008,381,2,826,"H3","1515",8,588447,588447,2059380,0
2008,381,1,826,"H3","151511",8,299,299,440,0
2008,381,2,826,"H3","151511",8,1426,1426,2409,0
2008,381,1,826,"H3","151519",8,180787,180787,250439,0
2008,381,2,826,"H3","151519",8,4372,4372,10136,0
2008,381,1,826,"H3","151521",8,417,417,386,0
2008,381,2,826,"H3","151529",8,6683,6683,10163,0
2008,381,1,826,"H3","151530",8,68580,68580,271468,0
2008,381,2,826,"H3","151530",8,23046,23046,45927,0
2008,381,1,826,"H3","151550",8,11539,11539,74104,0
2008,381,2,826,"H3","151550",8,11270,11270,95683,0
2008,381,1,826,"H3","151590",8,24350,24350,129881,0
2008,381,2,826,"H3","151590",8,541650,541650,1895061,0
2008,381,1,826,"H3","1516",8,399586,399586,738667,0
2008,381,1,826,"H3","120924",8,6500,6500,35622,0
2008,381,2,826,"H3","151110",8,48,48,126,0
2008,381,1,826,"H3","151110",8,50320,50320,216699,0
2008,381,2,826,"H3","150990",8,8962229,8962229,39204089,0
2008,381,1,826,"H3","150990",8,1389,1389,5505,0
2008,381,2,826,"H3","150300",8,724082,724082,399726,0
2008,381,1,826,"H3","150300",8,220086,220086,276168,0
2008,381,2,826,"H3","1503",8,724082,724082,399726,0
2008,381,1,826,"H3","1503",8,220086,220086,276168,0
2008,381,1,826,"H3","140120",8,1230,1230,2964,0
2008,381,2,826,"H3","130219",8,439474,439474,1732472,0
2008,381,1,826,"H3","130219",8,72804,72804,911059,0
2008,381,2,826,"H3","121291",8,19,19,88,0
2008,381,1,826,"H3","121291",8,4398,4398,665,0
2008,381,2,826,"H3","121140",8,25,25,154,0
2008,381,1,826,"H3","121020",8,32085,32085,336117,0
2008,381,1,826,"H3","121010",8,28243,28243,23431,0
2008,381,1,826,"H3","1210",8,60328,60328,359548,0
2008,381,2,826,"H3","120791",8,2,2,7,0
2008,381,1,826,"H3","120791",8,4546,4546,20487,0
2008,381,1,826,"H3","110814",8,6700,6700,13997,0
2008,381,2,826,"H3","150410",8,5309,5309,15586,0
2008,381,1,826,"H3","150410",8,12564,12564,48266,0
2008,381,2,826,"H3","1516",8,52209,52209,489166,0
2008,381,1,826,"H3","151620",8,399586,399586,738667,0
2008,381,2,826,"H3","151620",8,52209,52209,489166,0
2008,381,1,826,"H3","1517",8,122378,122378,309792,0
2008,381,2,826,"H3","1517",8,1495389,1495389,3589172,0
2008,381,1,826,"H3","151710",8,1250,1250,2293,0
2008,381,2,826,"H3","151710",8,13496,13496,28112,0
2008,381,1,826,"H3","151790",8,121128,121128,307498,0
2008,381,2,826,"H3","151790",8,1481893,1481893,3561060,0
2008,381,1,826,"H3","1518",8,2997269,2997269,3570513,0
2008,381,2,826,"H3","1518",8,318439,318439,621526,0
2008,381,1,826,"H3","151800",8,2997269,2997269,3570513,0
2008,381,2,826,"H3","151800",8,318439,318439,621526,0
2008,381,1,826,"H3","1520",8,53995,53995,32035,0
2008,381,1,826,"H3","152000",8,53995,53995,32035,0
2008,381,1,826,"H3","1521",8,8993,8993,84812,0
2008,381,2,826,"H3","1521",8,1159,1159,4990,0
2008,381,1,826,"H3","152110",8,6013,6013,42374,0
2008,381,1,826,"H3","152190",8,2980,2980,42438,0
2008,381,2,826,"H3","152190",8,1159,1159,4990,0
2008,381,1,826,"H3","16",1,,,5976752,0
2008,381,2,826,"H3","16",1,,,100588762,0
2008,381,1,826,"H3","1601",8,42392,42392,307841,0
2008,381,2,826,"H3","1601",8,4068700,4068700,57848951,0
2008,381,1,826,"H3","160100",8,42392,42392,307841,0
2008,381,2,826,"H3","160100",8,4068700,4068700,57848951,0
2008,381,1,826,"H3","1602",8,195195,195195,1633973,0
2008,381,2,826,"H3","1602",8,3288669,3288669,32581891,0
2008,381,2,826,"H3","160210",8,1011140,1011140,4328575,0
2008,381,1,826,"H3","160220",8,1740,1740,28103,0
2008,381,2,826,"H3","160220",8,13187,13187,144774,0
2008,381,1,826,"H3","160231",8,190,190,1479,0
2008,381,2,826,"H3","160231",8,31158,31158,117359,0
2008,381,1,826,"H3","160232",8,49987,49987,341949,0
2008,381,2,826,"H3","160232",8,36348,36348,180513,0
2008,381,2,826,"H3","160239",8,7918,7918,70722,0
2008,381,1,826,"H3","160241",8,6796,6796,81378,0
2008,381,2,826,"H3","160241",8,1393237,1393237,17454993,0
2008,381,1,826,"H3","160242",8,1000,1000,31668,0
2008,381,2,826,"H3","160242",8,123892,123892,1603317,0
2008,381,1,826,"H3","160249",8,36774,36774,784719,0
2008,381,2,826,"H3","160249",8,560108,560108,7560665,0
2008,381,1,826,"H3","160250",8,98549,98549,361307,0
2008,381,2,826,"H3","160250",8,101847,101847,1003816,0
2008,381,1,826,"H3","160290",8,159,159,3370,0
2008,381,2,826,"H3","160290",8,9834,9834,117158,0
2008,381,1,826,"H3","1603",8,10274,10274,392539,0
2008,381,2,826,"H3","1603",8,494105,494105,1534190,0
2008,381,1,826,"H3","160300",8,10274,10274,392539,0
2008,381,2,826,"H3","160300",8,494105,494105,1534190,0
2008,381,1,826,"H3","1604",8,234436,234436,1603091,0
2008,381,2,826,"H3","1604",8,436529,436529,5776673,0
2008,381,1,826,"H3","160411",8,444,444,5531,0
2008,381,2,826,"H3","160411",8,4755,4755,56952,0
2008,381,1,826,"H3","160412",8,137,137,968,0
2008,381,2,826,"H3","160412",8,5136,5136,63482,0
2008,381,1,826,"H3","160413",8,2204,2204,5665,0
2008,381,2,826,"H3","160413",8,3262,3262,22737,0
2008,381,1,826,"H3","160414",8,184368,184368,1404093,0
2008,381,2,826,"H3","160414",8,109764,109764,601177,0
2008,381,1,826,"H3","160415",8,315,315,2295,0
2008,381,2,826,"H3","160415",8,338,338,3889,0
2008,381,1,826,"H3","160416",8,2,2,10,0
2008,381,2,826,"H3","160416",8,40634,40634,588387,0
2008,381,1,826,"H3","160419",8,46145,46145,178448,0
2008,381,2,826,"H3","160419",8,1293,1293,15579,0
2008,381,1,826,"H3","160420",8,821,821,6082,0
2008,381,2,826,"H3","160420",8,268327,268327,3805565,0
2008,381,2,826,"H3","160430",8,3020,3020,618905,0
2008,381,1,826,"H3","1605",8,221124,221124,1708130,0
2008,381,2,826,"H3","1605",8,120364,120364,1576856,0
2008,381,1,826,"H3","160510",8,6486,6486,76067,0
2008,381,2,826,"H3","160510",8,1385,1385,26222,0
2008,381,1,826,"H3","160520",8,109132,109132,822315,0
2008,381,2,826,"H3","160520",8,228,228,3914,0
2008,381,1,826,"H3","160530",8,64,64,579,0
2008,381,1,826,"H3","160540",8,101139,101139,780785,0
2008,381,2,826,"H3","160540",8,17,17,188,0
2008,381,1,826,"H3","160590",8,4303,4303,28385,0
2008,381,2,826,"H3","160590",8,118734,118734,1546531,0
2008,381,1,826,"H3","17",1,,,175633348,0
2008,381,2,826,"H3","17",1,,,12511210,0
2008,381,1,826,"H3","1701",8,189213086,189213086,166156983,0
2008,381,2,826,"H3","1701",8,296290,296290,528410,0
2008,381,1,826,"H3","170111",8,1375625,1375625,2383389,0
2008,381,2,826,"H3","170111",8,188600,188600,364792,0
2008,381,1,826,"H3","170112",8,636,636,1167,0
2008,381,2,826,"H3","170112",8,12752,12752,22867,0
2008,381,1,826,"H3","170191",8,35599,35599,152699,0
2008,381,2,826,"H3","170191",8,994,994,3201,0
2008,381,1,826,"H3","170199",8,187801226,187801226,163619727,0
2008,381,2,826,"H3","170199",8,93944,93944,137550,0
2008,381,1,826,"H3","1702",8,921216,921216,954097,0
2008,381,2,826,"H3","1702",8,2517307,2517307,2759239,0
2008,381,1,826,"H3","170211",8,222,222,213,0
2008,381,2,826,"H3","170211",8,882000,882000,1256014,0
2008,381,1,826,"H3","170219",8,44571,44571,43730,0
2008,381,2,826,"H3","170219",8,85,85,520,0
2008,381,1,826,"H3","170220",8,2509,2509,21640,0
2008,381,2,826,"H3","170220",8,236,236,556,0
2008,381,1,826,"H3","170230",8,613183,613183,467564,0
2008,381,2,826,"H3","170230",8,1357002,1357002,1035366,0
2008,381,2,826,"H3","170240",8,247402,247402,374065,0
2008,381,1,826,"H3","170260",8,38346,38346,96022,0
2008,381,1,826,"H3","170290",8,222385,222385,324929,0
2008,381,2,826,"H3","170290",8,30582,30582,92719,0
2008,381,1,826,"H3","1703",8,1867667,1867667,638976,0
2008,381,2,826,"H3","1703",8,6059640,6059640,346567,0
2008,381,1,826,"H3","170310",8,1866732,1866732,638089,0
2008,381,1,826,"H3","170390",8,935,935,887,0
2008,381,2,826,"H3","170390",8,6059640,6059640,346567,0
2008,381,1,826,"H3","1704",8,1629808,1629808,7847969,0
2008,381,2,826,"H3","1704",8,1663022,1663022,8876995,0
2008,381,1,826,"H3","170410",8,35352,35352,272869,0
2008,381,2,826,"H3","170410",8,940,940,4898,0
2008,381,1,826,"H3","170490",8,1594456,1594456,7575101,0
2008,381,2,826,"H3","170490",8,1662082,1662082,8872097,0
2008,381,1,826,"H3","18",1,,,6407414,0
2008,381,2,826,"H3","18",1,,,126956964,0
2008,381,2,826,"H3","1801",8,75,75,154,0
2008,381,2,826,"H3","180100",8,75,75,154,0
2008,381,1,826,"H3","1803",8,100120,100120,340463,0
2008,381,2,826,"H3","1803",8,7068,7068,4192,0
2008,381,1,826,"H3","180310",8,100120,100120,340463,0
2008,381,2,826,"H3","180310",8,68,68,487,0
2008,381,2,826,"H3","180320",8,7000,7000,3704,0
2008,381,1,826,"H3","1804",8,191365,191365,1101733,0
2008,381,2,826,"H3","1804",8,258,258,1631,0
2008,381,1,826,"H3","180400",8,191365,191365,1101733,0
2008,381,2,826,"H3","180400",8,258,258,1631,0
2008,381,1,826,"H3","1805",8,1012381,1012381,1597726,0
2008,381,2,826,"H3","1805",8,294996,294996,1253648,0
2008,381,1,826,"H3","180500",8,1012381,1012381,1597726,0
2008,381,2,826,"H3","180500",8,294996,294996,1253648,0
2008,381,1,826,"H3","1806",8,620800,620800,3296847,0
2008,381,2,826,"H3","1806",8,14063608,14063608,124823159,0
2008,381,1,826,"H3","180610",8,685,685,2376,0
2008,381,2,826,"H3","180610",8,17103,17103,120575,0
2008,381,1,826,"H3","180620",8,164004,164004,687234,0
2008,381,2,826,"H3","180620",8,518284,518284,3329454,0
2008,381,1,826,"H3","180631",8,14068,14068,160959,0
2008,381,2,826,"H3","180631",8,49795,49795,494691,0
2008,381,1,826,"H3","180632",8,11317,11317,64922,0
2008,381,2,826,"H3","180632",8,3747674,3747674,40125600,0
2008,381,1,826,"H3","180690",8,430726,430726,2381356,0
2008,381,2,826,"H3","180690",8,9730752,9730752,80752840,0
2008,381,1,826,"H3","19",1,,,59206073,0
2008,381,2,826,"H3","19",1,,,574123211,0
2008,381,1,826,"H3","1901",8,3793797,3793797,9457222,0
2008,381,2,826,"H3","1901",8,3006422,3006422,7406277,0
2008,381,1,826,"H3","190110",8,83883,83883,381429,0
2008,381,2,826,"H3","190110",8,239468,239468,864831,0
2008,381,1,826,"H3","190120",8,1433623,1433623,2574328,0
2008,381,2,826,"H3","190120",8,1960863,1960863,4599219,0
2008,381,1,826,"H3","190190",8,2276291,2276291,6501465,0
2008,381,2,826,"H3","190190",8,806091,806091,1942227,0
2008,381,1,826,"H3","1902",8,552309,552309,1437307,0
2008,381,2,826,"H3","1902",8,231571065,231571065,429147167,0
2008,381,2,826,"H3","190211",8,12891802,12891802,35150596,0
2008,381,1,826,"H3","190219",8,28787,28787,68420,0
2008,381,2,826,"H3","190219",8,187452007,187452007,278333675,0
2008,381,1,826,"H3","190220",8,463628,463628,1251774,0
2008,381,2,826,"H3","190220",8,26605442,26605442,103932697,0
2008,381,1,826,"H3","190230",8,58691,58691,113530,0
2008,381,2,826,"H3","190230",8,4160571,4160571,11163096,0
2008,381,1,826,"H3","190240",8,1203,1203,3583,0
2008,381,2,826,"H3","190240",8,461243,461243,567103,0
2008,381,1,826,"H3","1903",8,50,50,197,0
2008,381,1,826,"H3","190300",8,50,50,197,0
2008,381,1,826,"H3","1904",8,4275921,4275921,22042869,0
2008,381,2,826,"H3","1904",8,1198643,1198643,2861712,0
2008,381,1,826,"H3","190410",8,3502504,3502504,20685407,0
2008,381,2,826,"H3","190410",8,196292,196292,826921,0
2008,381,1,826,"H3","190420",8,332547,332547,952073,0
2008,381,2,826,"H3","190420",8,77945,77945,202575,0
2008,381,1,826,"H3","190490",8,440870,440870,405390,0
2008,381,2,826,"H3","190490",8,862388,862388,1759336,0
2008,381,1,826,"H3","1905",8,5950291,5950291,25011648,0
2008,381,2,826,"H3","1905",8,23584772,23584772,108832174,0
2008,381,1,826,"H3","190510",8,2156,2156,9343,0
2008,381,2,826,"H3","190510",8,65595,65595,209956,0
2008,381,1,826,"H3","190520",8,12185,12185,46332,0
2008,381,1,826,"H3","190531",8,1131003,1131003,6321906,0
2008,381,2,826,"H3","190531",8,1812740,1812740,10477944,0
2008,381,1,826,"H3","190532",8,591082,591082,3053744,0
2008,381,2,826,"H3","190532",8,1561461,1561461,9571691,0
2008,381,1,826,"H3","190540",8,89000,89000,184255,0
2008,381,2,826,"H3","190540",8,1432437,1432437,5176988,0
2008,381,1,826,"H3","190590",8,4124865,4124865,15396068,0
2008,381,2,826,"H3","190590",8,18704761,18704761,83336688,0
2008,381,1,826,"H3","20",1,,,15434445,0
2008,381,2,826,"H3","20",1,,,605787253,0
2008,381,1,826,"H3","2001",8,37584,37584,181016,0
2008,381,2,826,"H3","2001",8,693654,693654,3761357,0
2008,381,1,826,"H3","200110",8,363,363,1136,0
2008,381,2,826,"H3","200110",8,38009,38009,75441,0
2008,381,1,826,"H3","200190",8,37221,37221,179880,0
2008,381,2,826,"H3","200190",8,655645,655645,3685917,0
2008,381,1,826,"H3","2002",8,62340,62340,133222,0
2008,381,2,826,"H3","2002",8,315655023,315655023,355278869,0
2008,381,2,826,"H3","2003",8,384926,384926,2830062,0
2008,381,2,826,"H3","200310",8,316162,316162,1930373,0
2008,381,2,826,"H3","200320",8,2120,2120,314090,0
2008,381,2,826,"H3","200390",8,66644,66644,585599,0
2008,381,1,826,"H3","2004",8,65178,65178,96549,0
2008,381,2,826,"H3","2004",8,1666503,1666503,2641436,0
2008,381,1,826,"H3","200410",8,53156,53156,47361,0
2008,381,2,826,"H3","200410",8,20663,20663,25708,0
2008,381,1,826,"H3","200490",8,12022,12022,49188,0
2008,381,2,826,"H3","200490",8,1645840,1645840,2615728,0
2008,381,1,826,"H3","2005",8,2106011,2106011,9469168,0
2008,381,2,826,"H3","2005",8,82854244,82854244,110324208,0
2008,381,2,826,"H3","200510",8,2100707,2100707,4163642,0
2008,381,1,826,"H3","200520",8,1639090,1639090,8160752,0
2008,381,2,826,"H3","200520",8,33793,33793,177349,0
2008,381,1,826,"H3","200540",8,562,562,623,0
2008,381,2,826,"H3","200540",8,11239445,11239445,9554825,0
2008,381,1,826,"H3","200551",8,68062,68062,46793,0
2008,381,2,826,"H3","200551",8,51068216,51068216,45771297,0
2008,381,1,826,"H3","200559",8,4055,4055,10158,0
2008,381,2,826,"H3","200559",8,9745316,9745316,8088133,0
2008,381,2,826,"H3","200560",8,1769,1769,15142,0
2008,381,1,826,"H3","200570",8,22,22,134,0
2008,381,2,826,"H3","200570",8,1572577,1572577,13355908,0
2008,381,1,826,"H3","200580",8,383823,383823,1235212,0
2008,381,2,826,"H3","200580",8,1634969,1634969,2350685,0
2008,381,2,826,"H3","200591",8,206036,206036,671090,0
2008,381,1,826,"H3","200599",8,10397,10397,15496,0
2008,381,2,826,"H3","200599",8,5251416,5251416,26176137,0
2008,381,1,826,"H3","2006",8,50338,50338,394265,0
2008,381,2,826,"H3","2006",8,3186286,3186286,7755156,0
2008,381,1,826,"H3","200600",8,50338,50338,394265,0
2008,381,2,826,"H3","200290",8,47938780,47938780,72685009,0
2008,381,1,826,"H3","200290",8,62340,62340,133222,0
2008,381,2,826,"H3","200210",8,267716243,267716243,282593860,0
2008,381,2,826,"H3","190520",8,7778,7778,58907,0
2008,381,2,826,"H3","190430",8,62018,62018,72880,0
2008,381,2,826,"H3","200600",8,3186286,3186286,7755156,0
2008,381,1,826,"H3","2007",8,354441,354441,1432112,0
2008,381,2,826,"H3","2007",8,4474399,4474399,12712673,0
2008,381,1,826,"H3","200710",8,80904,80904,191688,0
2008,381,2,826,"H3","200710",8,819825,819825,3066465,0
2008,381,1,826,"H3","200791",8,57571,57571,309309,0
2008,381,2,826,"H3","200791",8,900965,900965,2429125,0
2008,381,1,826,"H3","200799",8,215966,215966,931116,0
2008,381,2,826,"H3","200799",8,2753609,2753609,7217083,0
2008,381,1,826,"H3","2008",8,1126976,1126976,2150149,0
2008,381,2,826,"H3","2008",8,25280547,25280547,48268117,0
2008,381,1,826,"H3","200811",8,24943,24943,73678,0
2008,381,2,826,"H3","200811",8,32729,32729,200840,0
2008,381,1,826,"H3","200819",8,81430,81430,503528,0
2008,381,2,826,"H3","200819",8,1823577,1823577,12541232,0
2008,381,1,826,"H3","200820",8,2989,2989,1832,0
2008,381,2,826,"H3","200820",8,22248,22248,72804,0
2008,381,1,826,"H3","200830",8,9286,9286,29893,0
2008,381,2,826,"H3","200830",8,74391,74391,102534,0
2008,381,1,826,"H3","200840",8,439920,439920,514564,0
2008,381,2,826,"H3","200840",8,2917217,2917217,3835070,0
2008,381,1,826,"H3","200850",8,273680,273680,416456,0
2008,381,2,826,"H3","200850",8,55319,55319,98586,0
2008,381,1,826,"H3","200860",8,20409,20409,142581,0
2008,381,2,826,"H3","200860",8,38702,38702,311168,0
2008,381,1,826,"H3","200870",8,184642,184642,235823,0
2008,381,2,826,"H3","200870",8,126066,126066,155470,0
2008,381,2,826,"H3","200880",8,112970,112970,426048,0
2008,381,2,826,"H3","200891",8,388,388,1818,0
2008,381,1,826,"H3","200892",8,18536,18536,48015,0
2008,381,2,826,"H3","200892",8,10294379,10294379,15943729,0
2008,381,1,826,"H3","200899",8,71141,71141,183778,0
2008,381,2,826,"H3","200899",8,9782561,9782561,14578819,0
2008,381,1,826,"H3","2009",8,519788,519788,959460,0
2008,381,2,826,"H3","2009",8,28740643,28740643,51740781,0
2008,381,1,826,"H3","200911",8,36982,36982,106198,0
2008,381,2,826,"H3","200911",8,329458,329458,679889,0
2008,381,2,826,"H3","200912",8,5706,5706,10461,0
2008,381,1,826,"H3","200919",8,6919,6919,17953,0
2008,381,2,826,"H3","200919",8,74483,74483,159437,0
2008,381,1,826,"H3","200921",8,285038,285038,344182,0
2008,381,2,826,"H3","200921",8,325920,325920,228770,0
2008,381,1,826,"H3","200929",8,78241,78241,111231,0
2008,381,2,826,"H3","200929",8,4929,4929,5518,0
2008,381,1,826,"H3","200931",8,26653,26653,36851,0
2008,381,2,826,"H3","200931",8,2206047,2206047,4039002,0
2008,381,2,826,"H3","200939",8,1275531,1275531,2095352,0
2008,381,2,826,"H3","200941",8,2691635,2691635,2016505,0
2008,381,2,826,"H3","200949",8,6564,6564,10878,0
2008,381,1,826,"H3","200950",8,723,723,812,0
2008,381,2,826,"H3","200950",8,78882,78882,43725,0
2008,381,2,826,"H3","200961",8,2535856,2535856,1739636,0
2008,381,1,826,"H3","200969",8,211,211,332,0
2008,381,2,826,"H3","200969",8,7498667,7498667,12375713,0
2008,381,1,826,"H3","200971",8,699,699,584,0
2008,381,2,826,"H3","200971",8,37615,37615,57824,0
2008,381,1,826,"H3","200979",8,11064,11064,70014,0
2008,381,2,826,"H3","200979",8,7322351,7322351,18375319,0
2008,381,1,826,"H3","200980",8,62235,62235,246160,0
2008,381,2,826,"H3","200980",8,4294602,4294602,9802140,0
2008,381,1,826,"H3","200990",8,11023,11023,25142,0
2008,381,2,826,"H3","200990",8,52397,52397,100615,0
2008,381,1,826,"H3","21",1,,,66851216,0
2008,381,2,826,"H3","21",1,,,154122688,0
2008,381,1,826,"H3","2101",8,1584939,1584939,17955371,0
2008,381,2,826,"H3","2101",8,105657,105657,560654,0
2008,381,1,826,"H3","210111",8,948603,948603,12635021,0
2008,381,2,826,"H3","210111",8,5474,5474,156158,0
2008,381,1,826,"H3","210112",8,605052,605052,4753109,0
2008,381,2,826,"H3","210112",8,4587,4587,48592,0
2008,381,1,826,"H3","210120",8,31284,31284,567242,0
2008,381,2,826,"H3","210120",8,78938,78938,108825,0
2008,381,2,826,"H3","210130",8,16658,16658,247080,0
2008,381,1,826,"H3","2102",8,225692,225692,2350038,0
2008,381,2,826,"H3","2102",8,380246,380246,1029233,0
2008,381,1,826,"H3","210210",8,42198,42198,859671,0
2008,381,2,826,"H3","210210",8,76855,76855,427371,0
2008,381,1,826,"H3","210220",8,183331,183331,1489284,0
2008,381,2,826,"H3","210220",8,297740,297740,586837,0
2008,381,1,826,"H3","210230",8,163,163,1084,0
2008,381,2,826,"H3","210230",8,5651,5651,15026,0
2008,381,1,826,"H3","2103",8,1503420,1503420,3331423,6
2008,381,2,826,"H3","2103",8,18979690,18979690,67125533,6
2008,381,1,826,"H3","210310",8,29911,29911,78476,0
2008,381,2,826,"H3","210310",8,905,905,1972,0
2008,381,1,826,"H3","210320",8,67911,67911,282236,0
2008,381,2,826,"H3","210320",8,8587562,8587562,18371204,0
2008,381,1,826,"H3","210330",8,20789,20789,56076,0
2008,381,2,826,"H3","210330",8,150,150,304,0
2008,381,1,826,"H3","210390",8,1384809,1384809,2914634,6
2008,381,2,826,"H3","210390",8,10391073,10391073,48752053,6
2008,381,1,826,"H3","2104",8,13039,13039,134619,0
2008,381,2,826,"H3","2104",8,6039899,6039899,23859732,0
2008,381,1,826,"H3","210410",8,8544,8544,63394,0
2008,381,2,826,"H3","210410",8,4413633,4413633,17184460,0
2008,381,1,826,"H3","210420",8,4495,4495,71226,0
2008,381,2,826,"H3","210420",8,1626266,1626266,6675271,0
2008,381,1,826,"H3","2105",8,3686250,3686250,12950010,0
2008,381,2,826,"H3","2105",8,6954703,6954703,33306838,0
2008,381,1,826,"H3","210500",8,3686250,3686250,12950010,0
2008,381,2,826,"H3","210500",8,6954703,6954703,33306838,0
2008,381,1,826,"H3","2106",8,3596895,3596895,28888215,0
2008,381,2,826,"H3","2106",8,9937488,9937488,26905555,6
2008,381,1,826,"H3","210610",8,466214,466214,4195712,0
2008,381,2,826,"H3","210610",8,1127591,1127591,3167520,0
2008,381,1,826,"H3","210690",8,3130681,3130681,24692503,0
2008,381,2,826,"H3","210690",8,8809897,8809897,23738035,6
2008,381,1,826,"H3","22",1,,,161554752,0
2008,381,2,826,"H3","22",1,,,890733979,0
2008,381,1,826,"H3","2201",7,1145665,1145665,1102237,6
2008,381,2,826,"H3","2201",7,15705446,15705446,8275705,6
2008,381,1,826,"H3","220110",7,829945,829945,915320,4
2008,381,2,826,"H3","220110",7,14764257,14764257,7994123,4
2008,381,1,826,"H3","220190",7,315720,315720,186917,2
2008,381,2,826,"H3","220190",7,941189,941189,281582,2
2008,381,1,826,"H3","2202",7,992434,992434,3365136,4
2008,381,2,826,"H3","2202",7,7291772,7291772,9375328,4
2008,381,1,826,"H3","220210",7,814304,814304,2983753,4
2008,381,2,826,"H3","220210",7,4082721,4082721,5228071,4
2008,381,1,826,"H3","220290",7,178130,178130,381383,4
2008,381,2,826,"H3","220290",7,3209051,3209051,4147257,4
2008,381,1,826,"H3","2203",7,14139547,14139547,13895389,4
2008,381,2,826,"H3","2203",7,13777544,13777544,16327637,4
2008,381,1,826,"H3","220300",7,14139547,14139547,13895389,4
2008,381,2,826,"H3","220300",7,13777544,13777544,16327637,4
2008,381,1,826,"H3","2204",7,152404,152404,1181916,4
2008,381,2,826,"H3","2204",7,245624799,245624799,741857423,4
2008,381,1,826,"H3","220421",7,140650,140650,643033,4
2008,381,2,826,"H3","220421",7,214353322,214353322,591806578,4
2008,381,1,826,"H3","220429",7,534,534,14805,4
2008,381,2,826,"H3","220429",7,18042724,18042724,30192854,4
2008,381,2,826,"H3","220430",7,3232722,3232722,5167487,4
2008,381,1,826,"H3","2205",7,194412,194412,1351758,4
2008,381,2,826,"H3","2205",7,10157121,10157121,15712873,4
2008,381,1,826,"H3","220510",7,194412,194412,1351758,4
2008,381,2,826,"H3","220510",7,10156816,10156816,15711832,4
2008,381,2,826,"H3","220590",7,305,305,1041,4
2008,381,1,826,"H3","2206",7,214010,214010,363642,4
2008,381,2,826,"H3","2206",7,115508,115508,273199,4
2008,381,1,826,"H3","220600",7,214010,214010,363642,4
2008,381,2,826,"H3","220600",7,115508,115508,273199,4
2008,381,1,826,"H3","2207",7,6472791,7854418,5948979,4
2008,381,2,826,"H3","2207",7,25483,,67891,0
2008,381,1,826,"H3","220710",7,6463997,7801611,5904472,4
2008,381,2,826,"H3","220710",7,25323,91693,67799,4
2008,381,1,826,"H3","220720",7,8794,52807,44507,4
2008,381,2,826,"H3","220720",7,160,,92,0
2008,381,1,826,"H3","2208",7,7858918,7269499,133570836,4
2008,381,2,826,"H3","2208",7,3763860,3481571,51285150,4
2008,381,1,826,"H3","220820",7,4372,4044,143338,4
2008,381,2,826,"H3","220820",7,46919,43400,826405,4
2008,381,1,826,"H3","220830",7,5342212,4941546,80940177,4
2008,381,2,826,"H3","220830",7,90284,83513,1372489,4
2008,381,1,826,"H3","220840",7,673627,623105,21783133,4
2008,381,2,826,"H3","220840",7,43798,40513,1352648,4
2008,381,1,826,"H3","220850",7,737108,681825,12367875,4
2008,381,2,826,"H3","220850",7,2054,1900,12574,4
2008,381,1,826,"H3","220860",7,233849,216310,1880529,4
2008,381,2,826,"H3","220860",7,354531,327941,1901360,4
2008,381,2,826,"H3","220410",7,9996031,9996031,114690503,4
2008,381,1,826,"H3","220410",7,11220,11220,524078,4
2008,381,1,826,"H3","220870",7,94427,87345,3211159,4
2008,381,2,826,"H3","220870",7,2476141,2290430,31820194,4
2008,381,1,826,"H3","220890",7,773323,715324,13244624,4
2008,381,2,826,"H3","220890",7,750133,693873,13999480,4
2008,381,1,826,"H3","2209",7,2945,10111,13510,4
2008,381,2,826,"H3","2209",7,3828511,5192128,15633091,4
2008,381,1,826,"H3","220900",7,2945,10111,13510,4
2008,381,2,826,"H3","220900",7,3828511,5192128,15633091,4
2008,381,1,826,"H3","23",1,,,38315395,0
2008,381,2,826,"H3","23",1,,,12380154,0
2008,381,1,826,"H3","2301",8,581105,581105,821497,0
2008,381,2,826,"H3","2301",8,420980,420980,249891,0
2008,381,1,826,"H3","230110",8,153225,153225,214470,0
2008,381,2,826,"H3","230110",8,420980,420980,249891,0
2008,381,1,826,"H3","230120",8,427880,427880,607027,0
2008,381,1,826,"H3","2302",8,415003,415003,271773,0
2008,381,2,826,"H3","2302",8,2644970,2644970,1856497,0
2008,381,2,826,"H3","230230",8,17014,17014,27611,0
2008,381,1,826,"H3","230240",8,413803,413803,270113,0
2008,381,2,826,"H3","230240",8,2627956,2627956,1828886,0
2008,381,1,826,"H3","230250",8,1200,1200,1661,0
2008,381,2,826,"H3","2303",8,2984200,2984200,647719,0
2008,381,2,826,"H3","230310",8,786380,786380,534779,0
2008,381,2,826,"H3","230330",8,2197820,2197820,112940,0
2008,381,2,826,"H3","2304",8,4501150,4501150,2974395,0
2008,381,2,826,"H3","230400",8,4501150,4501150,2974395,0
2008,381,1,826,"H3","2305",8,429,429,197,0
2008,381,1,826,"H3","230500",8,429,429,197,0
2008,381,2,826,"H3","2306",8,3941325,3941325,2770355,0
2008,381,2,826,"H3","230630",8,1821040,1821040,1089418,0
2008,381,2,826,"H3","230641",8,1973970,1973970,1230672,0
2008,381,2,826,"H3","230690",8,146260,146260,450245,0
2008,381,1,826,"H3","2308",8,49356,49356,24060,0
2008,381,2,826,"H3","2308",8,7302,7302,2235,0
2008,381,1,826,"H3","230800",8,49356,49356,24060,0
2008,381,2,826,"H3","230800",8,7302,7302,2235,0
2008,381,1,826,"H3","2309",8,25046200,25046200,36340760,0
2008,381,2,826,"H3","2309",8,1561860,1561860,3628980,0
2008,381,1,826,"H3","230910",8,17960916,17960916,22039931,0
2008,381,2,826,"H3","230910",8,1407392,1407392,3185379,0
2008,381,1,826,"H3","24",1,,,49431868,0
2008,381,2,826,"H3","24",1,,,19543227,0
2008,381,1,826,"H3","2401",8,1256334,1256334,6947484,0
2008,381,2,826,"H3","2401",8,6207457,6207457,18829190,0
2008,381,1,826,"H3","240110",8,377754,377754,2688417,0
2008,381,2,826,"H3","240110",8,43200,43200,107825,0
2008,381,1,826,"H3","240120",8,777600,777600,4137084,0
2008,381,2,826,"H3","240120",8,4403534,4403534,16741411,0
2008,381,1,826,"H3","240130",8,100980,100980,121983,0
2008,381,2,826,"H3","240130",8,1760723,1760723,1979954,0
2008,381,1,826,"H3","2402",1,,1813890,30161394,4
2008,381,2,826,"H3","2402",1,,,20934,0
2008,381,2,826,"H3","240210",1,,,19170,0
2008,381,1,826,"H3","240220",8,1813890,1813890,30161394,6
2008,381,2,826,"H3","240220",8,31,31,1763,6
2008,381,1,826,"H3","2403",8,755600,755600,12322989,0
2008,381,2,826,"H3","2403",8,97280,97280,651284,0
2008,381,1,826,"H3","240310",8,415900,415900,10384223,0
2008,381,1,826,"H3","240399",8,123700,123700,1127653,0
2008,381,2,826,"H3","240399",8,97280,97280,651284,0
2008,381,1,826,"H3","25",1,,,53414482,0
2008,381,2,826,"H3","25",1,,,15365992,0
2008,381,1,826,"H3","250100",8,1042105,1042105,584792,0
2008,381,2,826,"H3","250100",8,69798,69798,84262,0
2008,381,2,826,"H3","2502",8,1130775,1130775,493231,0
2008,381,2,826,"H3","250200",8,1130775,1130775,493231,0
2008,381,1,826,"H3","2503",8,1501,1501,2646,0
2008,381,2,826,"H3","2503",8,529600,529600,229659,0
2008,381,1,826,"H3","250300",8,1501,1501,2646,0
2008,381,2,826,"H3","250300",8,529600,529600,229659,0
2008,381,1,826,"H3","2504",8,344200,344200,476231,0
2008,381,2,826,"H3","2504",8,20,20,734,0
2008,381,1,826,"H3","250410",8,95700,95700,174382,0
2008,381,2,826,"H3","250410",8,20,20,734,0
2008,381,1,826,"H3","250490",8,248500,248500,301848,0
2008,381,1,826,"H3","2505",8,404892,404892,318634,0
2008,381,2,826,"H3","2505",8,80712,80712,26789,0
2008,381,1,826,"H3","250510",8,220120,220120,244583,0
2008,381,2,826,"H3","250510",8,77105,77105,25516,0
2008,381,1,826,"H3","250590",8,184772,184772,74051,0
2008,381,2,826,"H3","250590",8,3607,3607,1273,0
2008,381,1,826,"H3","2506",8,922,922,3255,0
2008,381,2,826,"H3","2506",8,729013,729013,473885,0
2008,381,1,826,"H3","250610",8,772,772,2614,0
2008,381,2,826,"H3","250610",8,100570,100570,87019,0
2008,381,1,826,"H3","250620",8,150,150,642,0
2008,381,2,826,"H3","250620",8,628443,628443,386866,0
2008,381,1,826,"H3","2507",8,124957726,124957726,29613881,0
2008,381,2,826,"H3","2507",8,57116,57116,42565,0
2008,381,1,826,"H3","250700",8,124957726,124957726,29613881,0
2008,381,2,826,"H3","250700",8,57116,57116,42565,0
2008,381,1,826,"H3","2508",8,14034070,14034070,4898792,0
2008,381,2,826,"H3","2508",8,13616557,13616557,1480944,0
2008,381,1,826,"H3","250810",8,8738785,8738785,3533876,0
2008,381,2,826,"H3","2501",8,69798,69798,84262,0
2008,381,1,826,"H3","2501",8,1042105,1042105,584792,0
2008,381,1,826,"H3","240391",8,216000,216000,811113,0
2008,381,2,826,"H3","230990",8,154468,154468,443600,0
2008,381,1,826,"H3","230990",8,7085284,7085284,14300829,0
2008,381,2,826,"H3","230660",8,55,55,19,0
2008,381,2,826,"H3","250810",8,13296019,13296019,1420880,0
2008,381,1,826,"H3","250830",8,220115,220115,134216,0
2008,381,1,826,"H3","250840",8,643470,643470,448368,0
2008,381,2,826,"H3","250840",8,3828,3828,4240,0
2008,381,1,826,"H3","250860",8,1500,1500,3881,0
2008,381,1,826,"H3","250870",8,4430200,4430200,778451,0
2008,381,2,826,"H3","250870",8,316710,316710,55824,0
2008,381,1,826,"H3","2509",8,187254,187254,61109,0
2008,381,2,826,"H3","2509",8,1955,1955,825,0
2008,381,1,826,"H3","250900",8,187254,187254,61109,0
2008,381,2,826,"H3","250900",8,1955,1955,825,0
2008,381,1,826,"H3","2510",8,875,875,257,0
2008,381,1,826,"H3","251020",8,875,875,257,0
2008,381,1,826,"H3","2511",8,802050,802050,574741,0
2008,381,1,826,"H3","251110",8,802050,802050,574741,0
2008,381,1,826,"H3","2512",8,35721,35721,231031,0
2008,381,1,826,"H3","251200",8,35721,35721,231031,0
2008,381,1,826,"H3","2513",8,276841,276841,293463,0
2008,381,2,826,"H3","2513",8,2756,2756,5865,0
2008,381,1,826,"H3","251310",8,99827,99827,59462,0
2008,381,2,826,"H3","251310",8,2140,2140,785,0
2008,381,1,826,"H3","251320",8,177014,177014,234001,0
2008,381,2,826,"H3","251320",8,616,616,5080,0
2008,381,2,826,"H3","2514",8,41567,41567,47562,0
2008,381,2,826,"H3","251400",8,41567,41567,47562,0
2008,381,1,826,"H3","2515",8,176726,176726,56759,0
2008,381,2,826,"H3","2515",8,3189796,3189796,3567315,0
2008,381,1,826,"H3","251511",8,176650,176650,56720,0
2008,381,2,826,"H3","251511",8,103440,103440,96153,0
2008,381,1,826,"H3","251512",8,76,76,38,0
2008,381,2,826,"H3","251512",8,3086356,3086356,3471162,0
2008,381,1,826,"H3","2516",8,25000,25000,37442,0
2008,381,2,826,"H3","2516",8,873886,873886,1652248,0
2008,381,1,826,"H3","251611",8,25000,25000,37442,0
2008,381,2,826,"H3","251611",8,580,580,1868,0
2008,381,2,826,"H3","251612",8,744264,744264,1454020,0
2008,381,2,826,"H3","251690",8,129042,129042,196361,0
2008,381,1,826,"H3","2517",8,766535,766535,172587,0
2008,381,2,826,"H3","2517",8,29227621,29227621,1709423,0
2008,381,1,826,"H3","251710",8,728235,728235,131609,0
2008,381,2,826,"H3","251710",8,84488,84488,21934,0
2008,381,1,826,"H3","251730",8,20300,20300,12592,0
2008,381,1,826,"H3","251741",8,17000,17000,27541,0
2008,381,2,826,"H3","251741",8,29143133,29143133,1687489,0
2008,381,1,826,"H3","251749",8,1000,1000,844,0
2008,381,1,826,"H3","2518",8,21000,21000,3756,0
2008,381,2,826,"H3","2518",8,325144,325144,205650,0
2008,381,1,826,"H3","251810",8,21000,21000,3756,0
2008,381,2,826,"H3","251810",8,5000,5000,3760,0
2008,381,2,826,"H3","251820",8,320144,320144,201890,0
2008,381,1,826,"H3","2519",8,1373300,1373300,2584576,0
2008,381,2,826,"H3","2519",8,5071,5071,12173,0
2008,381,1,826,"H3","251910",8,2000,2000,7751,0
2008,381,1,826,"H3","251990",8,1371300,1371300,2576824,0
2008,381,2,826,"H3","251990",8,5071,5071,12173,0
2008,381,1,826,"H3","2520",8,2159761,2159761,1480309,0
2008,381,2,826,"H3","2520",8,2073876,2073876,683456,0
2008,381,2,826,"H3","252010",8,2000000,2000000,105711,0
2008,381,1,826,"H3","252020",8,2159761,2159761,1480309,0
2008,381,2,826,"H3","252020",8,73876,73876,577746,0
2008,381,1,826,"H3","2521",8,80480,80480,25472,0
2008,381,1,826,"H3","252100",8,80480,80480,25472,0
2008,381,1,826,"H3","2522",8,3069494,3069494,1091659,0
2008,381,2,826,"H3","2522",8,45000,45000,9717,0
2008,381,1,826,"H3","252220",8,692680,692680,245006,0
2008,381,2,826,"H3","252220",8,45000,45000,9717,0
2008,381,1,826,"H3","252230",8,2376814,2376814,846653,0
2008,381,1,826,"H3","2523",8,240770,240770,179498,0
2008,381,2,826,"H3","2523",8,32228,32228,11308,0
2008,381,1,826,"H3","252321",8,162342,162342,109331,0
2008,381,2,826,"H3","252321",8,1790,1790,1113,0
2008,381,1,826,"H3","252329",8,39222,39222,7754,0
2008,381,2,826,"H3","252329",8,27470,27470,7953,0
2008,381,1,826,"H3","252330",8,17671,17671,17540,0
2008,381,2,826,"H3","252330",8,575,575,169,0
2008,381,1,826,"H3","252390",8,21535,21535,44873,0
2008,381,2,826,"H3","252390",8,2393,2393,2073,0
2008,381,1,826,"H3","2525",8,152946,152946,303540,0
2008,381,2,826,"H3","2525",8,29,29,1201,0
2008,381,1,826,"H3","252520",8,151129,151129,302740,0
2008,381,1,826,"H3","2526",8,423428,423428,457683,0
2008,381,2,826,"H3","2526",8,3481400,3481400,3116824,0
2008,381,1,826,"H3","252610",8,50000,50000,17809,0
2008,381,2,826,"H3","252610",8,67,67,6,0
2008,381,1,826,"H3","252620",8,373428,373428,439874,0
2008,381,2,826,"H3","252620",8,3481333,3481333,3116819,0
2008,381,1,826,"H3","2528",8,10330,10330,24902,0
2008,381,2,826,"H3","2528",8,1500,1500,4640,0
2008,381,2,826,"H3","2529",8,79940,79940,17488,0
2008,381,2,826,"H3","252910",8,79940,79940,17488,0
2008,381,1,826,"H3","2530",8,1447987,1447987,2013720,0
2008,381,2,826,"H3","2530",8,28084717,28084717,1147468,0
2008,381,1,826,"H3","253010",8,472672,472672,202853,0
2008,381,2,826,"H3","253010",8,27985000,27985000,1034463,0
2008,381,1,826,"H3","253090",8,111315,111315,1358007,0
2008,381,2,826,"H3","253090",8,99717,99717,113005,0
2008,381,1,826,"H3","26",1,,,33369766,0
2008,381,2,826,"H3","26",1,,,17796,0
2008,381,1,826,"H3","2606",8,1545399,1545399,950421,0
2008,381,2,826,"H3","2606",8,9,9,1,0
2008,381,1,826,"H3","260600",8,1545399,1545399,950421,0
2008,381,2,826,"H3","260600",8,9,9,1,0
2008,381,1,826,"H3","2607",8,1250,1250,316,0
2008,381,1,826,"H3","260700",8,1250,1250,316,0
2008,381,1,826,"H3","2608",8,23816,23816,68189,0
2008,381,1,826,"H3","260800",8,23816,23816,68189,0
2008,381,1,826,"H3","2613",8,286800,286800,11027563,0
2008,381,1,826,"H3","261310",8,286000,286000,11013272,0
2008,381,1,826,"H3","261390",8,800,800,14291,0
2008,381,1,826,"H3","2614",8,213218,213218,257293,0
2008,381,1,826,"H3","261400",8,213218,213218,257293,0
2008,381,1,826,"H3","2615",8,66564,66564,116819,0
2008,381,1,826,"H3","261510",8,66469,66469,116769,0
2008,381,2,826,"H3","261710",8,2020,2020,17795,0
2008,381,1,826,"H3","261790",8,8262,8262,17534,0
2008,381,1,826,"H3","2618",8,3459731,3459731,905874,0
2008,381,1,826,"H3","261800",8,3459731,3459731,905874,0
2008,381,1,826,"H3","2620",8,601735,601735,19113932,0
2008,381,1,826,"H3","262011",8,432813,432813,657783,0
2008,381,1,826,"H3","262019",8,2890,2890,1973,0
2008,381,1,826,"H3","262099",8,161032,161032,18433032,0
2008,381,1,826,"H3","2621",8,911078,911078,857544,0
2008,381,1,826,"H3","262110",8,137839,137839,136938,0
2008,381,1,826,"H3","262190",8,773239,773239,720606,0
2008,381,1,826,"H3","27",1,,,736784371,0
2008,381,2,826,"H3","27",1,,,429823963,0
2008,381,1,826,"H3","2701",8,88000,88000,34062,0
2008,381,2,826,"H3","2701",8,19140,19140,6183,0
2008,381,1,826,"H3","270111",8,88000,88000,34062,0
2008,381,2,826,"H3","270111",8,19140,19140,6183,0
2008,381,1,826,"H3","2703",8,4800,4800,10995,0
2008,381,1,826,"H3","270300",8,4800,4800,10995,0
2008,381,1,826,"H3","2704",8,211718,211718,166706,0
2008,381,1,826,"H3","270400",8,211718,211718,166706,0
2008,381,1,826,"H3","2707",8,11255826,11255826,4908223,0
2008,381,2,826,"H3","2707",8,52500,52500,84893,0
2008,381,1,826,"H3","270730",8,82329,82329,354814,0
2008,381,1,826,"H3","270750",8,30933,30933,11128,0
2008,381,1,826,"H3","2710",8,348802244,348802244,220690540,6
2008,381,2,826,"H3","2710",8,417035257,417035257,322374760,6
2008,381,1,826,"H3","271011",8,25945351,25945351,16973316,6
2008,381,2,826,"H3","271011",8,276070450,276070450,229246601,6
2008,381,1,826,"H3","271019",8,322686380,322686380,202571852,0
2008,381,2,826,"H3","271019",8,140964749,140964749,93128110,0
2008,381,1,826,"H3","271099",8,170513,170513,1145373,0
2008,381,2,826,"H3","271099",8,58,58,48,0
2008,381,1,826,"H3","2711",8,2873938,2873938,1341285,0
2008,381,2,826,"H3","2711",8,1675470,1675470,1859582,6
2008,381,2,826,"H3","271111",8,53,53,23,6
2008,381,1,826,"H3","271112",8,2768142,2768142,1230841,0
2008,381,2,826,"H3","271112",8,9145,9145,15704,0
2008,381,1,826,"H3","271113",8,37782,37782,76199,0
2008,381,2,826,"H3","271113",8,95847,95847,290069,0
2008,381,2,826,"H3","271114",8,1542891,1542891,1424550,0
2008,381,1,826,"H3","271119",8,48014,48014,28695,0
2008,381,2,826,"H3","271119",8,2000,2000,667,0
2008,381,2,826,"H3","271121",8,21741,21741,16139,6
2008,381,1,826,"H3","271129",8,20000,20000,5550,0
2008,381,2,826,"H3","271129",8,3793,3793,112431,0
2008,381,1,826,"H3","2712",8,907642,907642,1832014,0
2008,381,2,826,"H3","2712",8,4474341,4474341,3057559,0
2008,381,1,826,"H3","271210",8,822287,822287,1622731,0
2008,381,2,826,"H3","271210",8,2400,2400,13855,0
2008,381,1,826,"H3","271220",8,38127,38127,72628,0
2008,381,2,826,"H3","271220",8,17061,17061,41634,0
2008,381,1,826,"H3","271290",8,47228,47228,136655,0
2008,381,2,826,"H3","271290",8,4454880,4454880,3002070,0
2008,381,1,826,"H3","2713",8,710465,710465,532772,0
2008,381,2,826,"H3","2713",8,2380,2380,1468,0
2008,381,1,826,"H3","271312",8,690414,690414,465232,0
2008,381,2,826,"H3","271320",8,2380,2380,1468,0
2008,381,1,826,"H3","2714",8,70474,70474,107659,0
2008,381,1,826,"H3","271490",8,70474,70474,107659,0
2008,381,1,826,"H3","2715",8,136150,136150,253343,0
2008,381,2,826,"H3","2715",8,19051,19051,18307,0
2008,381,1,826,"H3","271500",8,136150,136150,253343,0
2008,381,2,826,"H3","271500",8,19051,19051,18307,0
2008,381,1,826,"H3","2716",3,1913214,,237351915,0
2008,381,2,826,"H3","2716",3,827352,,102201226,0
2008,381,1,826,"H3","271600",3,1913214,,237351915,0
2008,381,2,826,"H3","271600",3,827352,,102201226,0
2008,381,1,826,"H3","28",1,,,65922284,0
2008,381,2,826,"H3","28",1,,,47993914,0
2008,381,1,826,"H3","2801",8,4857,4857,77981,0
2008,381,2,826,"H3","2801",8,710,710,1969,0
2008,381,1,826,"H3","280110",8,1960,1960,2266,0
2008,381,2,826,"H3","280110",8,200,200,48,0
2008,381,1,826,"H3","280120",8,2000,2000,62036,0
2008,381,2,826,"H3","2803",8,3574258,3574258,5892978,0
2008,381,2,826,"H3","280300",8,3574258,3574258,5892978,0
2008,381,1,826,"H3","2804",1,,,3022027,0
2008,381,2,826,"H3","2804",1,,,725227,0
2008,381,1,826,"H3","280410",12,1500,1612,21804,4
2008,381,2,826,"H3","280421",12,2267,310353,267147,4
2008,381,1,826,"H3","280440",12,50,,797,0
2008,381,2,826,"H3","280440",12,1357,,163667,0
2008,381,1,826,"H3","280450",8,5,5,640,0
2008,381,1,826,"H3","280461",8,4057,4057,18640,0
2008,381,1,826,"H3","280469",8,910065,910065,2710039,0
2008,381,2,826,"H3","280469",8,101360,101360,158998,0
2008,381,1,826,"H3","280490",8,6,6,81,0
2008,381,2,826,"H3","280490",8,1000,1000,85825,0
2008,381,1,826,"H3","2805",8,17472,17472,312085,0
2008,381,2,826,"H3","2805",8,31570,31570,1419624,0
2008,381,1,826,"H3","280511",8,47,47,82,0
2008,381,2,826,"H3","280511",8,385,385,2580,0
2008,381,1,826,"H3","280519",8,105,105,2799,0
2008,381,1,826,"H3","280530",8,16910,16910,301687,0
2008,381,2,826,"H3","280530",8,24801,24801,1346744,0
2008,381,1,826,"H3","280540",8,410,410,7518,0
2008,381,2,826,"H3","280540",8,6384,6384,70301,0
2008,381,1,826,"H3","2806",8,5411,5411,19693,0
2008,381,2,826,"H3","2806",8,4897,4897,9747,0
2008,381,1,826,"H3","280610",8,5411,5411,19693,0
2008,381,2,826,"H3","280610",8,4897,4897,9747,0
2008,381,1,826,"H3","2807",8,4854,4854,16863,0
2008,381,2,826,"H3","2807",8,92438,92438,103850,0
2008,381,1,826,"H3","280700",8,4854,4854,16863,0
2008,381,2,826,"H3","280700",8,92438,92438,103850,0
2008,381,1,826,"H3","2808",8,308,308,36793,0
2008,381,2,826,"H3","2808",8,5048,5048,13292,0
2008,381,1,826,"H3","280800",8,308,308,36793,0
2008,381,2,826,"H3","280800",8,5048,5048,13292,0
2008,381,1,826,"H3","2809",8,641396,641396,1781827,0
2008,381,2,826,"H3","2809",8,2034713,2034713,2214009,0
2008,381,1,826,"H3","280920",8,637346,637346,1774779,0
2008,381,2,826,"H3","280920",8,2034713,2034713,2214009,0
2008,381,1,826,"H3","2810",8,704792,704792,655888,0
2008,381,1,826,"H3","281000",8,704792,704792,655888,0
2008,381,1,826,"H3","2811",8,1729384,1729384,5350192,0
2008,381,1,826,"H3","281119",8,31887,31887,253486,0
2008,381,2,826,"H3","281119",8,47172,47172,53150,0
2008,381,1,826,"H3","281121",8,106,106,783,0
2008,381,2,826,"H3","281121",8,81780,81780,344265,0
2008,381,1,826,"H3","281122",8,1672179,1672179,5037232,0
2008,381,2,826,"H3","281122",8,147323,147323,490172,0
2008,381,1,826,"H3","281129",8,25155,25155,57428,0
2008,381,2,826,"H3","281129",8,26026,26026,226381,0
2008,381,1,826,"H3","2812",8,136617,136617,375075,0
2008,381,2,826,"H3","2812",8,40,40,1301,0
2008,381,1,826,"H3","281210",8,126107,126107,238739,0
2008,381,1,826,"H3","2814",8,1441,1441,5784,0
2008,381,2,826,"H3","2814",8,1460,1460,3368,0
2008,381,1,826,"H3","281420",8,1441,1441,5784,0
2008,381,2,826,"H3","281420",8,1460,1460,3368,0
2008,381,1,826,"H3","2815",8,14575762,14575762,8898242,0
2008,381,2,826,"H3","2815",8,400,400,1898,0
2008,381,1,826,"H3","281511",8,1918800,1918800,1368882,0
2008,381,2,826,"H3","281511",8,400,400,1898,0
2008,381,1,826,"H3","281512",8,12656403,12656403,7526924,0
2008,381,1,826,"H3","281520",8,343,343,454,0
2008,381,1,826,"H3","281530",8,216,216,1982,0
2008,381,1,826,"H3","2816",8,27200,27200,27343,0
2008,381,2,826,"H3","2816",8,1042900,1042900,827907,0
2008,381,1,826,"H3","281610",8,27200,27200,27343,0
2008,381,2,826,"H3","281610",8,1042900,1042900,827907,0
2008,381,1,826,"H3","2817",8,3635,3635,339457,0
2008,381,2,826,"H3","2817",8,24000,24000,2831990,0
2008,381,1,826,"H3","281700",8,3635,3635,339457,0
2008,381,2,826,"H3","281700",8,24000,24000,2831990,0
2008,381,1,826,"H3","2818",8,4105357,4105357,1590217,0
2008,381,2,826,"H3","2818",8,1221937,1221937,1506015,0
2008,381,1,826,"H3","281810",8,110616,110616,243588,0
2008,381,2,826,"H3","281810",8,1216864,1216864,1489907,0
2008,381,1,826,"H3","281820",8,420481,420481,250550,0
2008,381,2,826,"H3","281820",8,4773,4773,15625,0
2008,381,1,826,"H3","281830",8,3574260,3574260,1096079,0
2008,381,2,826,"H3","281830",8,300,300,483,0
2008,381,1,826,"H3","2819",8,630350,630350,3039908,0
2008,381,1,826,"H3","281910",8,101400,101400,376365,0
2008,381,1,826,"H3","281990",8,528950,528950,2663544,0
2008,381,1,826,"H3","2820",8,202267,202267,146977,0
2008,381,1,826,"H3","282010",8,10000,10000,8193,0
2008,381,1,826,"H3","280910",8,4050,4050,7048,0
2008,381,1,826,"H3","281390",8,4,4,28,0
2008,381,2,826,"H3","2811",8,302301,302301,1113968,0
2008,381,1,826,"H3","270740",8,20117,20117,29663,0
2008,381,1,826,"H3","2705",1,,,815,0
2008,381,1,826,"H3","261690",8,1,1,56,0
2008,381,1,826,"H3","2616",8,1,1,56,0
2008,381,1,826,"H3","2611",8,3398,3398,10683,0
2008,381,1,826,"H3","253020",8,864000,864000,452860,0
2008,381,2,826,"H3","252890",8,1500,1500,4640,0
2008,381,1,826,"H3","252890",8,10330,10330,24902,0
2008,381,2,826,"H3","252510",8,29,29,1201,0
2008,381,1,826,"H3","252510",8,1817,1817,800,0
2008,381,1,826,"H3","2813",8,4,4,28,0
2008,381,1,826,"H3","280480",8,1130,1130,1834,0
2008,381,2,826,"H3","280430",12,22,46019,9007,4
2008,381,1,826,"H3","280430",12,20,,2217,0
2008,381,2,826,"H3","280130",8,510,510,1920,0
2008,381,1,826,"H3","280130",8,897,897,13680,0
2008,381,2,826,"H3","270900",8,805,805,445,0
2008,381,1,826,"H3","270900",8,469766689,469766689,260433573,0
2008,381,2,826,"H3","2709",8,805,805,445,0
2008,381,1,826,"H3","2709",8,469766689,469766689,260433573,0
2008,381,1,826,"H3","270799",8,11122447,11122447,4512617,0
2008,381,1,826,"H3","270500",1,,,815,0
2008,381,1,826,"H3","261590",8,95,95,50,0
2008,381,1,826,"H3","261100",8,3398,3398,10683,0
2008,381,2,826,"H3","281290",8,40,40,1301,0
2008,381,1,826,"H3","281290",8,10510,10510,136336,0
2008,381,1,826,"H3","281111",8,57,57,1264,0
2008,381,2,826,"H3","280429",12,429,2029,40583,4
2008,381,1,826,"H3","280429",12,17624,37388,265975,4
2008,381,1,826,"H3","271311",8,20051,20051,67540,0
2008,381,2,826,"H3","270710",8,52500,52500,84893,0
2008,381,2,826,"H3","2617",8,2020,2020,17795,0
2008,381,1,826,"H3","2617",8,8262,8262,17534,0
2008,381,1,826,"H3","262060",8,5000,5000,21143,0
2008,381,1,826,"H3","282090",8,192267,192267,138784,0
2008,381,1,826,"H3","2821",8,259405,259405,1015069,0
2008,381,2,826,"H3","2821",8,1753221,1753221,2590225,0
2008,381,1,826,"H3","282110",8,259405,259405,1015069,0
2008,381,2,826,"H3","282110",8,1753221,1753221,2590225,0
2008,381,1,826,"H3","2822",8,19100,19100,1211354,0
2008,381,1,826,"H3","282200",8,19100,19100,1211354,0
2008,381,1,826,"H3","2823",8,76776,76776,247681,0
2008,381,2,826,"H3","2823",8,1468832,1468832,3402436,0
2008,381,1,826,"H3","282300",8,76776,76776,247681,0
2008,381,2,826,"H3","282300",8,1468832,1468832,3402436,0
2008,381,1,826,"H3","2824",8,452154,452154,2019379,0
2008,381,2,826,"H3","2824",8,650,650,2481,0
2008,381,1,826,"H3","282410",8,337854,337854,1675188,0
2008,381,1,826,"H3","282490",8,114300,114300,344191,0
2008,381,2,826,"H3","282490",8,650,650,2481,0
2008,381,1,826,"H3","2825",8,782153,782153,4781849,0
2008,381,2,826,"H3","2825",8,24178,24178,407998,0
2008,381,1,826,"H3","282510",8,25500,25500,61428,0
2008,381,2,826,"H3","282510",8,1000,1000,1465,0
2008,381,1,826,"H3","282520",8,3027,3027,34267,0
2008,381,1,826,"H3","282530",8,36153,36153,1056660,0
2008,381,1,826,"H3","282540",8,500,500,5318,0
2008,381,1,826,"H3","282550",8,63335,63335,638807,0
2008,381,2,826,"H3","282550",8,450,450,4767,0
2008,381,1,826,"H3","282560",8,14390,14390,419547,0
2008,381,1,826,"H3","282570",8,2510,2510,131103,0
2008,381,2,826,"H3","282570",8,3600,3600,282512,0
2008,381,1,826,"H3","282580",8,54270,54270,243260,0
2008,381,2,826,"H3","282580",8,18100,18100,96433,0
2008,381,1,826,"H3","282590",8,582468,582468,2191459,0
2008,381,2,826,"H3","282590",8,1028,1028,22820,0
2008,381,1,826,"H3","2826",8,389746,389746,286791,0
2008,381,2,826,"H3","2826",8,1050,1050,19529,0
2008,381,1,826,"H3","282619",8,579,579,2989,0
2008,381,2,826,"H3","282619",8,1050,1050,19529,0
2008,381,1,826,"H3","282630",8,1000,1000,13905,0
2008,381,1,826,"H3","282690",8,388167,388167,269897,0
2008,381,1,826,"H3","2827",8,724889,724889,1728502,0
2008,381,2,826,"H3","2827",8,298526,298526,130932,0
2008,381,1,826,"H3","282710",8,272,272,126,0
2008,381,1,826,"H3","282720",8,14200,14200,43510,0
2008,381,2,826,"H3","282720",8,292100,292100,108211,0
2008,381,1,826,"H3","282731",8,390,390,3324,0
2008,381,2,826,"H3","282731",8,110,110,175,0
2008,381,1,826,"H3","282732",8,76141,76141,126786,0
2008,381,2,826,"H3","282735",8,60,60,592,0
2008,381,1,826,"H3","282741",8,2300,2300,6162,0
2008,381,1,826,"H3","282749",8,246533,246533,534735,0
2008,381,2,826,"H3","282749",8,750,750,1826,0
2008,381,1,826,"H3","282760",8,8001,8001,187343,0
2008,381,2,826,"H3","282760",8,250,250,5680,0
2008,381,1,826,"H3","2828",8,87863,87863,524074,0
2008,381,2,826,"H3","2828",8,4878806,4878806,4290003,0
2008,381,1,826,"H3","282810",8,3273,3273,13964,0
2008,381,2,826,"H3","282810",8,50,50,345,0
2008,381,1,826,"H3","282890",8,84590,84590,510110,0
2008,381,2,826,"H3","282890",8,4878756,4878756,4289658,0
2008,381,1,826,"H3","2829",8,13618,13618,357509,0
2008,381,2,826,"H3","2829",8,11400,11400,171620,0
2008,381,1,826,"H3","282911",8,1250,1250,5756,0
2008,381,1,826,"H3","282919",8,157,157,219,0
2008,381,2,826,"H3","282919",8,1500,1500,4294,0
2008,381,1,826,"H3","282990",8,12211,12211,351534,0
2008,381,2,826,"H3","282990",8,9900,9900,167325,0
2008,381,1,826,"H3","2830",8,600,600,31448,0
2008,381,2,826,"H3","2830",8,4900,4900,62733,0
2008,381,1,826,"H3","283090",8,300,300,16558,0
2008,381,2,826,"H3","283090",8,4900,4900,62733,0
2008,381,1,826,"H3","2832",8,16682,16682,13364,0
2008,381,2,826,"H3","2832",8,6115275,6115275,2969564,0
2008,381,1,826,"H3","283210",8,16626,16626,13329,0
2008,381,2,826,"H3","283210",8,4737559,4737559,2623007,0
2008,381,2,826,"H3","283220",8,1377716,1377716,346556,0
2008,381,1,826,"H3","283311",8,674,674,91,0
2008,381,1,826,"H3","283319",8,369,369,106,0
2008,381,1,826,"H3","283322",8,74,74,29,0
2008,381,2,826,"H3","283322",8,2440,2440,3822,0
2008,381,2,826,"H3","283324",8,100,100,957,0
2008,381,1,826,"H3","283329",8,235662,235662,529714,0
2008,381,2,826,"H3","283329",8,225500,225500,1724460,0
2008,381,1,826,"H3","2834",8,165699,165699,418889,0
2008,381,2,826,"H3","2834",8,175809,175809,271108,0
2008,381,1,826,"H3","283410",8,6342,6342,21657,0
2008,381,2,826,"H3","283410",8,16090,16090,32587,0
2008,381,1,826,"H3","283429",8,136357,136357,379671,0
2008,381,2,826,"H3","283429",8,159719,159719,238522,0
2008,381,1,826,"H3","2835",8,1447772,1447772,3732797,0
2008,381,2,826,"H3","2835",8,32777,32777,77874,0
2008,381,1,826,"H3","283510",8,158000,158000,310770,0
2008,381,2,826,"H3","283510",8,1640,1640,12095,0
2008,381,1,826,"H3","283522",8,76484,76484,252572,0
2008,381,2,826,"H3","283522",8,11000,11000,8705,0
2008,381,1,826,"H3","283524",8,24322,24322,60978,0
2008,381,1,826,"H3","283525",8,6300,6300,11695,0
2008,381,1,826,"H3","283526",8,3,3,2013,0
2008,381,1,826,"H3","283529",8,219088,219088,635515,0
2008,381,2,826,"H3","283529",8,20050,20050,56234,0
2008,381,1,826,"H3","283531",8,17400,17400,27705,0
2008,381,2,826,"H3","283531",8,45,45,452,0
2008,381,1,826,"H3","283539",8,946175,946175,2431548,0
2008,381,2,826,"H3","283539",8,42,42,388,0
2008,381,1,826,"H3","2836",8,6259595,6259595,5835155,0
2008,381,2,826,"H3","2836",8,1346770,1346770,1741565,0
2008,381,1,826,"H3","283620",8,748573,748573,334414,0
2008,381,1,826,"H3","283630",8,447631,447631,1377894,0
2008,381,2,826,"H3","283640",8,12752,12752,24545,0
2008,381,1,826,"H3","283650",8,4785978,4785978,3562411,0
2008,381,2,826,"H3","283650",8,15250,15250,18498,0
2008,381,1,826,"H3","283691",8,2200,2200,24970,0
2008,381,1,826,"H3","283699",8,275213,275213,535466,0
2008,381,2,826,"H3","283699",8,1318768,1318768,1698521,0
2008,381,1,826,"H3","2837",8,3002,3002,25914,0
2008,381,1,826,"H3","283719",8,3000,3000,25636,0
2008,381,1,826,"H3","2839",8,252380,252380,457312,0
2008,381,2,826,"H3","2839",8,5039,5039,13584,0
2008,381,1,826,"H3","283919",8,35289,35289,87490,0
2008,381,2,826,"H3","283919",8,4460,4460,11860,0
2008,381,1,826,"H3","283990",8,191691,191691,310293,0
2008,381,2,826,"H3","283990",8,579,579,1724,0
2008,381,1,826,"H3","2840",8,493201,493201,287049,0
2008,381,2,826,"H3","2840",8,103988,103988,266194,0
2008,381,1,826,"H3","284019",8,492700,492700,276491,0
2008,381,2,826,"H3","284019",8,22050,22050,16652,0
2008,381,1,826,"H3","284020",8,326,326,10418,0
2008,381,2,826,"H3","284020",8,81938,81938,249542,0
2008,381,1,826,"H3","2841",8,32398,32398,560731,0
2008,381,2,826,"H3","2841",8,21475,21475,273524,0
2008,381,1,826,"H3","284170",8,1400,1400,28209,0
2008,381,2,826,"H3","284170",8,3900,3900,143273,0
2008,381,2,826,"H3","284180",8,500,500,24105,0
2008,381,1,826,"H3","284190",8,30939,30939,532047,0
2008,381,2,826,"H3","284190",8,17075,17075,106145,0
2008,381,1,826,"H3","2842",8,647616,647616,1673433,0
2008,381,2,826,"H3","2842",8,2190777,2190777,7647831,0
2008,381,1,826,"H3","284210",8,571163,571163,1177078,0
2008,381,2,826,"H3","284210",8,2166752,2166752,7600842,0
2008,381,1,826,"H3","284290",8,76453,76453,496355,0
2008,381,2,826,"H3","284290",8,24025,24025,46988,0
2008,381,1,826,"H3","2843",8,1136,1136,1707411,0
2008,381,2,826,"H3","2843",8,549,549,1186716,0
2008,381,1,826,"H3","284310",8,3,3,1048,0
2008,381,2,826,"H3","284310",8,50,50,24218,0
2008,381,1,826,"H3","284330",8,0,0,41808,0
2008,381,2,826,"H3","284330",8,3,3,104568,0
2008,381,1,826,"H3","284390",8,156,156,1396942,0
2008,381,2,826,"H3","284390",8,496,496,1057929,0
2008,381,1,826,"H3","2844",1,,24617,7039276,0
2008,381,2,826,"H3","2844",1,,166,42139,0
2008,381,1,826,"H3","284430",8,100,100,75710,0
2008,381,1,826,"H3","284440",8,24486,24486,6962829,0
2008,381,2,826,"H3","284440",8,166,166,42139,0
2008,381,1,826,"H3","2846",8,78083,78083,769685,0
2008,381,2,826,"H3","2846",8,30989,30989,3254121,0
2008,381,1,826,"H3","284610",8,49989,49989,441227,0
2008,381,1,826,"H3","284690",8,28094,28094,328458,0
2008,381,2,826,"H3","284690",8,30989,30989,3254121,0
2008,381,1,826,"H3","2847",8,9369,9369,101747,0
2008,381,1,826,"H3","284700",8,9369,9369,101747,0
2008,381,1,826,"H3","2849",8,314959,314959,474243,0
2008,381,2,826,"H3","2849",8,5703,5703,19001,0
2008,381,2,826,"H3","284910",8,13,13,78,0
2008,381,1,826,"H3","284920",8,270896,270896,403637,0
2008,381,2,826,"H3","284920",8,5690,5690,18924,0
2008,381,1,826,"H3","2850",8,124,124,4496,0
2008,381,2,826,"H3","2850",8,145,145,8657,0
2008,381,1,826,"H3","285000",8,124,124,4496,0
2008,381,2,826,"H3","285000",8,145,145,8657,0
2008,381,1,826,"H3","2852",8,21789,21789,56023,0
2008,381,1,826,"H3","285200",8,21789,21789,56023,0
2008,381,1,826,"H3","2853",8,17741,17741,324529,0
2008,381,2,826,"H3","2853",8,127,127,501,0
2008,381,1,826,"H3","285300",8,17741,17741,324529,0
2008,381,2,826,"H3","285300",8,127,127,501,0
2008,381,1,826,"H3","29",1,,,483026909,0
2008,381,2,826,"H3","29",1,,,193322403,0
2008,381,1,826,"H3","2901",8,17769121,17769121,25021128,0
2008,381,2,826,"H3","2901",8,10578830,10578830,11586926,0
2008,381,1,826,"H3","290110",8,26690,26690,342202,0
2008,381,2,826,"H3","290110",8,154978,154978,230727,0
2008,381,1,826,"H3","2902",8,793464,793464,2979595,0
2008,381,2,826,"H3","2902",8,20339597,20339597,21109574,0
2008,381,1,826,"H3","290219",8,56094,56094,154503,0
2008,381,2,826,"H3","290219",8,550,550,5142,0
2008,381,1,826,"H3","290230",8,33996,33996,37367,0
2008,381,2,826,"H3","290230",8,4175322,4175322,4659484,0
2008,381,2,826,"H3","290250",8,366,366,712,0
2008,381,1,826,"H3","290290",8,504915,504915,2591292,0
2008,381,2,826,"H3","290290",8,2248000,2248000,3347557,0
2008,381,1,826,"H3","2903",8,9809399,9809399,10529034,0
2008,381,2,826,"H3","2903",8,83916,83916,1032459,0
2008,381,1,826,"H3","290312",8,402049,402049,248144,0
2008,381,1,826,"H3","290322",8,881080,881080,909950,0
2008,381,1,826,"H3","290323",8,449614,449614,486350,0
2008,381,1,826,"H3","290329",8,2437,2437,13059,0
2008,381,2,826,"H3","290329",8,1386,1386,330277,0
2008,381,1,826,"H3","290331",8,30462,30462,345282,0
2008,381,2,826,"H3","290331",8,140,140,1603,0
2008,381,1,826,"H3","290339",8,315498,315498,2410929,0
2008,381,2,826,"H3","290339",8,8940,8940,55172,0
2008,381,1,826,"H3","290347",8,100567,100567,515608,0
2008,381,1,826,"H3","290349",8,636454,636454,1683011,0
2008,381,2,826,"H3","290349",8,413,413,4460,0
2008,381,1,826,"H3","290359",8,33,33,3572,0
2008,381,1,826,"H3","290369",8,4960,4960,277335,0
2008,381,2,826,"H3","290369",8,73037,73037,640946,0
2008,381,1,826,"H3","2904",8,1367221,1367221,1706263,0
2008,381,2,826,"H3","2904",8,1646334,1646334,5032082,0
2008,381,1,826,"H3","290410",8,1361760,1361760,1612189,0
2008,381,2,826,"H3","290410",8,850422,850422,1017279,0
2008,381,1,826,"H3","290420",8,3000,3000,31833,0
2008,381,2,826,"H3","290420",8,1750,1750,10235,0
2008,381,1,826,"H3","290490",8,2461,2461,62241,0
2008,381,2,826,"H3","290490",8,794162,794162,4004568,0
2008,381,1,826,"H3","2905",8,17035170,17035170,22640729,0
2008,381,2,826,"H3","2905",8,1334281,1334281,2416713,0
2008,381,1,826,"H3","290511",8,9366,9366,340523,0
2008,381,2,826,"H3","290511",8,1409,1409,1082,0
2008,381,1,826,"H3","290512",8,68188,68188,600063,0
2008,381,2,826,"H3","290512",8,930,930,3431,0
2008,381,1,826,"H3","290513",8,52634,52634,87621,0
2008,381,1,826,"H3","290514",8,3458309,3458309,4578187,0
2008,381,1,826,"H3","290516",8,11800,11800,20581,0
2008,381,1,826,"H3","290519",8,110732,110732,557423,0
2008,381,2,826,"H3","290519",8,47940,47940,132582,0
2008,381,1,826,"H3","290522",8,13076,13076,117900,0
2008,381,2,826,"H3","290522",8,350,350,4728,0
2008,381,1,826,"H3","290529",8,26695,26695,517063,0
2008,381,2,826,"H3","290529",8,1710,1710,299543,0
2008,381,1,826,"H3","290531",8,13160896,13160896,15142262,0
2008,381,1,826,"H3","290532",8,87698,87698,122747,0
2008,381,1,826,"H3","290539",8,17151,17151,73293,0
2008,381,2,826,"H3","290539",8,975,975,19182,0
2008,381,1,826,"H3","290541",8,1000,1000,3565,0
2008,381,1,826,"H3","290543",8,4,4,652,0
2008,381,2,826,"H3","290543",8,12050,12050,50274,0
2008,381,2,826,"H3","290544",8,33975,33975,88671,0
2008,381,1,826,"H3","290545",8,1294,1294,7063,0
2008,381,1,826,"H3","290549",8,1039,1039,7016,0
2008,381,2,826,"H3","290549",8,1234942,1234942,1817220,0
2008,381,1,826,"H3","290559",8,4752,4752,276128,0
2008,381,1,826,"H3","2906",8,162934,162934,3554119,0
2008,381,2,826,"H3","2906",8,5671,5671,33682,0
2008,381,1,826,"H3","290611",8,123209,123209,2731774,0
2008,381,1,826,"H3","290612",8,380,380,12940,0
2008,381,1,826,"H3","290613",8,4058,4058,155132,0
2008,381,2,826,"H3","290613",8,20,20,4418,0
2008,381,1,826,"H3","290619",8,16975,16975,71923,0
2008,381,2,826,"H3","290619",8,4593,4593,23568,0
2008,381,1,826,"H3","290621",8,2111,2111,432459,0
2008,381,1,826,"H3","290629",8,16201,16201,149891,0
2008,381,2,826,"H3","290629",8,1058,1058,5697,0
2008,381,1,826,"H3","2907",8,906404,906404,50432595,0
2008,381,2,826,"H3","2907",8,139853,139853,1096887,0
2008,381,1,826,"H3","290713",8,83220,83220,169113,0
2008,381,1,826,"H3","290719",8,225717,225717,49122949,0
2008,381,2,826,"H3","290719",8,168,168,88471,0
2008,381,2,826,"H3","290721",8,120075,120075,893574,0
2008,381,1,826,"H3","290722",8,15230,15230,147226,0
2008,381,1,826,"H3","290729",8,1,1,371,0
2008,381,2,826,"H3","290729",8,15860,15860,102576,0
2008,381,1,826,"H3","2908",8,319541,319541,2426996,0
2008,381,2,826,"H3","2908",8,93615,93615,227953,0
2008,381,1,826,"H3","290819",8,8026,8026,73030,0
2008,381,2,826,"H3","290819",8,42915,42915,166839,0
2008,381,1,826,"H3","2909",8,1706174,1706174,3456716,0
2008,381,2,826,"H3","2909",8,58090,58090,91588,0
2008,381,1,826,"H3","290919",8,6204,6204,55450,0
2008,381,1,826,"H3","290930",8,7838,7838,93034,0
2008,381,2,826,"H3","290930",8,6600,6600,22610,0
2008,381,1,826,"H3","290941",8,108130,108130,127205,0
2008,381,2,826,"H3","290941",8,49330,49330,58310,0
2008,381,1,826,"H3","290944",8,48667,48667,186475,0
2008,381,2,826,"H3","290944",8,50,50,242,0
2008,381,1,826,"H3","290949",8,322491,322491,705682,0
2008,381,2,826,"H3","290949",8,1800,1800,9557,0
2008,381,1,826,"H3","290950",8,12657,12657,106453,0
2008,381,1,826,"H3","290960",8,2489,2489,17943,0
2008,381,1,826,"H3","2910",8,8243499,8243499,14386619,0
2008,381,2,826,"H3","2910",8,4300,4300,126464,0
2008,381,1,826,"H3","291090",8,199241,199241,670020,0
2008,381,2,826,"H3","291090",8,4300,4300,126464,0
2008,381,1,826,"H3","2911",8,2560,2560,17725,0
2008,381,2,826,"H3","2911",8,1455,1455,5221,0
2008,381,1,826,"H3","291100",8,2560,2560,17725,0
2008,381,2,826,"H3","291100",8,1455,1455,5221,0
2008,381,1,826,"H3","2912",8,318137,318137,1385030,0
2008,381,2,826,"H3","2912",8,8050,8050,140001,0
2008,381,1,826,"H3","291211",8,44,44,75,0
2008,381,1,826,"H3","291219",8,27149,27149,204930,0
2008,381,1,826,"H3","291221",8,1,1,272,0
2008,381,2,826,"H3","291221",8,1155,1155,9326,0
2008,381,1,826,"H3","291229",8,135628,135628,833646,0
2008,381,2,826,"H3","291229",8,50,50,2050,0
2008,381,1,826,"H3","291230",8,1110,1110,32941,0
2008,381,1,826,"H3","291241",8,42265,42265,221565,0
2008,381,2,826,"H3","291241",8,3575,3575,65077,0
2008,381,1,826,"H3","291242",8,360,360,3480,0
2008,381,2,826,"H3","291242",8,300,300,7576,0
2008,381,1,826,"H3","291260",8,22020,22020,57054,0
2008,381,1,826,"H3","2914",8,6061107,6061107,8843699,0
2008,381,2,826,"H3","2914",8,8423079,8423079,8797920,0
2008,381,1,826,"H3","291411",8,154525,154525,207747,0
2008,381,2,826,"H3","291411",8,8295467,8295467,7206518,0
2008,381,1,826,"H3","291412",8,5738646,5738646,6788220,0
2008,381,1,826,"H3","291419",8,38283,38283,394483,0
2008,381,2,826,"H3","291419",8,523,523,8361,0
2008,381,1,826,"H3","291421",8,1825,1825,12000,0
2008,381,1,826,"H3","291423",8,2453,2453,60297,0
2008,381,2,826,"H3","291423",8,50,50,910,0
2008,381,1,826,"H3","291429",8,5815,5815,221389,0
2008,381,2,826,"H3","291429",8,465,465,16464,0
2008,381,1,826,"H3","291439",8,99026,99026,796213,0
2008,381,2,826,"H3","291439",8,4550,4550,41180,0
2008,381,1,826,"H3","291440",8,13628,13628,87516,0
2008,381,2,826,"H3","291440",8,44440,44440,265136,0
2008,381,1,826,"H3","291450",8,2227,2227,150865,0
2008,381,2,826,"H3","291450",8,73340,73340,1010663,0
2008,381,1,826,"H3","291469",8,87,87,32924,0
2008,381,2,826,"H3","291469",8,1158,1158,19082,0
2008,381,1,826,"H3","291470",8,1332,1332,10287,0
2008,381,2,826,"H3","291470",8,2960,2960,62230,0
2008,381,1,826,"H3","2915",8,45609097,45609097,47623400,0
2008,381,2,826,"H3","2915",8,2956891,2956891,11534330,0
2008,381,1,826,"H3","291511",8,188,188,8681,0
2008,381,2,826,"H3","291511",8,10,10,18,0
2008,381,1,826,"H3","291512",8,50020,50020,102230,0
2008,381,2,826,"H3","291512",8,64000,64000,60930,0
2008,381,1,826,"H3","291513",8,107,107,1197,0
2008,381,1,826,"H3","291521",8,1882,1882,5732,0
2008,381,2,826,"H3","291521",8,130920,130920,76217,0
2008,381,1,826,"H3","291524",8,5567262,5567262,3375041,0
2008,381,1,826,"H3","291529",8,205619,205619,1385152,0
2008,381,2,826,"H3","291529",8,576000,576000,514739,0
2008,381,1,826,"H3","291531",8,29665981,29665981,29496553,0
2008,381,1,826,"H3","291536",8,10,10,581,0
2008,381,1,826,"H3","291539",8,2062923,2062923,3475469,0
2008,381,2,826,"H3","291539",8,569036,569036,1125756,0
2008,381,1,826,"H3","291540",8,48841,48841,83771,0
2008,381,2,826,"H3","291540",8,50,50,2643,0
2008,381,1,826,"H3","291550",8,26835,26835,85078,0
2008,381,1,826,"H3","291560",8,29323,29323,158134,0
2008,381,2,826,"H3","291560",8,15000,15000,51751,0
2008,381,1,826,"H3","291570",8,215779,215779,493027,0
2008,381,2,826,"H3","291570",8,1259280,1259280,2630369,0
2008,381,1,826,"H3","291590",8,188100,188100,1205776,0
2008,381,2,826,"H3","291590",8,320094,320094,7062631,0
2008,381,1,826,"H3","2916",8,2602434,2602434,11909492,0
2008,381,2,826,"H3","2916",8,392948,392948,2222052,0
2008,381,1,826,"H3","291612",8,398839,398839,1214691,0
2008,381,2,826,"H3","291612",8,187,187,1116,0
2008,381,1,826,"H3","291613",8,328800,328800,801844,0
2008,381,1,826,"H3","291614",8,1524168,1524168,4840653,0
2008,381,1,826,"H3","291615",8,147052,147052,378188,0
2008,381,2,826,"H3","291615",8,14420,14420,35676,0
2008,381,1,826,"H3","291619",8,3158,3158,47350,0
2008,381,2,826,"H3","291619",8,4980,4980,20324,0
2008,381,1,826,"H3","291620",8,54053,54053,3724792,0
2008,381,1,826,"H3","291631",8,126782,126782,398443,0
2008,381,2,826,"H3","291631",8,162305,162305,498658,0
2008,381,1,826,"H3","291632",8,965,965,9139,0
2008,381,2,826,"H3","291632",8,89534,89534,522105,0
2008,381,1,826,"H3","291639",8,16572,16572,476027,0
2008,381,2,826,"H3","291639",8,121497,121497,1143769,0
2008,381,1,826,"H3","2917",8,50389652,50389652,55857846,0
2008,381,2,826,"H3","2917",8,2491415,2491415,5797950,0
2008,381,1,826,"H3","291711",8,35046,35046,180935,0
2008,381,2,826,"H3","291711",8,45025,45025,64030,0
2008,381,1,826,"H3","291712",8,3568915,3568915,6829948,0
2008,381,2,826,"H3","291712",8,676433,676433,2076509,0
2008,381,1,826,"H3","291713",8,294046,294046,1085748,0
2008,381,2,826,"H3","291713",8,19950,19950,59461,0
2008,381,1,826,"H3","291714",8,50100,50100,94525,0
2008,381,2,826,"H3","291714",8,758610,758610,1522136,0
2008,381,1,826,"H3","291719",8,185918,185918,625363,0
2008,381,2,826,"H3","291719",8,101647,101647,179961,0
2008,381,1,826,"H3","291720",8,1894002,1894002,3916554,0
2008,381,1,826,"H3","291732",8,4038310,4038310,2275550,0
2008,381,2,826,"H3","291733",8,1000,1000,2423,0
2008,381,1,826,"H3","291734",8,8620,8620,51408,0
2008,381,2,826,"H3","291734",8,20000,20000,81339,0
2008,381,1,826,"H3","291735",8,2450,2450,3660,0
2008,381,2,826,"H3","291735",8,480000,480000,667052,0
2008,381,1,826,"H3","291736",8,40237070,40237070,40426919,0
2008,381,1,826,"H3","291739",8,75175,75175,367235,0
2008,381,1,826,"H3","2918",8,1184444,1184444,5032937,0
2008,381,2,826,"H3","2918",8,2251695,2251695,8214422,0
2008,381,1,826,"H3","291811",8,4947,4947,57613,0
2008,381,2,826,"H3","291811",8,1175,1175,11189,0
2008,381,2,826,"H3","291812",8,1002700,1002700,4077786,0
2008,381,1,826,"H3","291813",8,160005,160005,541997,0
2008,381,2,826,"H3","291813",8,123650,123650,334163,0
2008,381,1,826,"H3","291815",8,44426,44426,106964,0
2008,381,2,826,"H3","291815",8,291125,291125,883003,0
2008,381,1,826,"H3","291819",8,224175,224175,783434,0
2008,381,2,826,"H3","291819",8,762776,762776,2379162,0
2008,381,1,826,"H3","291821",8,50,50,1548,0
2008,381,2,826,"H3","291821",8,4000,4000,22757,0
2008,381,1,826,"H3","291823",8,173355,173355,880226,0
2008,381,2,826,"H3","291823",8,240,240,681,0
2008,381,1,826,"H3","291829",8,152787,152787,949370,0
2008,381,2,826,"H3","291829",8,19050,19050,296608,0
2008,381,1,826,"H3","291830",8,964,964,30234,0
2008,381,2,826,"H3","291830",8,282,282,49888,0
2008,381,1,826,"H3","291891",8,13,13,493,0
2008,381,1,826,"H3","291899",8,71199,71199,1114092,0
2008,381,2,826,"H3","291899",8,14100,14100,68207,0
2008,381,1,826,"H3","2919",8,1237051,1237051,4926880,0
2008,381,2,826,"H3","2919",8,12117,12117,47228,0
2008,381,1,826,"H3","291990",8,1237050,1237050,4926622,0
2008,381,2,826,"H3","291990",8,12117,12117,47228,0
2008,381,1,826,"H3","2920",8,1744004,1744004,3994599,0
2008,381,2,826,"H3","2920",8,26192,26192,118665,0
2008,381,1,826,"H3","292090",8,1744004,1744004,3994599,0
2008,381,2,826,"H3","292090",8,26192,26192,118665,0
2008,381,1,826,"H3","292119",8,227437,227437,3269281,0
2008,381,2,826,"H3","292119",8,230400,230400,749366,0
2008,381,1,826,"H3","292122",8,291086,291086,724525,0
2008,381,1,826,"H3","292129",8,16885,16885,577207,0
2008,381,2,826,"H3","292129",8,3750,3750,96866,0
2008,381,1,826,"H3","292130",8,17120,17120,196328,0
2008,381,2,826,"H3","292130",8,345,345,5466,0
2008,381,1,826,"H3","292142",8,15926,15926,93067,0
2008,381,2,826,"H3","292142",8,63,63,21296,0
2008,381,1,826,"H3","292143",8,1,1,219,0
2008,381,2,826,"H3","292144",8,5000,5000,21098,0
2008,381,1,826,"H3","292149",8,17606,17606,77580,0
2008,381,2,826,"H3","292149",8,11729,11729,1132335,0
2008,381,1,826,"H3","292151",8,14366,14366,138544,0
2008,381,2,826,"H3","292151",8,55300,55300,300440,0
2008,381,1,826,"H3","292159",8,82307,82307,782373,0
2008,381,2,826,"H3","292159",8,4275,4275,50682,0
2008,381,1,826,"H3","2922",8,4000335,4000335,11066879,0
2008,381,2,826,"H3","2922",8,32811,32811,2211867,0
2008,381,1,826,"H3","292211",8,149171,149171,333951,0
2008,381,2,826,"H3","292211",8,5307,5307,30173,0
2008,381,1,826,"H3","292212",8,827241,827241,1690656,0
2008,381,1,826,"H3","292213",8,85878,85878,186869,0
2008,381,1,826,"H3","292219",8,32534,32534,157355,0
2008,381,2,826,"H3","292219",8,10100,10100,454327,0
2008,381,1,826,"H3","292229",8,96790,96790,365407,0
2008,381,2,826,"H3","292229",8,845,845,54965,0
2008,381,1,826,"H3","292231",8,300,300,199175,0
2008,381,1,826,"H3","292239",8,524,524,9839,0
2008,381,2,826,"H3","292239",8,26,26,7414,0
2008,381,1,826,"H3","292241",8,48076,48076,113692,0
2008,381,1,826,"H3","292242",8,120,120,1410,0
2008,381,1,826,"H3","292249",8,2746496,2746496,5002091,0
2008,381,2,826,"H3","292249",8,15357,15357,975694,0
2008,381,1,826,"H3","292250",8,13205,13205,3006435,0
2008,381,2,826,"H3","292250",8,1176,1176,689294,0
2008,381,1,826,"H3","2923",8,586679,586679,2517904,0
2008,381,2,826,"H3","2923",8,575489,575489,1006049,0
2008,381,1,826,"H3","292310",8,8925,8925,62579,0
2008,381,1,826,"H3","291422",8,400,400,17521,0
2008,381,2,826,"H3","291300",8,2350,2350,9463,0
2008,381,2,826,"H3","2913",8,2350,2350,9463,0
2008,381,1,826,"H3","290712",8,158500,158500,493226,0
2008,381,1,826,"H3","290517",8,8800,8800,50495,0
2008,381,1,826,"H3","290315",8,6779522,6779522,3278009,0
2008,381,2,826,"H3","290260",8,13915359,13915359,13096679,0
2008,381,1,826,"H3","284329",8,32,32,2048,0
2008,381,1,826,"H3","284321",8,945,945,265564,0
2008,381,1,826,"H3","284150",8,59,59,476,0
2008,381,2,826,"H3","282751",8,5250,5250,14418,0
2008,381,1,826,"H3","282751",8,9,9,1943,0
2008,381,1,826,"H3","292141",8,387220,387220,831411,0
2008,381,1,826,"H3","291818",8,4001,4001,23405,0
2008,381,2,826,"H3","291814",8,32597,32597,90977,0
2008,381,1,826,"H3","291814",8,348522,348522,543561,0
2008,381,2,826,"H3","291720",8,388750,388750,1145041,0
2008,381,2,826,"H3","291635",8,25,25,404,0
2008,381,1,826,"H3","291635",8,1120,1120,14498,0
2008,381,1,826,"H3","291634",8,125,125,1706,0
2008,381,2,826,"H3","291533",8,22501,22501,9276,0
2008,381,1,826,"H3","291533",8,165183,165183,288775,0
2008,381,2,826,"H3","291461",8,126,126,167375,0
2008,381,1,826,"H3","291461",8,2860,2860,64237,0
2008,381,2,826,"H3","291249",8,100,100,1204,0
2008,381,1,826,"H3","291249",8,75,75,3100,0
2008,381,2,826,"H3","291219",8,2870,2870,54768,0
2008,381,1,826,"H3","291212",8,89485,89485,27968,0
2008,381,1,826,"H3","291010",8,8044258,8044258,13716599,0
2008,381,2,826,"H3","290943",8,310,310,869,0
2008,381,1,826,"H3","290943",8,1191820,1191820,2093932,0
2008,381,1,826,"H3","290911",8,428,428,6744,0
2008,381,1,826,"H3","290711",8,423736,423736,499709,0
2008,381,1,826,"H3","290551",8,1736,1736,138148,0
2008,381,1,826,"H3","290344",8,414,414,5508,0
2008,381,1,826,"H3","290313",8,772,772,5679,0
2008,381,1,826,"H3","290244",8,200,200,1374,0
2008,381,1,826,"H3","290220",8,119,119,60,0
2008,381,1,826,"H3","290211",8,198140,198140,194999,0
2008,381,2,826,"H3","290129",8,60,60,322,0
2008,381,1,826,"H3","290129",8,371949,371949,640080,0
2008,381,2,826,"H3","290124",8,10423792,10423792,11355877,0
2008,381,1,826,"H3","290124",8,4410600,4410600,6652925,0
2008,381,1,826,"H3","290121",8,12959882,12959882,17385921,0
2008,381,1,826,"H3","284990",8,44063,44063,70606,0
2008,381,1,826,"H3","284030",8,175,175,141,0
2008,381,1,826,"H3","283720",8,2,2,278,0
2008,381,1,826,"H3","283421",8,23000,23000,17561,0
2008,381,1,826,"H3","283330",8,1057296,1057296,1683296,0
2008,381,1,826,"H3","283325",8,24000,24000,51872,0
2008,381,2,826,"H3","2833",8,228040,228040,1729239,0
2008,381,1,826,"H3","2833",8,1319440,1319440,2268602,0
2008,381,1,826,"H3","283230",8,56,56,35,0
2008,381,1,826,"H3","283010",8,300,300,14890,0
2008,381,1,826,"H3","282739",8,297935,297935,611226,0
2008,381,1,826,"H3","292111",8,4466,4466,8472262,0
2008,381,2,826,"H3","2921",8,310862,310862,2377550,0
2008,381,1,826,"H3","2921",8,1074420,1074420,15162796,0
2008,381,1,826,"H3","291910",8,1,1,258,0
2008,381,1,826,"H3","291532",8,7381044,7381044,7458204,0
2008,381,1,826,"H3","290920",8,5450,5450,63798,0
2008,381,1,826,"H3","290342",8,6665,6665,107694,0
2008,381,2,826,"H3","282759",8,6,6,29,0
2008,381,1,826,"H3","282759",8,79108,79108,213345,0
2008,381,1,826,"H3","291611",8,800,800,2161,0
2008,381,1,826,"H3","290891",8,15,15,7800,0
2008,381,2,826,"H3","290723",8,3750,3750,12265,0
2008,381,1,826,"H3","290361",8,191,191,3459,0
2008,381,1,826,"H3","290345",8,1153,1153,15866,0
2008,381,1,826,"H3","290319",8,197528,197528,219578,0
2008,381,1,826,"H3","284410",8,31,31,737,0
2008,381,1,826,"H3","283911",8,25400,25400,59529,0
2008,381,1,826,"H3","283321",8,1365,1365,3495,0
2008,381,2,826,"H3","290899",8,50700,50700,61114,0
2008,381,1,826,"H3","290899",8,311500,311500,2346166,0
2008,381,1,826,"H3","292320",8,47853,47853,327577,0
2008,381,2,826,"H3","292320",8,118,118,29106,0
2008,381,1,826,"H3","292390",8,529901,529901,2127748,0
2008,381,2,826,"H3","292390",8,575371,575371,976943,0
2008,381,1,826,"H3","2924",8,2528093,2528093,10998323,0
2008,381,2,826,"H3","2924",8,1838667,1838667,17839080,0
2008,381,1,826,"H3","292412",8,141,141,6023,0
2008,381,1,826,"H3","292419",8,2270288,2270288,8700911,0
2008,381,2,826,"H3","292419",8,212996,212996,554348,0
2008,381,1,826,"H3","292421",8,2250,2250,9688,0
2008,381,2,826,"H3","292421",8,19486,19486,216854,0
2008,381,1,826,"H3","292429",8,255414,255414,2281701,0
2008,381,2,826,"H3","292429",8,1606185,1606185,17067878,0
2008,381,1,826,"H3","2925",8,2417845,2417845,10012506,0
2008,381,2,826,"H3","2925",8,104426,104426,350537,0
2008,381,1,826,"H3","292511",8,39,39,972,0
2008,381,2,826,"H3","292511",8,6,6,84,0
2008,381,1,826,"H3","292519",8,2411670,2411670,9922743,0
2008,381,2,826,"H3","292519",8,61455,61455,149622,0
2008,381,1,826,"H3","292521",8,99,99,7137,0
2008,381,1,826,"H3","292529",8,6037,6037,81654,0
2008,381,2,826,"H3","292529",8,42965,42965,200831,0
2008,381,1,826,"H3","2926",8,236260,236260,940317,0
2008,381,2,826,"H3","2926",8,17772,17772,832485,0
2008,381,2,826,"H3","292610",8,300,300,7655,0
2008,381,1,826,"H3","292620",8,236260,236260,940317,0
2008,381,2,826,"H3","292690",8,17472,17472,824830,0
2008,381,1,826,"H3","2927",8,1037,1037,59890,0
2008,381,2,826,"H3","2927",8,7,7,2688,0
2008,381,1,826,"H3","292700",8,1037,1037,59890,0
2008,381,2,826,"H3","292700",8,7,7,2688,0
2008,381,1,826,"H3","2928",8,40665,40665,118503,0
2008,381,2,826,"H3","2928",8,104416,104416,8889620,0
2008,381,1,826,"H3","292800",8,40665,40665,118503,0
2008,381,2,826,"H3","292800",8,104416,104416,8889620,0
2008,381,1,826,"H3","2929",8,84972,84972,1341079,0
2008,381,2,826,"H3","2929",8,87716,87716,502760,0
2008,381,1,826,"H3","292910",8,37174,37174,256466,0
2008,381,2,826,"H3","292910",8,87632,87632,500410,0
2008,381,1,826,"H3","292990",8,47798,47798,1084613,0
2008,381,2,826,"H3","292990",8,84,84,2351,0
2008,381,1,826,"H3","2930",8,251176,251176,2895640,0
2008,381,2,826,"H3","2930",8,293478,293478,2223714,0
2008,381,1,826,"H3","293020",8,3015,3015,66273,0
2008,381,2,826,"H3","293020",8,140899,140899,531098,0
2008,381,1,826,"H3","293030",8,60740,60740,442194,0
2008,381,1,826,"H3","293040",8,48075,48075,334847,0
2008,381,2,826,"H3","293040",8,594,594,522813,0
2008,381,1,826,"H3","293090",8,139346,139346,2052326,0
2008,381,2,826,"H3","293090",8,151985,151985,1169803,0
2008,381,1,826,"H3","2931",8,4554094,4554094,11673990,0
2008,381,2,826,"H3","2931",8,600101,600101,2566763,0
2008,381,1,826,"H3","293100",8,4554094,4554094,11673990,0
2008,381,2,826,"H3","293100",8,600101,600101,2566763,0
2008,381,1,826,"H3","2932",8,1070794,1070794,3828956,0
2008,381,2,826,"H3","2932",8,11471,11471,256235,0
2008,381,1,826,"H3","293211",8,5730,5730,84526,0
2008,381,1,826,"H3","293212",8,124,124,2254,0
2008,381,1,826,"H3","293213",8,989386,989386,2185147,0
2008,381,1,826,"H3","293219",8,310,310,208801,0
2008,381,2,826,"H3","293219",8,1918,1918,98436,0
2008,381,1,826,"H3","293221",8,450,450,8591,0
2008,381,1,826,"H3","293229",8,33729,33729,305955,0
2008,381,2,826,"H3","293229",8,1103,1103,19257,0
2008,381,1,826,"H3","293291",8,20,20,413,0
2008,381,1,826,"H3","293293",8,106,106,6695,0
2008,381,2,826,"H3","293293",8,2100,2100,61135,0
2008,381,1,826,"H3","293299",8,40939,40939,1026574,0
2008,381,2,826,"H3","293299",8,6350,6350,77408,0
2008,381,1,826,"H3","2933",8,543862,543862,89648783,0
2008,381,2,826,"H3","2933",8,745803,745803,20563286,0
2008,381,1,826,"H3","293311",8,170,170,35918,0
2008,381,2,826,"H3","293311",8,329,329,269487,0
2008,381,1,826,"H3","293319",8,301,301,25385,0
2008,381,2,826,"H3","293319",8,250,250,124429,0
2008,381,1,826,"H3","293321",8,57104,57104,334310,0
2008,381,2,826,"H3","293321",8,3025,3025,68810,0
2008,381,1,826,"H3","293329",8,22018,22018,1083123,0
2008,381,2,826,"H3","293329",8,39488,39488,4649925,0
2008,381,1,826,"H3","293331",8,5542,5542,37480,0
2008,381,1,826,"H3","293333",8,2761,2761,47477,0
2008,381,2,826,"H3","293333",8,30,30,50550,0
2008,381,1,826,"H3","293339",8,162313,162313,77888600,0
2008,381,2,826,"H3","293339",8,472558,472558,4618076,0
2008,381,1,826,"H3","293349",8,6088,6088,6948686,0
2008,381,2,826,"H3","293349",8,51,51,103200,0
2008,381,1,826,"H3","293359",8,12615,12615,458848,0
2008,381,2,826,"H3","293359",8,82333,82333,8743703,0
2008,381,1,826,"H3","293361",8,12325,12325,79720,0
2008,381,1,826,"H3","293369",8,155960,155960,442851,0
2008,381,2,826,"H3","293369",8,116207,116207,643316,0
2008,381,1,826,"H3","293371",8,1300,1300,7308,0
2008,381,1,826,"H3","293379",8,63561,63561,440863,0
2008,381,2,826,"H3","293379",8,105,105,65328,0
2008,381,1,826,"H3","293391",8,143,143,8267,0
2008,381,2,826,"H3","293391",8,1302,1302,383620,0
2008,381,1,826,"H3","293399",8,41661,41661,1809950,0
2008,381,2,826,"H3","293399",8,30125,30125,842842,0
2008,381,1,826,"H3","2934",8,669131,669131,8275920,0
2008,381,2,826,"H3","2934",8,116072,116072,7799174,0
2008,381,1,826,"H3","293410",8,44,44,36042,0
2008,381,2,826,"H3","293410",8,589,589,440727,0
2008,381,1,826,"H3","293420",8,28080,28080,384327,0
2008,381,2,826,"H3","293420",8,37593,37593,624024,0
2008,381,1,826,"H3","293430",8,651,651,32947,0
2008,381,2,826,"H3","293430",8,337,337,138161,0
2008,381,1,826,"H3","293491",8,2001,2001,324827,0
2008,381,2,826,"H3","293491",8,305,305,143140,0
2008,381,1,826,"H3","293499",8,638355,638355,7497776,0
2008,381,2,826,"H3","293499",8,77248,77248,6453123,0
2008,381,1,826,"H3","2935",8,1135,1135,97200,0
2008,381,2,826,"H3","2935",8,15170,15170,3415074,0
2008,381,1,826,"H3","293500",8,1135,1135,97200,0
2008,381,2,826,"H3","293500",8,15170,15170,3415074,0
2008,381,1,826,"H3","2936",8,448364,448364,8340284,0
2008,381,2,826,"H3","2936",8,18891,18891,414659,0
2008,381,1,826,"H3","293621",8,1,1,291,0
2008,381,2,826,"H3","293621",8,5,5,854,0
2008,381,1,826,"H3","293622",8,800,800,25255,0
2008,381,1,826,"H3","293623",8,2526,2526,280063,0
2008,381,2,826,"H3","293623",8,3,3,5197,0
2008,381,1,826,"H3","293624",8,30,30,1373,0
2008,381,1,826,"H3","293625",8,3,3,420,0
2008,381,2,826,"H3","293625",8,25,25,10408,0
2008,381,1,826,"H3","293626",8,2012,2012,116655,0
2008,381,1,826,"H3","293627",8,225812,225812,2183661,0
2008,381,2,826,"H3","293627",8,4300,4300,56820,0
2008,381,1,826,"H3","293628",8,54647,54647,549687,0
2008,381,2,826,"H3","293628",8,14000,14000,326994,0
2008,381,1,826,"H3","293629",8,2575,2575,647455,0
2008,381,2,826,"H3","293629",8,100,100,7273,0
2008,381,1,826,"H3","293690",8,159958,159958,4535425,0
2008,381,2,826,"H3","293690",8,458,458,7112,0
2008,381,1,826,"H3","2937",8,476,476,1321304,0
2008,381,2,826,"H3","2937",8,3627,3627,11839303,0
2008,381,1,826,"H3","293712",8,0,0,206,0
2008,381,1,826,"H3","293719",8,5,5,1131,0
2008,381,2,826,"H3","293721",8,104,104,154235,0
2008,381,1,826,"H3","293722",8,91,91,1261142,0
2008,381,2,826,"H3","293722",8,192,192,6714182,0
2008,381,2,826,"H3","293723",8,106,106,305966,0
2008,381,1,826,"H3","293729",8,1,1,7393,0
2008,381,2,826,"H3","293729",8,987,987,4075372,0
2008,381,1,826,"H3","293740",8,7,7,12197,0
2008,381,1,826,"H3","293750",8,250,250,1368,0
2008,381,1,826,"H3","2938",8,4724,4724,661402,0
2008,381,2,826,"H3","2938",8,78,78,92843,0
2008,381,1,826,"H3","293810",8,1,1,132,0
2008,381,1,826,"H3","293890",8,4723,4723,661270,0
2008,381,2,826,"H3","293890",8,78,78,92843,0
2008,381,1,826,"H3","2939",1,,5673,3455252,0
2008,381,2,826,"H3","2939",1,,18508,3545649,0
2008,381,1,826,"H3","293911",8,3535,3535,1974834,0
2008,381,2,826,"H3","293911",8,3830,3830,1576653,0
2008,381,1,826,"H3","293919",8,23,23,330790,0
2008,381,2,826,"H3","293919",8,5,5,1249,0
2008,381,1,826,"H3","293930",8,1025,1025,10945,0
2008,381,2,826,"H3","293930",8,14475,14475,254080,0
2008,381,2,826,"H3","293959",8,29,29,146233,0
2008,381,1,826,"H3","293962",8,150,150,241682,0
2008,381,1,826,"H3","293999",8,503,503,2619,0
2008,381,2,826,"H3","293999",8,115,115,646208,0
2008,381,1,826,"H3","2940",8,208,208,91570,0
2008,381,2,826,"H3","2940",8,38119,38119,9384213,0
2008,381,1,826,"H3","294000",8,208,208,91570,0
2008,381,2,826,"H3","294000",8,38119,38119,9384213,0
2008,381,1,826,"H3","2941",8,242113,242113,17634935,0
2008,381,2,826,"H3","2941",8,38176,38176,15682766,0
2008,381,1,826,"H3","294110",8,57957,57957,3006422,0
2008,381,2,826,"H3","294110",8,27933,27933,5077338,0
2008,381,1,826,"H3","294120",8,3,3,324,0
2008,381,1,826,"H3","294130",8,6118,6118,27697,0
2008,381,2,826,"H3","294130",8,142,142,20784,0
2008,381,1,826,"H3","294140",8,7,7,529,0
2008,381,1,826,"H3","294190",8,178028,178028,14599964,0
2008,381,2,826,"H3","294190",8,10101,10101,10584644,0
2008,381,1,826,"H3","2942",8,3092,3092,318853,0
2008,381,2,826,"H3","2942",8,10361,10361,25222,0
2008,381,1,826,"H3","294200",8,3092,3092,318853,0
2008,381,2,826,"H3","294200",8,10361,10361,25222,0
2008,381,1,826,"H3","30",1,,,1331479582,0
2008,381,2,826,"H3","30",1,,,961746745,0
2008,381,1,826,"H3","3001",8,507,507,484555,0
2008,381,2,826,"H3","3001",8,4280,4280,1015318,0
2008,381,1,826,"H3","300120",8,7,7,9584,0
2008,381,2,826,"H3","300120",8,4098,4098,145835,0
2008,381,1,826,"H3","300190",8,500,500,474971,0
2008,381,2,826,"H3","300190",8,182,182,869482,0
2008,381,1,826,"H3","3002",8,72729,72729,71234341,0
2008,381,2,826,"H3","3002",8,216867,216867,106280974,0
2008,381,1,826,"H3","300210",8,24459,24459,6246558,0
2008,381,2,826,"H3","300210",8,10037,10037,94322766,0
2008,381,1,826,"H3","293991",8,2,2,2863,0
2008,381,2,826,"H3","293969",8,54,54,921225,0
2008,381,1,826,"H3","293969",8,380,380,877276,0
2008,381,1,826,"H3","293920",8,55,55,14242,0
2008,381,1,826,"H3","293790",8,123,123,37867,0
2008,381,2,826,"H3","293731",8,2237,2237,589547,0
2008,381,1,826,"H3","300220",8,26973,26973,59131525,0
2008,381,2,826,"H3","300220",8,37302,37302,9524718,0
2008,381,1,826,"H3","300230",8,10394,10394,3732566,0
2008,381,2,826,"H3","300230",8,7460,7460,415534,0
2008,381,1,826,"H3","300290",8,10903,10903,2123693,0
2008,381,2,826,"H3","300290",8,162068,162068,2017956,0
2008,381,1,826,"H3","3003",8,304773,304773,15213387,0
2008,381,2,826,"H3","3003",8,176525,176525,14601695,0
2008,381,1,826,"H3","300310",8,7200,7200,1900737,0
2008,381,1,826,"H3","300320",8,2757,2757,6508242,0
2008,381,2,826,"H3","300331",8,10,10,9840,0
2008,381,1,826,"H3","300339",8,56,56,196069,0
2008,381,2,826,"H3","300340",8,338,338,627900,0
2008,381,1,826,"H3","300390",8,294760,294760,6608338,0
2008,381,2,826,"H3","300390",8,176177,176177,13963956,0
2008,381,1,826,"H3","3004",8,5304328,5304328,1178856032,0
2008,381,2,826,"H3","3004",8,6918542,6918542,819766256,0
2008,381,1,826,"H3","300410",8,863283,863283,40714958,0
2008,381,2,826,"H3","300410",8,562373,562373,56623965,0
2008,381,1,826,"H3","300420",8,365925,365925,39292812,0
2008,381,2,826,"H3","300420",8,877727,877727,68126634,0
2008,381,2,826,"H3","300431",8,41999,41999,6462505,0
2008,381,1,826,"H3","300432",8,100190,100190,89953658,0
2008,381,2,826,"H3","300432",8,178587,178587,34902691,0
2008,381,1,826,"H3","300439",8,33370,33370,90539057,0
2008,381,2,826,"H3","300439",8,743284,743284,97352422,0
2008,381,1,826,"H3","300440",8,32625,32625,8117174,0
2008,381,2,826,"H3","300440",8,26966,26966,12176192,0
2008,381,1,826,"H3","300450",8,60984,60984,1915497,0
2008,381,2,826,"H3","300450",8,77927,77927,1494434,0
2008,381,1,826,"H3","300490",8,3847951,3847951,908322876,0
2008,381,2,826,"H3","300490",8,4409679,4409679,542627413,0
2008,381,1,826,"H3","3005",8,921300,921300,31067273,0
2008,381,2,826,"H3","3005",8,130535,130535,5452392,0
2008,381,1,826,"H3","300510",8,671090,671090,19732327,0
2008,381,2,826,"H3","300510",8,13078,13078,251452,0
2008,381,1,826,"H3","300590",8,250210,250210,11334946,0
2008,381,2,826,"H3","300590",8,117457,117457,5200940,0
2008,381,1,826,"H3","3006",8,256992,256992,29954988,0
2008,381,2,826,"H3","3006",8,342596,342596,12674106,0
2008,381,1,826,"H3","300610",8,37601,37601,8704958,0
2008,381,2,826,"H3","300610",8,682,682,370200,0
2008,381,1,826,"H3","300620",8,186462,186462,15232012,0
2008,381,2,826,"H3","300620",8,9,9,6757,0
2008,381,1,826,"H3","300630",8,191,191,1977361,0
2008,381,2,826,"H3","300630",8,169484,169484,9692660,0
2008,381,1,826,"H3","300640",8,13856,13856,2211230,0
2008,381,2,826,"H3","300640",8,3421,3421,964063,0
2008,381,1,826,"H3","300650",8,2432,2432,126854,0
2008,381,2,826,"H3","300650",8,23,23,571,0
2008,381,2,826,"H3","300660",8,108,108,20201,0
2008,381,1,826,"H3","300670",8,1559,1559,785218,0
2008,381,2,826,"H3","300670",8,53464,53464,104554,0
2008,381,1,826,"H3","300691",8,14891,14891,917356,0
2008,381,2,826,"H3","300691",8,115405,115405,1515100,0
2008,381,1,826,"H3","31",1,,,4063991,0
2008,381,2,826,"H3","31",1,,,10100379,0
2008,381,1,826,"H3","3101",8,27755,27755,4440,0
2008,381,2,826,"H3","3101",8,39912,39912,92849,0
2008,381,1,826,"H3","310100",8,27755,27755,4440,0
2008,381,2,826,"H3","310100",8,39912,39912,92849,0
2008,381,1,826,"H3","3102",8,432242,432242,1192452,0
2008,381,2,826,"H3","3102",8,5812554,5812554,9479266,0
2008,381,1,826,"H3","310210",8,284544,284544,468748,0
2008,381,2,826,"H3","310210",8,86739,86739,249150,0
2008,381,2,826,"H3","310230",8,7615,7615,27428,0
2008,381,2,826,"H3","310240",8,5718200,5718200,9202688,0
2008,381,1,826,"H3","310290",8,147698,147698,723704,0
2008,381,1,826,"H3","3104",8,143312,143312,222866,0
2008,381,2,826,"H3","3104",8,73,73,25,0
2008,381,1,826,"H3","310420",8,142982,142982,222713,0
2008,381,2,826,"H3","310420",8,73,73,25,0
2008,381,1,826,"H3","310490",8,330,330,153,0
2008,381,1,826,"H3","3105",8,969591,969591,2449546,0
2008,381,2,826,"H3","3105",8,278290,278290,528239,0
2008,381,1,826,"H3","310510",8,176925,176925,666053,0
2008,381,2,826,"H3","310510",8,232659,232659,454016,0
2008,381,1,826,"H3","310520",8,111544,111544,187954,0
2008,381,2,826,"H3","310520",8,38354,38354,38002,0
2008,381,1,826,"H3","310559",8,6303,6303,22726,0
2008,381,1,826,"H3","310560",8,150790,150790,323402,0
2008,381,2,826,"H3","310560",8,5500,5500,28630,0
2008,381,1,826,"H3","310590",8,449367,449367,1169027,0
2008,381,2,826,"H3","310590",8,1777,1777,7592,0
2008,381,1,826,"H3","32",1,,,298839072,0
2008,381,2,826,"H3","32",1,,,117307783,0
2008,381,1,826,"H3","3201",8,49264,49264,281021,0
2008,381,2,826,"H3","3201",8,15167,15167,89859,0
2008,381,2,826,"H3","320110",8,2250,2250,4460,0
2008,381,1,826,"H3","320190",8,49264,49264,281021,0
2008,381,2,826,"H3","320190",8,12917,12917,85398,0
2008,381,1,826,"H3","320210",8,3671595,3671595,4841949,0
2008,381,2,826,"H3","320210",8,3732,3732,6876,0
2008,381,1,826,"H3","320290",8,28790,28790,169854,0
2008,381,2,826,"H3","320290",8,610340,610340,887058,0
2008,381,1,826,"H3","3203",8,106570,106570,2528649,0
2008,381,2,826,"H3","3203",8,206204,206204,1174580,0
2008,381,1,826,"H3","320300",8,106570,106570,2528649,0
2008,381,2,826,"H3","320300",8,206204,206204,1174580,0
2008,381,1,826,"H3","320411",8,112905,112905,1100377,0
2008,381,2,826,"H3","320411",8,54948,54948,209270,0
2008,381,1,826,"H3","320412",8,393404,393404,4716698,0
2008,381,2,826,"H3","320412",8,75074,75074,1369813,0
2008,381,1,826,"H3","320413",8,76607,76607,279548,0
2008,381,2,826,"H3","320413",8,2870,2870,24799,0
2008,381,1,826,"H3","320414",8,94219,94219,720786,0
2008,381,2,826,"H3","320414",8,343,343,2593,0
2008,381,1,826,"H3","320415",8,21547,21547,563349,0
2008,381,2,826,"H3","320415",8,1274,1274,17755,0
2008,381,1,826,"H3","320416",8,17224,17224,310008,0
2008,381,2,826,"H3","320416",8,3447,3447,31524,0
2008,381,1,826,"H3","320419",8,157983,157983,3358680,0
2008,381,2,826,"H3","320419",8,287911,287911,22218488,0
2008,381,1,826,"H3","320420",8,780324,780324,3465760,0
2008,381,2,826,"H3","320420",8,1943923,1943923,2259028,0
2008,381,1,826,"H3","320490",8,113558,113558,1629951,0
2008,381,1,826,"H3","3205",8,49446,49446,2092155,0
2008,381,2,826,"H3","3205",8,57,57,245,0
2008,381,1,826,"H3","320500",8,49446,49446,2092155,0
2008,381,2,826,"H3","320500",8,57,57,245,0
2008,381,1,826,"H3","3206",8,13036098,13036098,40738969,0
2008,381,2,826,"H3","3206",8,1938398,1938398,6454160,0
2008,381,1,826,"H3","320611",8,10193837,10193837,23839153,0
2008,381,1,826,"H3","320619",8,87032,87032,2664639,0
2008,381,2,826,"H3","320619",8,288157,288157,930778,0
2008,381,1,826,"H3","320620",8,53771,53771,486744,0
2008,381,2,826,"H3","320620",8,4169,4169,12484,0
2008,381,1,826,"H3","320641",8,9897,9897,146210,0
2008,381,2,826,"H3","320641",8,650,650,2892,0
2008,381,1,826,"H3","320642",8,1000,1000,7327,0
2008,381,2,826,"H3","320642",8,1868,1868,8808,0
2008,381,1,826,"H3","320649",8,2688677,2688677,13454129,0
2008,381,2,826,"H3","320649",8,1643554,1643554,5499197,0
2008,381,1,826,"H3","320650",8,1884,1884,140767,0
2008,381,1,826,"H3","3207",8,633766,633766,13457312,0
2008,381,2,826,"H3","3207",8,722924,722924,3042416,0
2008,381,1,826,"H3","320720",8,87825,87825,655485,0
2008,381,2,826,"H3","320720",8,1239,1239,2286,0
2008,381,1,826,"H3","320730",8,10172,10172,6079562,0
2008,381,2,826,"H3","320730",8,649,649,268188,0
2008,381,1,826,"H3","320740",8,329950,329950,2503346,0
2008,381,2,826,"H3","320740",8,191213,191213,660806,0
2008,381,1,826,"H3","3208",8,5240873,5240873,27049465,0
2008,381,2,826,"H3","3208",8,5474068,5474068,25904106,0
2008,381,1,826,"H3","320820",8,1072780,1072780,7561564,0
2008,381,1,826,"H3","320890",8,3489617,3489617,16687950,0
2008,381,2,826,"H3","320890",8,3751052,3751052,17055639,0
2008,381,1,826,"H3","3209",8,1457786,1457786,4175537,0
2008,381,2,826,"H3","3209",8,2514344,2514344,11706909,0
2008,381,1,826,"H3","320910",8,969795,969795,2632332,0
2008,381,2,826,"H3","320910",8,1631498,1631498,6235710,0
2008,381,1,826,"H3","320990",8,487991,487991,1543205,0
2008,381,2,826,"H3","320990",8,882846,882846,5471199,0
2008,381,1,826,"H3","3210",8,322147,322147,2526437,0
2008,381,2,826,"H3","3210",8,162701,162701,657095,0
2008,381,1,826,"H3","321000",8,322147,322147,2526437,0
2008,381,2,826,"H3","321000",8,162701,162701,657095,0
2008,381,1,826,"H3","3211",8,207304,207304,1189248,0
2008,381,2,826,"H3","3211",8,91799,91799,282320,0
2008,381,1,826,"H3","321100",8,207304,207304,1189248,0
2008,381,2,826,"H3","321100",8,91799,91799,282320,0
2008,381,1,826,"H3","3212",8,642390,642390,11141207,0
2008,381,2,826,"H3","3212",8,423938,423938,6608217,0
2008,381,1,826,"H3","321210",8,456032,456032,6607603,0
2008,381,2,826,"H3","321210",8,155183,155183,5179158,0
2008,381,1,826,"H3","321290",8,186358,186358,4533604,0
2008,381,2,826,"H3","321290",8,268755,268755,1429059,0
2008,381,1,826,"H3","3213",8,54905,54905,961650,0
2008,381,2,826,"H3","3213",8,527570,527570,2578808,0
2008,381,1,826,"H3","321310",8,7997,7997,249341,0
2008,381,2,826,"H3","321310",8,199478,199478,489165,0
2008,381,1,826,"H3","321390",8,46908,46908,712310,0
2008,381,2,826,"H3","321390",8,328092,328092,2089644,0
2008,381,1,826,"H3","3214",8,1165190,1165190,7030297,0
2008,381,2,826,"H3","3214",8,2332009,2332009,7405929,0
2008,381,1,826,"H3","321410",8,297609,297609,4594339,0
2008,381,2,826,"H3","321410",8,1258142,1258142,5560815,0
2008,381,2,826,"H3","320710",8,529823,529823,2111135,0
2008,381,1,826,"H3","320710",8,205819,205819,4218918,0
2008,381,2,826,"H3","320820",8,935338,935338,5135975,0
2008,381,2,826,"H3","320810",8,787678,787678,3712493,0
2008,381,1,826,"H3","320810",8,678476,678476,2799950,0
2008,381,2,826,"H3","3204",8,2964645,2964645,30835681,0
2008,381,1,826,"H3","3204",8,4149433,4149433,61900932,0
2008,381,2,826,"H3","3202",8,614072,614072,893934,0
2008,381,1,826,"H3","3202",8,3700385,3700385,5011804,0
2008,381,1,826,"H3","310551",8,74662,74662,80385,0
2008,381,2,826,"H3","320417",8,594855,594855,4702412,0
2008,381,1,826,"H3","320417",8,2381662,2381662,45755775,0
2008,381,1,826,"H3","321490",8,867581,867581,2435959,0
2008,381,2,826,"H3","321490",8,1073867,1073867,1845114,0
2008,381,1,826,"H3","3215",8,2935902,2935902,111588302,0
2008,381,2,826,"H3","3215",8,2751658,2751658,17526609,0
2008,381,1,826,"H3","321511",8,653329,653329,5124565,0
2008,381,2,826,"H3","321511",8,716157,716157,2863609,0
2008,381,1,826,"H3","321519",8,1720833,1720833,18864380,0
2008,381,2,826,"H3","321519",8,1945425,1945425,12465593,0
2008,381,1,826,"H3","321590",8,561740,561740,87599357,0
2008,381,2,826,"H3","321590",8,90076,90076,2197407,0
2008,381,1,826,"H3","33",1,,,232582044,0
2008,381,2,826,"H3","33",1,,,272213988,0
2008,381,1,826,"H3","3301",8,465699,465699,10722120,0
2008,381,2,826,"H3","3301",8,212349,212349,5600515,0
2008,381,1,826,"H3","330112",8,82601,82601,297151,0
2008,381,2,826,"H3","330112",8,26002,26002,167118,0
2008,381,1,826,"H3","330113",8,31959,31959,785729,0
2008,381,2,826,"H3","330113",8,126125,126125,3148936,0
2008,381,1,826,"H3","330119",8,41349,41349,1484272,0
2008,381,2,826,"H3","330119",8,44104,44104,1957317,0
2008,381,1,826,"H3","330124",8,166693,166693,5859084,0
2008,381,1,826,"H3","330125",8,11194,11194,324162,0
2008,381,1,826,"H3","330129",8,56454,56454,1018538,0
2008,381,2,826,"H3","330129",8,15843,15843,318822,0
2008,381,1,826,"H3","330130",8,342,342,84508,0
2008,381,2,826,"H3","330130",8,32,32,277,0
2008,381,1,826,"H3","330190",8,75107,75107,868675,0
2008,381,2,826,"H3","330190",8,243,243,8044,0
2008,381,1,826,"H3","3302",8,2515505,2515505,34414483,0
2008,381,2,826,"H3","3302",8,263697,263697,3062433,0
2008,381,1,826,"H3","330210",8,892339,892339,10272553,0
2008,381,2,826,"H3","330210",8,225192,225192,2399354,0
2008,381,1,826,"H3","330290",8,1623166,1623166,24141930,0
2008,381,2,826,"H3","330290",8,38505,38505,663079,0
2008,381,1,826,"H3","3303",8,442193,442193,12154938,0
2008,381,2,826,"H3","3303",8,1159103,1159103,40263175,0
2008,381,1,826,"H3","330300",8,442193,442193,12154938,0
2008,381,2,826,"H3","330300",8,1159103,1159103,40263175,0
2008,381,1,826,"H3","3304",8,1070093,1070093,49206623,0
2008,381,2,826,"H3","3304",8,6685580,6685580,108825890,0
2008,381,1,826,"H3","330410",8,120709,120709,6246862,0
2008,381,2,826,"H3","330410",8,187347,187347,13133977,0
2008,381,1,826,"H3","330420",8,90326,90326,6594323,0
2008,381,2,826,"H3","330420",8,402266,402266,30900754,0
2008,381,1,826,"H3","330430",8,94494,94494,2054901,0
2008,381,2,826,"H3","330430",8,10882,10882,541162,0
2008,381,1,826,"H3","330491",8,123376,123376,4646707,0
2008,381,2,826,"H3","330491",8,533778,533778,24439380,0
2008,381,1,826,"H3","330499",8,641188,641188,29663831,0
2008,381,2,826,"H3","330499",8,5551307,5551307,39810617,0
2008,381,1,826,"H3","3305",8,3162102,3162102,19108153,0
2008,381,2,826,"H3","3305",8,7114925,7114925,27685396,0
2008,381,1,826,"H3","330510",8,693564,693564,2276700,0
2008,381,2,826,"H3","330510",8,5363792,5363792,12457345,0
2008,381,1,826,"H3","330520",8,23518,23518,352675,0
2008,381,2,826,"H3","330520",8,3383,3383,28893,0
2008,381,1,826,"H3","330530",8,40564,40564,348624,0
2008,381,2,826,"H3","330530",8,54868,54868,369465,0
2008,381,1,826,"H3","330590",8,2404456,2404456,16130154,0
2008,381,2,826,"H3","330590",8,1692882,1692882,14829694,0
2008,381,1,826,"H3","3306",8,4595017,4595017,28457528,0
2008,381,2,826,"H3","3306",8,5516610,5516610,19806297,0
2008,381,1,826,"H3","330610",8,4122359,4122359,23649619,0
2008,381,2,826,"H3","330610",8,353231,353231,4050014,0
2008,381,1,826,"H3","330620",8,177958,177958,1408374,0
2008,381,1,826,"H3","330690",8,294700,294700,3399534,0
2008,381,2,826,"H3","330690",8,5163379,5163379,15756284,0
2008,381,1,826,"H3","3307",8,12046269,12046269,68566656,0
2008,381,2,826,"H3","3307",8,14887484,14887484,62401621,0
2008,381,1,826,"H3","330710",8,2654584,2654584,12341450,0
2008,381,2,826,"H3","330710",8,1332662,1332662,7525884,0
2008,381,1,826,"H3","330720",8,1441737,1441737,17606950,0
2008,381,2,826,"H3","330720",8,2013599,2013599,12799702,0
2008,381,1,826,"H3","330730",8,3994689,3994689,16974643,0
2008,381,2,826,"H3","330730",8,7806056,7806056,23432451,0
2008,381,1,826,"H3","330741",8,8626,8626,64454,0
2008,381,2,826,"H3","330741",8,665,665,16406,0
2008,381,1,826,"H3","330749",8,3880368,3880368,20847100,0
2008,381,2,826,"H3","330749",8,3178302,3178302,12779229,0
2008,381,1,826,"H3","330790",8,66265,66265,732058,0
2008,381,2,826,"H3","330790",8,556200,556200,5847949,0
2008,381,1,826,"H3","34",1,,,80832891,0
2008,381,2,826,"H3","34",1,,,143540679,0
2008,381,1,826,"H3","3401",8,4533185,4533185,11652683,0
2008,381,2,826,"H3","3401",8,16811363,16811363,40740672,0
2008,381,1,826,"H3","340111",8,424976,424976,1834094,0
2008,381,2,826,"H3","340111",8,757177,757177,2773734,0
2008,381,1,826,"H3","340119",8,1848786,1848786,2885700,0
2008,381,2,826,"H3","340119",8,7043594,7043594,16042548,0
2008,381,1,826,"H3","340120",8,1206856,1206856,3981456,0
2008,381,2,826,"H3","340120",8,7934456,7934456,17217549,0
2008,381,1,826,"H3","340130",8,1052567,1052567,2951433,0
2008,381,2,826,"H3","340130",8,1076136,1076136,4706840,0
2008,381,1,826,"H3","3402",8,12182188,12182188,36077331,0
2008,381,2,826,"H3","3402",8,53685128,53685128,91344766,0
2008,381,1,826,"H3","340212",8,78996,78996,760840,0
2008,381,2,826,"H3","340212",8,752040,752040,995881,0
2008,381,1,826,"H3","340220",8,2847431,2847431,8078776,0
2008,381,2,826,"H3","340220",8,34557107,34557107,47682923,0
2008,381,1,826,"H3","340290",8,4010316,4010316,12206100,0
2008,381,2,826,"H3","340290",8,6550065,6550065,16724193,0
2008,381,1,826,"H3","3403",8,3115146,3115146,15014833,0
2008,381,2,826,"H3","3403",8,1086873,1086873,2669289,0
2008,381,1,826,"H3","340311",8,6441,6441,12550,0
2008,381,2,826,"H3","340311",8,11673,11673,57620,0
2008,381,1,826,"H3","340319",8,1176737,1176737,5214602,0
2008,381,2,826,"H3","340319",8,613656,613656,1454052,0
2008,381,1,826,"H3","340391",8,1117816,1117816,3473950,0
2008,381,2,826,"H3","340391",8,110577,110577,208663,0
2008,381,1,826,"H3","340399",8,814152,814152,6313731,0
2008,381,2,826,"H3","340399",8,350967,350967,948955,0
2008,381,1,826,"H3","3404",8,426406,426406,1987841,0
2008,381,2,826,"H3","3404",8,169533,169533,833328,0
2008,381,1,826,"H3","340420",8,7482,7482,24851,0
2008,381,2,826,"H3","340420",8,787,787,14992,0
2008,381,1,826,"H3","340490",8,418924,418924,1962990,0
2008,381,2,826,"H3","340490",8,168746,168746,818336,0
2008,381,1,826,"H3","3405",8,1034141,1034141,9955957,0
2008,381,2,826,"H3","3405",8,642017,642017,3793947,0
2008,381,1,826,"H3","340510",8,17784,17784,303415,0
2008,381,2,826,"H3","340510",8,360675,360675,2431716,0
2008,381,1,826,"H3","340520",8,2796,2796,17385,0
2008,381,2,826,"H3","340520",8,27579,27579,240577,0
2008,381,1,826,"H3","340530",8,87800,87800,594969,0
2008,381,2,826,"H3","340530",8,16057,16057,120927,0
2008,381,1,826,"H3","340540",8,57845,57845,249998,0
2008,381,2,826,"H3","340540",8,56341,56341,192316,0
2008,381,1,826,"H3","340590",8,867916,867916,8790190,0
2008,381,2,826,"H3","340590",8,181365,181365,808411,0
2008,381,2,826,"H3","340219",8,234326,234326,878854,0
2008,381,1,826,"H3","340219",8,666343,666343,2112106,0
2008,381,2,826,"H3","340213",8,8828890,8828890,19510607,0
2008,381,1,826,"H3","340213",8,3618025,3618025,10263902,0
2008,381,2,826,"H3","340211",8,2762700,2762700,5552308,0
2008,381,1,826,"H3","340211",8,961077,961077,2655607,0
2008,381,1,826,"H3","3406",8,402572,402572,2307687,0
2008,381,2,826,"H3","3406",8,799391,799391,2842843,0
2008,381,1,826,"H3","340600",8,402572,402572,2307687,0
2008,381,2,826,"H3","340600",8,799391,799391,2842843,0
2008,381,1,826,"H3","3407",8,51086,51086,897630,0
2008,381,2,826,"H3","3407",8,117259,117259,231389,0
2008,381,1,826,"H3","340700",8,51086,51086,897630,0
2008,381,2,826,"H3","340700",8,117259,117259,231389,0
2008,381,1,826,"H3","35",1,,,35490591,0
2008,381,2,826,"H3","35",1,,,44331474,0
2008,381,1,826,"H3","3501",8,33283,33283,469516,0
2008,381,2,826,"H3","3501",8,53711,53711,241791,0
2008,381,1,826,"H3","350110",8,6275,6275,114514,0
2008,381,2,826,"H3","350110",8,8380,8380,122688,0
2008,381,1,826,"H3","350190",8,27008,27008,355002,0
2008,381,2,826,"H3","350190",8,45331,45331,119104,0
2008,381,1,826,"H3","3502",8,267031,267031,1249645,0
2008,381,2,826,"H3","3502",8,1002429,1002429,9372250,0
2008,381,2,826,"H3","350211",8,924461,924461,9282004,0
2008,381,1,826,"H3","350219",8,24676,24676,127683,0
2008,381,2,826,"H3","350219",8,77968,77968,90246,0
2008,381,1,826,"H3","350220",8,240775,240775,1106309,0
2008,381,1,826,"H3","350290",8,1580,1580,15654,0
2008,381,1,826,"H3","3503",8,92350,92350,596573,0
2008,381,2,826,"H3","3503",8,660050,660050,3380731,0
2008,381,1,826,"H3","350300",8,92350,92350,596573,0
2008,381,2,826,"H3","350300",8,660050,660050,3380731,0
2008,381,1,826,"H3","3504",8,100987,100987,1330835,0
2008,381,2,826,"H3","3504",8,147274,147274,521854,0
2008,381,1,826,"H3","350400",8,100987,100987,1330835,0
2008,381,2,826,"H3","350400",8,147274,147274,521854,0
2008,381,1,826,"H3","3505",8,1287978,1287978,3788774,0
2008,381,2,826,"H3","3505",8,9578435,9578435,7617213,0
2008,381,1,826,"H3","350510",8,1264426,1264426,3745054,0
2008,381,2,826,"H3","350510",8,9557525,9557525,7587509,0
2008,381,1,826,"H3","350520",8,23552,23552,43720,0
2008,381,2,826,"H3","350520",8,20910,20910,29703,0
2008,381,1,826,"H3","3506",8,5251146,5251146,23102785,0
2008,381,2,826,"H3","3506",8,9469866,9469866,19138466,0
2008,381,1,826,"H3","350610",8,661051,661051,5246802,0
2008,381,2,826,"H3","350610",8,95118,95118,319296,0
2008,381,1,826,"H3","350691",8,4413657,4413657,16534537,0
2008,381,2,826,"H3","350691",8,3314599,3314599,10023707,0
2008,381,1,826,"H3","350699",8,176438,176438,1321447,0
2008,381,2,826,"H3","350699",8,6060149,6060149,8795463,0
2008,381,1,826,"H3","3507",8,151202,151202,2647209,0
2008,381,2,826,"H3","3507",8,43278,43278,3972503,0
2008,381,2,826,"H3","350710",8,964,964,11013,0
2008,381,1,826,"H3","350790",8,151202,151202,2647209,0
2008,381,2,826,"H3","350790",8,42314,42314,3961490,0
2008,381,1,826,"H3","36",1,,,11952726,0
2008,381,2,826,"H3","36",1,,,569179,0
2008,381,1,826,"H3","3601",8,193,193,2804,0
2008,381,2,826,"H3","3601",8,23733,23733,415135,0
2008,381,1,826,"H3","360100",8,193,193,2804,0
2008,381,2,826,"H3","360100",8,23733,23733,415135,0
2008,381,1,826,"H3","3602",8,21,21,199161,0
2008,381,1,826,"H3","360200",8,21,21,199161,0
2008,381,1,826,"H3","3603",8,166,166,4399,0
2008,381,2,826,"H3","3603",8,894,894,36037,0
2008,381,1,826,"H3","360300",8,166,166,4399,0
2008,381,2,826,"H3","360300",8,894,894,36037,0
2008,381,1,826,"H3","3604",8,5260,5260,367612,0
2008,381,2,826,"H3","3604",8,4204,4204,113988,0
2008,381,1,826,"H3","360490",8,5260,5260,367612,0
2008,381,2,826,"H3","360490",8,4204,4204,113988,0
2008,381,1,826,"H3","3605",8,487,487,3022,0
2008,381,2,826,"H3","3605",8,2549,2549,3955,0
2008,381,1,826,"H3","360500",8,487,487,3022,0
2008,381,2,826,"H3","360500",8,2549,2549,3955,0
2008,381,1,826,"H3","3606",8,7016529,7016529,10905410,0
2008,381,2,826,"H3","3606",8,9,9,63,0
2008,381,1,826,"H3","360610",8,88204,88204,253038,0
2008,381,1,826,"H3","360690",8,6928325,6928325,10652373,0
2008,381,2,826,"H3","360690",8,9,9,63,0
2008,381,1,826,"H3","37",1,,,68225696,0
2008,381,2,826,"H3","37",1,,,41014759,0
2008,381,1,826,"H3","3701",1,,,49204555,0
2008,381,2,826,"H3","3701",1,,22592,241765,4
2008,381,1,826,"H3","370110",2,426,1022,37490,4
2008,381,2,826,"H3","370110",2,5205,1632,31346,4
2008,381,1,826,"H3","370130",2,4755709,,49122227,0
2008,381,2,826,"H3","370130",2,29686,20224,204246,4
2008,381,1,826,"H3","370191",8,275,275,6020,0
2008,381,1,826,"H3","370199",1,,866,38817,0
2008,381,2,826,"H3","370199",1,,736,6172,0
2008,381,1,826,"H3","3702",1,,24431,956406,4
2008,381,2,826,"H3","3702",1,,56314,1729178,4
2008,381,1,826,"H3","370210",2,508,245,4309,4
2008,381,1,826,"H3","370231",5,42,8,396,6
2008,381,2,826,"H3","370231",5,4940,7999,67465,4
2008,381,1,826,"H3","370232",1,,9615,239061,0
2008,381,1,826,"H3","370239",2,11975,3873,54026,2
2008,381,1,826,"H3","370243",2,308,97,2119,4
2008,381,1,826,"H3","370244",2,360,275,6960,4
2008,381,1,826,"H3","370251",1,,10,2408,4
2008,381,2,826,"H3","370251",1,,2,119,4
2008,381,1,826,"H3","370252",1,,12,725,0
2008,381,1,826,"H3","370253",1,,10,2794,4
2008,381,1,826,"H3","370254",4,38215,831,30965,6
2008,381,2,826,"H3","370254",4,1909364,34573,1115236,6
2008,381,1,826,"H3","370255",4,1396991,4124,234879,4
2008,381,2,826,"H3","370255",4,2953996,7435,476039,4
2008,381,2,826,"H3","370256",1,,6305,70318,0
2008,381,1,826,"H3","370293",1,,2427,139098,4
2008,381,1,826,"H3","370294",4,3027,89,4004,4
2008,381,1,826,"H3","370295",1,,2815,234661,0
2008,381,1,826,"H3","3703",8,38569,38569,783942,0
2008,381,2,826,"H3","3703",8,47649,47649,769624,0
2008,381,1,826,"H3","370310",8,1688,1688,8077,0
2008,381,2,826,"H3","370310",8,15005,15005,72227,0
2008,381,1,826,"H3","370320",8,6291,6291,84857,0
2008,381,2,826,"H3","370320",8,21443,21443,284268,0
2008,381,1,826,"H3","370390",8,30590,30590,691008,0
2008,381,2,826,"H3","370390",8,11201,11201,413129,0
2008,381,1,826,"H3","3704",8,229,229,8400,0
2008,381,2,826,"H3","3704",8,461,461,54309,0
2008,381,1,826,"H3","370400",8,229,229,8400,0
2008,381,2,826,"H3","370400",8,461,461,54309,0
2008,381,1,826,"H3","3705",8,17671,17671,5737380,0
2008,381,2,826,"H3","3705",8,300,300,33547,0
2008,381,1,826,"H3","370510",8,19,19,44805,0
2008,381,2,826,"H3","370510",8,43,43,9383,0
2008,381,1,826,"H3","370590",8,17652,17652,5692575,0
2008,381,2,826,"H3","370590",8,257,257,24164,0
2008,381,1,826,"H3","3706",4,2908256,17735,778120,4
2008,381,2,826,"H3","3706",4,79258498,,35956069,0
2008,381,1,826,"H3","370610",4,2908154,17686,771733,4
2008,381,2,826,"H3","370610",4,79258498,,35956069,0
2008,381,1,826,"H3","370690",4,102,49,6387,4
2008,381,1,826,"H3","3707",8,318310,318310,6848871,0
2008,381,2,826,"H3","3707",8,115189,115189,2186174,0
2008,381,1,826,"H3","370710",8,55485,55485,1061743,0
2008,381,2,826,"H3","370710",8,80730,80730,206754,0
2008,381,1,826,"H3","370790",8,262825,262825,5787129,0
2008,381,2,826,"H3","370790",8,34459,34459,1979420,0
2008,381,1,826,"H3","38",1,,,335139415,0
2008,381,2,826,"H3","38",1,,,178193384,0
2008,381,1,826,"H3","3801",8,1116356,1116356,3817090,0
2008,381,2,826,"H3","3801",8,176692,176692,1653374,0
2008,381,1,826,"H3","380110",8,608306,608306,2358941,0
2008,381,2,826,"H3","380110",8,158269,158269,1625389,0
2008,381,1,826,"H3","380120",8,11534,11534,219700,0
2008,381,2,826,"H3","380120",8,18423,18423,27985,0
2008,381,1,826,"H3","380130",8,489877,489877,978574,0
2008,381,1,826,"H3","380190",8,6639,6639,259876,0
2008,381,1,826,"H3","3802",8,432168,432168,790862,0
2008,381,2,826,"H3","3802",8,296951,296951,785407,0
2008,381,1,826,"H3","380210",8,427244,427244,786061,0
2008,381,2,826,"H3","380210",8,39133,39133,80494,0
2008,381,1,826,"H3","380290",8,4924,4924,4801,0
2008,381,2,826,"H3","380290",8,257818,257818,704913,0
2008,381,1,826,"H3","3803",8,9623,9623,31314,0
2008,381,1,826,"H3","380300",8,9623,9623,31314,0
2008,381,1,826,"H3","3804",8,20000,20000,20125,0
2008,381,1,826,"H3","380400",8,20000,20000,20125,0
2008,381,1,826,"H3","3805",8,485,485,1227,0
2008,381,2,826,"H3","3805",8,4,4,29,0
2008,381,1,826,"H3","380510",8,431,431,536,0
2008,381,1,826,"H3","380590",8,54,54,692,0
2008,381,2,826,"H3","380590",8,4,4,29,0
2008,381,1,826,"H3","3806",8,111180,111180,281793,0
2008,381,2,826,"H3","3806",8,240027,240027,205409,0
2008,381,1,826,"H3","380610",8,6088,6088,21320,0
2008,381,2,826,"H3","380610",8,203085,203085,135586,0
2008,381,1,826,"H3","380620",8,2000,2000,15097,0
2008,381,1,826,"H3","380630",8,86402,86402,204140,0
2008,381,1,826,"H3","380690",8,16690,16690,41236,0
2008,381,2,826,"H3","380690",8,36942,36942,69823,0
2008,381,1,826,"H3","3808",8,4695233,4695233,65361015,0
2008,381,2,826,"H3","3808",8,5220092,5220092,30328255,0
2008,381,1,826,"H3","380850",8,20321,20321,235223,0
2008,381,2,826,"H3","380850",8,2122,2122,7811,0
2008,381,1,826,"H3","380891",8,2294392,2294392,29000555,0
2008,381,2,826,"H3","380891",8,219623,219623,2804013,0
2008,381,1,826,"H3","380892",8,525708,525708,14217669,0
2008,381,2,826,"H3","380892",8,465425,465425,7026773,0
2008,381,1,826,"H3","380893",8,584321,584321,13447542,0
2008,381,2,826,"H3","380893",8,1072627,1072627,13681005,0
2008,381,1,826,"H3","380894",8,194868,194868,2140649,0
2008,381,2,826,"H3","380894",8,176488,176488,427999,0
2008,381,1,826,"H3","380899",8,1075623,1075623,6319378,0
2008,381,2,826,"H3","380899",8,3283807,3283807,6380654,0
2008,381,1,826,"H3","3809",8,2341306,2341306,11712945,0
2008,381,2,826,"H3","3809",8,272482,272482,1162023,0
2008,381,1,826,"H3","380910",8,34800,34800,70657,0
2008,381,2,826,"H3","380910",8,1000,1000,2304,0
2008,381,1,826,"H3","380991",8,1495137,1495137,6650171,0
2008,381,2,826,"H3","380991",8,190207,190207,533694,0
2008,381,1,826,"H3","380992",8,663498,663498,2503101,0
2008,381,2,826,"H3","380992",8,17727,17727,53096,0
2008,381,1,826,"H3","380993",8,147871,147871,2489016,0
2008,381,2,826,"H3","380993",8,63548,63548,572930,0
2008,381,1,826,"H3","3810",8,1253697,1253697,8005218,0
2008,381,2,826,"H3","3810",8,399610,399610,625738,0
2008,381,1,826,"H3","381010",8,221571,221571,3908655,0
2008,381,2,826,"H3","381010",8,110441,110441,267094,0
2008,381,1,826,"H3","381090",8,1032126,1032126,4096563,0
2008,381,2,826,"H3","381090",8,289169,289169,358644,0
2008,381,1,826,"H3","3811",8,5395903,5395903,16462843,0
2008,381,2,826,"H3","3811",8,8492449,8492449,23600833,0
2008,381,1,826,"H3","381111",8,622,622,1778,0
2008,381,2,826,"H3","381111",8,1800,1800,4361,0
2008,381,1,826,"H3","381119",8,33318,33318,133499,0
2008,381,2,826,"H3","381119",8,55,55,330,0
2008,381,1,826,"H3","381121",8,2324654,2324654,6616098,0
2008,381,2,826,"H3","381121",8,8334719,8334719,22992381,0
2008,381,1,826,"H3","381129",8,15516,15516,110172,0
2008,381,2,826,"H3","381129",8,5474,5474,20067,0
2008,381,1,826,"H3","381190",8,3021793,3021793,9601295,0
2008,381,2,826,"H3","381190",8,150401,150401,583693,0
2008,381,1,826,"H3","3812",8,1565344,1565344,7744815,0
2008,381,2,826,"H3","3812",8,3587551,3587551,18881042,0
2008,381,1,826,"H3","381210",8,4382,4382,35511,0
2008,381,2,826,"H3","381210",8,56230,56230,250982,0
2008,381,1,826,"H3","381220",8,7880,7880,98047,0
2008,381,2,826,"H3","381220",8,8148,8148,21343,0
2008,381,1,826,"H3","381230",8,1553082,1553082,7611258,0
2008,381,2,826,"H3","381230",8,3523173,3523173,18608717,0
2008,381,1,826,"H3","3813",8,56213,56213,182333,0
2008,381,2,826,"H3","3813",8,154056,154056,437057,0
2008,381,1,826,"H3","381300",8,56213,56213,182333,0
2008,381,2,826,"H3","381300",8,154056,154056,437057,0
2008,381,1,826,"H3","3814",8,3997237,3997237,4896601,0
2008,381,2,826,"H3","3814",8,246076,246076,847675,0
2008,381,1,826,"H3","381400",8,3997237,3997237,4896601,0
2008,381,2,826,"H3","381400",8,246076,246076,847675,0
2008,381,1,826,"H3","3815",8,1248231,1248231,34178477,0
2008,381,2,826,"H3","3815",8,293579,293579,40706984,0
2008,381,1,826,"H3","381511",8,161182,161182,3696869,0
2008,381,1,826,"H3","381512",8,184265,184265,13257488,0
2008,381,2,826,"H3","381512",8,92212,92212,36268962,0
2008,381,1,826,"H3","381519",8,780783,780783,15599463,0
2008,381,2,826,"H3","381519",8,7949,7949,2911345,0
2008,381,1,826,"H3","381590",8,122001,122001,1624658,0
2008,381,2,826,"H3","381590",8,193418,193418,1526677,0
2008,381,1,826,"H3","3816",8,6999457,6999457,18231121,0
2008,381,2,826,"H3","3816",8,259637,259637,303951,0
2008,381,1,826,"H3","381600",8,6999457,6999457,18231121,0
2008,381,2,826,"H3","381600",8,259637,259637,303951,0
2008,381,1,826,"H3","3817",8,558240,558240,1658866,0
2008,381,1,826,"H3","381700",8,558240,558240,1658866,0
2008,381,1,826,"H3","3818",8,35868,35868,1700525,0
2008,381,2,826,"H3","3818",8,7212,7212,8302720,0
2008,381,1,826,"H3","381800",8,35868,35868,1700525,0
2008,381,2,826,"H3","381800",8,7212,7212,8302720,0
2008,381,1,826,"H3","3819",8,869555,869555,905448,0
2008,381,2,826,"H3","3819",8,52220,52220,151056,0
2008,381,1,826,"H3","381900",8,869555,869555,905448,0
2008,381,2,826,"H3","381900",8,52220,52220,151056,0
2008,381,1,826,"H3","3820",8,1137498,1137498,2111446,0
2008,381,2,826,"H3","3820",8,283409,283409,530493,0
2008,381,1,826,"H3","382000",8,1137498,1137498,2111446,0
2008,381,2,826,"H3","382000",8,283409,283409,530493,0
2008,381,1,826,"H3","3821",8,84950,84950,4657425,0
2008,381,2,826,"H3","3821",8,1740,1740,24377,0
2008,381,1,826,"H3","382100",8,84950,84950,4657425,0
2008,381,2,826,"H3","382100",8,1740,1740,24377,0
2008,381,1,826,"H3","3822",8,538400,538400,44741514,0
2008,381,2,826,"H3","3822",8,316135,316135,20193897,0
2008,381,1,826,"H3","382200",8,538400,538400,44741514,0
2008,381,2,826,"H3","382200",8,316135,316135,20193897,0
2008,381,1,826,"H3","3823",8,11719962,11719962,24385658,0
2008,381,2,826,"H3","3823",8,695719,695719,938162,0
2008,381,1,826,"H3","382311",8,301400,301400,351437,0
2008,381,2,826,"H3","382311",8,44000,44000,62957,0
2008,381,1,826,"H3","382312",8,6028,6028,5662,0
2008,381,2,826,"H3","382312",8,250780,250780,275729,0
2008,381,1,826,"H3","382313",8,96344,96344,140899,0
2008,381,1,826,"H3","382319",8,1842505,1842505,1970460,0
2008,381,2,826,"H3","382319",8,400939,400939,599477,0
2008,381,1,826,"H3","3824",8,19760775,19760775,69149335,0
2008,381,2,826,"H3","3824",8,17909650,17909650,24311663,0
2008,381,1,826,"H3","382410",8,782025,782025,1897893,0
2008,381,2,826,"H3","382410",8,100560,100560,262582,0
2008,381,1,826,"H3","382430",8,32,32,1128,0
2008,381,1,826,"H3","382450",8,25858,25858,19873,0
2008,381,2,826,"H3","382450",8,6659111,6659111,3874741,0
2008,381,2,826,"H3","382460",8,1500,1500,2599,0
2008,381,1,826,"H3","382471",8,948910,948910,4368906,0
2008,381,2,826,"H3","382471",8,63080,63080,186829,0
2008,381,2,826,"H3","382478",8,178240,178240,882093,0
2008,381,1,826,"H3","382479",8,8250,8250,46160,0
2008,381,2,826,"H3","382479",8,801,801,2371,0
2008,381,1,826,"H3","382490",8,17564670,17564670,60688570,0
2008,381,2,826,"H3","382490",8,5210397,5210397,14537590,0
2008,381,1,826,"H3","3825",8,26429,26429,173986,0
2008,381,2,826,"H3","3825",8,18116,18116,2615870,0
2008,381,2,826,"H3","382510",8,492,492,722,0
2008,381,2,826,"H3","382530",8,17,17,279,0
2008,381,2,826,"H3","382549",8,1770,1770,1299,0
2008,381,1,826,"H3","382590",8,25099,25099,168631,0
2008,381,2,826,"H3","382590",8,15837,15837,2613570,0
2008,381,1,826,"H3","39",1,,,633878850,0
2008,381,2,826,"H3","39",1,,,1016895376,0
2008,381,1,826,"H3","3901",8,16376996,16376996,28931603,0
2008,381,2,826,"H3","3901",8,8676363,8676363,14370126,0
2008,381,1,826,"H3","390110",8,11080983,11080983,20521290,0
2008,381,2,826,"H3","390110",8,2417994,2417994,4043398,0
2008,381,1,826,"H3","390130",8,508728,508728,1431347,0
2008,381,2,826,"H3","390130",8,64808,64808,160360,0
2008,381,1,826,"H3","390190",8,193264,193264,531013,0
2008,381,1,826,"H3","3902",8,11694608,11694608,16416942,0
2008,381,2,826,"H3","3902",8,17604934,17604934,30451251,0
2008,381,1,826,"H3","390210",8,9807384,9807384,11473127,0
2008,381,2,826,"H3","390210",8,11220980,11220980,17898386,0
2008,381,1,826,"H3","390220",8,336361,336361,854673,0
2008,381,2,826,"H3","390220",8,420,420,1028,0
2008,381,1,826,"H3","390230",8,1043770,1043770,2093120,0
2008,381,2,826,"H3","390230",8,5574047,5574047,10580017,0
2008,381,1,826,"H3","390290",8,507093,507093,1996023,0
2008,381,2,826,"H3","390290",8,809487,809487,1971820,0
2008,381,1,826,"H3","3903",8,6044627,6044627,13274639,0
2008,381,2,826,"H3","3903",8,1046842,1046842,2433058,0
2008,381,1,826,"H3","390311",8,267498,267498,447203,0
2008,381,2,826,"H3","390311",8,9191,9191,78589,0
2008,381,1,826,"H3","390319",8,2113279,2113279,3603349,0
2008,381,2,826,"H3","390319",8,119873,119873,257326,0
2008,381,1,826,"H3","390320",8,49508,49508,90951,0
2008,381,2,826,"H3","390320",8,164776,164776,348700,0
2008,381,1,826,"H3","390330",8,2268738,2268738,5063504,0
2008,381,2,826,"H3","390330",8,611610,611610,1472795,0
2008,381,1,826,"H3","390390",8,1345604,1345604,4069633,0
2008,381,2,826,"H3","390390",8,141392,141392,275648,0
2008,381,1,826,"H3","3904",8,5082952,5082952,14945425,0
2008,381,2,826,"H3","3904",8,4107959,4107959,24158564,0
2008,381,1,826,"H3","390421",8,210591,210591,485976,0
2008,381,2,826,"H3","390421",8,28464,28464,39119,0
2008,381,1,826,"H3","390422",8,2711055,2711055,7242726,0
2008,381,2,826,"H3","390422",8,565431,565431,860327,0
2008,381,1,826,"H3","390430",8,25202,25202,44974,0
2008,381,1,826,"H3","390440",8,197492,197492,568452,0
2008,381,2,826,"H3","390440",8,2996,2996,19821,0
2008,381,2,826,"H3","390450",8,12000,12000,33111,0
2008,381,1,826,"H3","390461",8,258156,258156,3678860,0
2008,381,2,826,"H3","390461",8,421255,421255,6219015,0
2008,381,1,826,"H3","390469",8,20750,20750,713223,0
2008,381,2,826,"H3","390469",8,224964,224964,12136928,0
2008,381,1,826,"H3","390490",8,5058,5058,40212,0
2008,381,2,826,"H3","390490",8,5534,5534,25774,0
2008,381,1,826,"H3","390512",8,57731,57731,145315,0
2008,381,2,826,"H3","390512",8,423240,423240,549076,0
2008,381,1,826,"H3","390519",8,18795,18795,194516,0
2008,381,2,826,"H3","390519",8,25692,25692,139193,0
2008,381,1,826,"H3","390521",8,8138,8138,35678,0
2008,381,2,826,"H3","390521",8,583336,583336,736638,0
2008,381,1,826,"H3","390529",8,19273,19273,109266,0
2008,381,2,826,"H3","390529",8,79776,79776,274193,0
2008,381,1,826,"H3","390530",8,29569,29569,205601,0
2008,381,2,826,"H3","390530",8,127159,127159,553448,0
2008,381,1,826,"H3","390591",8,1364400,1364400,10243080,0
2008,381,2,826,"H3","390591",8,75,75,317,0
2008,381,1,826,"H3","390599",8,30672,30672,71408,0
2008,381,2,826,"H3","390599",8,312960,312960,1416471,0
2008,381,1,826,"H3","3906",8,9214215,9214215,29353316,0
2008,381,2,826,"H3","3906",8,7455881,7455881,11496315,0
2008,381,1,826,"H3","390610",8,152479,152479,1256181,0
2008,381,1,826,"H3","390690",8,9061736,9061736,28097136,0
2008,381,2,826,"H3","390690",8,7455881,7455881,11496315,0
2008,381,1,826,"H3","3907",8,14141641,14141641,50268663,0
2008,381,2,826,"H3","3907",8,26895230,26895230,86630213,0
2008,381,1,826,"H3","390710",8,234429,234429,451782,0
2008,381,2,826,"H3","390710",8,96019,96019,590515,0
2008,381,1,826,"H3","390730",8,2958966,2958966,18821027,0
2008,381,2,826,"H3","390730",8,1780555,1780555,15798953,0
2008,381,1,826,"H3","390740",8,682915,682915,1184672,0
2008,381,2,826,"H3","390740",8,1922091,1922091,8178071,0
2008,381,1,826,"H3","390750",8,249725,249725,661135,0
2008,381,2,826,"H3","390750",8,1566117,1566117,3756136,0
2008,381,1,826,"H3","390760",8,1470856,1470856,2687380,0
2008,381,2,826,"H3","390760",8,9230098,9230098,14496783,0
2008,381,1,826,"H3","390770",8,667,667,4690,0
2008,381,2,826,"H3","390770",8,15578,15578,69894,0
2008,381,1,826,"H3","390791",8,3182594,3182594,9805155,0
2008,381,2,826,"H3","390791",8,2036444,2036444,9002303,0
2008,381,1,826,"H3","390799",8,3132403,3132403,11540953,0
2008,381,2,826,"H3","390799",8,9638335,9638335,27940992,0
2008,381,1,826,"H3","3908",8,13640752,13640752,39829891,0
2008,381,2,826,"H3","3908",8,8133236,8133236,23161740,0
2008,381,1,826,"H3","390810",8,13071913,13071913,37565629,0
2008,381,2,826,"H3","390810",8,5821019,5821019,18803991,0
2008,381,1,826,"H3","390890",8,568839,568839,2264262,0
2008,381,2,826,"H3","390890",8,2312217,2312217,4357749,0
2008,381,1,826,"H3","3909",8,4629765,4629765,18202511,0
2008,381,2,826,"H3","3909",8,6937028,6937028,21761568,0
2008,381,1,826,"H3","390910",8,359638,359638,649496,0
2008,381,2,826,"H3","390910",8,312320,312320,496106,0
2008,381,1,826,"H3","390920",8,198077,198077,312545,0
2008,381,2,826,"H3","390920",8,554711,554711,1260769,0
2008,381,1,826,"H3","390930",8,235965,235965,730777,0
2008,381,2,826,"H3","390930",8,8333,8333,21945,0
2008,381,1,826,"H3","390940",8,755755,755755,2153984,0
2008,381,2,826,"H3","390940",8,4287141,4287141,9899802,0
2008,381,1,826,"H3","390950",8,3080330,3080330,14355709,0
2008,381,2,826,"H3","390950",8,1774523,1774523,10082946,0
2008,381,2,826,"H3","382440",8,5695961,5695961,4562857,0
2008,381,1,826,"H3","382440",8,153240,153240,630333,0
2008,381,2,826,"H3","390720",8,609993,609993,6796566,0
2008,381,1,826,"H3","390720",8,2229086,2229086,5111868,0
2008,381,2,826,"H3","390410",8,2847315,2847315,4824469,0
2008,381,1,826,"H3","390410",8,1654648,1654648,2171001,0
2008,381,2,826,"H3","3905",8,1552238,1552238,3669336,0
2008,381,1,826,"H3","3905",8,1528578,1528578,11004864,0
2008,381,2,826,"H3","390120",8,6193561,6193561,10166368,0
2008,381,1,826,"H3","390120",8,4594021,4594021,6447952,0
2008,381,1,826,"H3","382482",8,4265,4265,55458,0
2008,381,1,826,"H3","382481",8,273525,273525,1441013,0
2008,381,1,826,"H3","382370",8,9473685,9473685,21917200,0
2008,381,1,826,"H3","382550",8,669,669,3867,0
2008,381,1,826,"H3","382520",8,661,661,1487,0
2008,381,1,826,"H3","3910",8,2661539,2661539,17394704,0
2008,381,2,826,"H3","3910",8,266808,266808,2805082,0
2008,381,1,826,"H3","391000",8,2661539,2661539,17394704,0
2008,381,2,826,"H3","391000",8,266808,266808,2805082,0
2008,381,1,826,"H3","3911",8,986705,986705,4465780,0
2008,381,2,826,"H3","3911",8,399822,399822,2663190,0
2008,381,1,826,"H3","391110",8,109158,109158,351471,0
2008,381,2,826,"H3","391110",8,1407,1407,3497,0
2008,381,1,826,"H3","391190",8,877547,877547,4114309,0
2008,381,2,826,"H3","391190",8,398415,398415,2659693,0
2008,381,1,826,"H3","3912",8,1883198,1883198,10765076,0
2008,381,2,826,"H3","3912",8,85150,85150,479972,0
2008,381,1,826,"H3","391211",8,19107,19107,108927,0
2008,381,1,826,"H3","391212",8,822,822,2967,0
2008,381,2,826,"H3","391212",8,45668,45668,243392,0
2008,381,1,826,"H3","391220",8,1705104,1705104,6669152,0
2008,381,2,826,"H3","391220",8,19584,19584,76435,0
2008,381,1,826,"H3","391231",8,14293,14293,49579,0
2008,381,1,826,"H3","391239",8,123174,123174,3509783,0
2008,381,2,826,"H3","391239",8,18699,18699,158428,0
2008,381,1,826,"H3","391290",8,20698,20698,424669,0
2008,381,2,826,"H3","391290",8,1199,1199,1718,0
2008,381,1,826,"H3","3913",8,516421,516421,6620636,0
2008,381,2,826,"H3","3913",8,482555,482555,2746962,0
2008,381,1,826,"H3","391310",8,393658,393658,5188792,0
2008,381,2,826,"H3","391310",8,51362,51362,449238,0
2008,381,1,826,"H3","391390",8,122763,122763,1431844,0
2008,381,2,826,"H3","391390",8,431193,431193,2297724,0
2008,381,1,826,"H3","3914",8,1669922,1669922,6635554,0
2008,381,2,826,"H3","3914",8,647743,647743,2936516,0
2008,381,1,826,"H3","391400",8,1669922,1669922,6635554,0
2008,381,2,826,"H3","391400",8,647743,647743,2936516,0
2008,381,1,826,"H3","3915",8,4910506,4910506,5029448,0
2008,381,2,826,"H3","3915",8,970970,970970,355771,0
2008,381,1,826,"H3","391510",8,385926,385926,343275,0
2008,381,2,826,"H3","391510",8,36257,36257,13601,0
2008,381,1,826,"H3","391520",8,819120,819120,700343,0
2008,381,1,826,"H3","391530",8,148952,148952,71464,0
2008,381,2,826,"H3","391530",8,144773,144773,215136,0
2008,381,1,826,"H3","391590",8,3556508,3556508,3914367,0
2008,381,2,826,"H3","391590",8,789940,789940,127033,0
2008,381,1,826,"H3","3916",8,214438,214438,1281133,0
2008,381,2,826,"H3","3916",8,1222455,1222455,14294356,0
2008,381,1,826,"H3","391610",8,6851,6851,230320,0
2008,381,2,826,"H3","391610",8,55314,55314,225265,0
2008,381,1,826,"H3","391620",8,14196,14196,156130,0
2008,381,2,826,"H3","391620",8,221334,221334,1122072,0
2008,381,1,826,"H3","391690",8,193391,193391,894683,0
2008,381,2,826,"H3","391690",8,945807,945807,12947019,0
2008,381,1,826,"H3","3917",8,2478625,2478625,38485558,0
2008,381,2,826,"H3","3917",8,5324919,5324919,37025536,0
2008,381,1,826,"H3","391710",8,110041,110041,2816075,0
2008,381,2,826,"H3","391710",8,25301,25301,407673,0
2008,381,1,826,"H3","391721",8,96737,96737,642823,0
2008,381,2,826,"H3","391721",8,405892,405892,2572445,0
2008,381,1,826,"H3","391722",8,76513,76513,1504176,0
2008,381,2,826,"H3","391722",8,46838,46838,349543,0
2008,381,1,826,"H3","391723",8,72109,72109,544965,0
2008,381,2,826,"H3","391723",8,945280,945280,2897876,0
2008,381,1,826,"H3","391729",8,239944,239944,3989179,0
2008,381,2,826,"H3","391729",8,289887,289887,7127310,0
2008,381,1,826,"H3","391731",8,128511,128511,1621935,0
2008,381,2,826,"H3","391731",8,94811,94811,1015956,0
2008,381,1,826,"H3","391732",8,968896,968896,8788912,0
2008,381,2,826,"H3","391732",8,772974,772974,2882123,0
2008,381,1,826,"H3","391733",8,5395,5395,81896,0
2008,381,2,826,"H3","391733",8,2669,2669,22481,0
2008,381,1,826,"H3","391739",8,57956,57956,1338991,0
2008,381,2,826,"H3","391739",8,1989394,1989394,10373431,0
2008,381,1,826,"H3","391740",8,722523,722523,17156605,0
2008,381,2,826,"H3","391740",8,751873,751873,9376698,0
2008,381,1,826,"H3","3918",8,1435869,1435869,3892197,6
2008,381,2,826,"H3","3918",8,816364,816364,2643179,6
2008,381,1,826,"H3","391810",8,1425749,1425749,3867390,6
2008,381,2,826,"H3","391810",8,712138,712138,2216270,6
2008,381,1,826,"H3","391890",8,10120,10120,24807,6
2008,381,2,826,"H3","391890",8,104226,104226,426908,6
2008,381,1,826,"H3","3919",8,1897811,1897811,20021026,0
2008,381,2,826,"H3","3919",8,19287283,19287283,86975312,0
2008,381,1,826,"H3","391910",8,828829,828829,9398244,0
2008,381,2,826,"H3","391910",8,13637521,13637521,59722224,0
2008,381,1,826,"H3","391990",8,1068982,1068982,10622782,0
2008,381,2,826,"H3","391990",8,5649762,5649762,27253088,0
2008,381,1,826,"H3","3920",8,22056100,22056100,117021365,0
2008,381,2,826,"H3","3920",8,77505848,77505848,243904308,0
2008,381,1,826,"H3","392010",8,4484841,4484841,15358227,0
2008,381,2,826,"H3","392010",8,21186912,21186912,52323089,0
2008,381,1,826,"H3","392020",8,1790529,1790529,7993193,0
2008,381,2,826,"H3","392020",8,26767772,26767772,93021611,0
2008,381,1,826,"H3","392030",8,1901113,1901113,4765271,0
2008,381,2,826,"H3","392030",8,483451,483451,1664058,0
2008,381,1,826,"H3","392043",8,1044635,1044635,6315521,0
2008,381,2,826,"H3","392043",8,3686609,3686609,13572618,0
2008,381,1,826,"H3","392049",8,1225382,1225382,4452966,0
2008,381,2,826,"H3","392049",8,16442555,16442555,47079241,0
2008,381,1,826,"H3","392051",8,2065382,2065382,8924540,0
2008,381,2,826,"H3","392051",8,843070,843070,4694940,0
2008,381,1,826,"H3","392059",8,336,336,2878,0
2008,381,2,826,"H3","392059",8,192586,192586,1702908,0
2008,381,1,826,"H3","392061",8,1947673,1947673,9907889,0
2008,381,2,826,"H3","392061",8,302132,302132,2518346,0
2008,381,1,826,"H3","392062",8,4804370,4804370,37284074,0
2008,381,2,826,"H3","392062",8,2725435,2725435,8552498,0
2008,381,1,826,"H3","392063",8,29,29,90,0
2008,381,2,826,"H3","392063",8,119078,119078,820443,0
2008,381,1,826,"H3","392069",8,703006,703006,8325439,0
2008,381,2,826,"H3","392069",8,525285,525285,3609743,0
2008,381,1,826,"H3","392071",8,1778085,1778085,10060516,0
2008,381,2,826,"H3","392071",8,13310,13310,182267,0
2008,381,1,826,"H3","392073",8,38708,38708,484304,0
2008,381,2,826,"H3","392073",8,36356,36356,861356,0
2008,381,1,826,"H3","392079",8,9035,9035,123262,0
2008,381,2,826,"H3","392079",8,125,125,2870,0
2008,381,1,826,"H3","392091",8,1580,1580,38866,0
2008,381,2,826,"H3","392091",8,1339,1339,28339,0
2008,381,1,826,"H3","392092",8,205327,205327,1785130,0
2008,381,2,826,"H3","392092",8,183054,183054,960995,0
2008,381,1,826,"H3","392099",8,56069,56069,1199199,0
2008,381,2,826,"H3","392099",8,3996779,3996779,12308984,0
2008,381,1,826,"H3","3921",8,3511313,3511313,25572668,0
2008,381,2,826,"H3","3921",8,17321566,17321566,86311876,0
2008,381,1,826,"H3","392111",8,51566,51566,436789,0
2008,381,2,826,"H3","392111",8,40473,40473,213453,0
2008,381,1,826,"H3","392112",8,1186163,1186163,4311386,0
2008,381,2,826,"H3","392112",8,27747,27747,418192,0
2008,381,1,826,"H3","392113",8,248480,248480,2436826,0
2008,381,2,826,"H3","392113",8,574054,574054,3148297,0
2008,381,2,826,"H3","392114",8,9489,9489,57031,0
2008,381,1,826,"H3","392119",8,1248394,1248394,13524343,0
2008,381,2,826,"H3","392119",8,1131489,1131489,5548632,0
2008,381,1,826,"H3","392190",8,776710,776710,4863324,0
2008,381,2,826,"H3","392190",8,15538314,15538314,76926272,0
2008,381,1,826,"H3","3922",8,257222,257222,3429777,0
2008,381,2,826,"H3","3922",8,1908396,1908396,20161049,0
2008,381,1,826,"H3","392210",8,6847,6847,96281,0
2008,381,2,826,"H3","392210",8,825368,825368,10177827,0
2008,381,1,826,"H3","392220",8,34170,34170,234997,0
2008,381,2,826,"H3","392220",8,742157,742157,6489975,0
2008,381,1,826,"H3","392290",8,216205,216205,3098499,0
2008,381,2,826,"H3","392290",8,340871,340871,3493247,0
2008,381,1,826,"H3","3923",8,6143034,6143034,43859421,6
2008,381,2,826,"H3","3923",8,32634732,32634732,137686267,6
2008,381,1,826,"H3","392310",8,932086,932086,5319888,0
2008,381,2,826,"H3","392310",8,2791137,2791137,12297443,0
2008,381,1,826,"H3","392321",8,1222733,1222733,10354198,0
2008,381,2,826,"H3","392321",8,1911193,1911193,7668741,0
2008,381,1,826,"H3","392329",8,1041742,1041742,8549061,0
2008,381,2,826,"H3","392329",8,13072731,13072731,30478466,0
2008,381,1,826,"H3","392330",8,1376100,1376100,8815913,6
2008,381,2,826,"H3","392330",8,4313546,4313546,16544043,6
2008,381,1,826,"H3","392340",8,85760,85760,697462,0
2008,381,2,826,"H3","392340",8,522904,522904,1893580,0
2008,381,1,826,"H3","392350",8,1159429,1159429,7650545,0
2008,381,2,826,"H3","392350",8,4895595,4895595,45561723,0
2008,381,1,826,"H3","392390",8,325184,325184,2472353,0
2008,381,2,826,"H3","392390",8,5127626,5127626,23242273,0
2008,381,1,826,"H3","3924",8,451343,451343,7263876,0
2008,381,2,826,"H3","3924",8,5748569,5748569,25066716,0
2008,381,1,826,"H3","392410",8,238369,238369,3377088,0
2008,381,2,826,"H3","392410",8,1870673,1870673,9000801,0
2008,381,1,826,"H3","392490",8,212974,212974,3886787,0
2008,381,2,826,"H3","392490",8,3877896,3877896,16065915,0
2008,381,1,826,"H3","3925",1,,,2414433,0
2008,381,2,826,"H3","3925",1,,953553,5772970,4
2008,381,1,826,"H3","392510",8,2340,2340,25405,0
2008,381,2,826,"H3","392510",8,148247,148247,978690,0
2008,381,1,826,"H3","392520",1,,,56472,0
2008,381,2,826,"H3","392520",8,52425,52425,386809,6
2008,381,1,826,"H3","392530",8,10092,10092,429141,0
2008,381,2,826,"H3","392530",8,28840,28840,509320,0
2008,381,1,826,"H3","392590",8,186953,186953,1903416,0
2008,381,2,826,"H3","392590",8,724041,724041,3898151,0
2008,381,1,826,"H3","3926",8,3629683,3629683,63872749,0
2008,381,2,826,"H3","3926",8,15659366,15659366,105029201,0
2008,381,1,826,"H3","392610",8,207842,207842,1480861,0
2008,381,2,826,"H3","392610",8,59478,59478,350246,0
2008,381,1,826,"H3","392620",8,156464,156464,3877802,0
2008,381,2,826,"H3","392620",8,43244,43244,4909127,0
2008,381,1,826,"H3","392630",8,60947,60947,832151,0
2008,381,2,826,"H3","392630",8,82390,82390,1337258,0
2008,381,1,826,"H3","392640",8,85482,85482,926128,0
2008,381,2,826,"H3","392640",8,47394,47394,780123,0
2008,381,1,826,"H3","392690",8,3118948,3118948,56755807,0
2008,381,2,826,"H3","392690",8,15426860,15426860,97652446,0
2008,381,1,826,"H3","40",1,,,167531646,0
2008,381,2,826,"H3","40",1,,,248420089,0
2008,381,1,826,"H3","4001",8,225925,225925,399040,0
2008,381,2,826,"H3","4001",8,229463,229463,786287,0
2008,381,1,826,"H3","400110",8,2692,2692,20747,0
2008,381,2,826,"H3","400110",8,8150,8150,212552,0
2008,381,2,826,"H3","400122",8,138309,138309,346405,0
2008,381,1,826,"H3","400129",8,217189,217189,301326,0
2008,381,2,826,"H3","400129",8,83004,83004,227329,0
2008,381,1,826,"H3","400130",8,6044,6044,76967,0
2008,381,1,826,"H3","4002",8,21024607,21024607,64124154,0
2008,381,2,826,"H3","4002",8,1899341,1899341,5300849,0
2008,381,1,826,"H3","400211",8,161226,161226,401779,0
2008,381,2,826,"H3","400211",8,137204,137204,202120,0
2008,381,1,826,"H3","400219",8,2243604,2243604,5701700,0
2008,381,2,826,"H3","400219",8,1226597,1226597,3499093,0
2008,381,1,826,"H3","400220",8,8275149,8275149,20455232,0
2008,381,1,826,"H3","400239",8,7805375,7805375,28533013,0
2008,381,2,826,"H3","400239",8,363,363,15425,0
2008,381,1,826,"H3","400241",8,2354,2354,7748,0
2008,381,1,826,"H3","400249",8,13497,13497,79607,0
2008,381,2,826,"H3","400249",8,1957,1957,9316,0
2008,381,1,826,"H3","400251",8,157508,157508,498120,0
2008,381,1,826,"H3","400259",8,1921451,1921451,6877409,0
2008,381,1,826,"H3","400270",8,523,523,1226,0
2008,381,1,826,"H3","400280",8,362273,362273,1011518,0
2008,381,2,826,"H3","400280",8,2433,2433,10329,0
2008,381,1,826,"H3","400291",8,496,496,580,0
2008,381,2,826,"H3","400291",8,231650,231650,362898,0
2008,381,1,826,"H3","400299",8,81151,81151,556221,0
2008,381,2,826,"H3","400299",8,299137,299137,1201668,0
2008,381,1,826,"H3","4003",8,250,250,326,0
2008,381,2,826,"H3","4003",8,10408,10408,12265,0
2008,381,1,826,"H3","400300",8,250,250,326,0
2008,381,2,826,"H3","400300",8,10408,10408,12265,0
2008,381,1,826,"H3","4004",8,1751,1751,997,0
2008,381,2,826,"H3","4004",8,6251,6251,9830,0
2008,381,1,826,"H3","400400",8,1751,1751,997,0
2008,381,2,826,"H3","400400",8,6251,6251,9830,0
2008,381,1,826,"H3","4005",8,529762,529762,3148249,0
2008,381,2,826,"H3","4005",8,7386127,7386127,21147229,0
2008,381,1,826,"H3","400510",8,185159,185159,1683629,0
2008,381,2,826,"H3","400510",8,3167080,3167080,9759810,0
2008,381,1,826,"H3","400520",8,22433,22433,87105,0
2008,381,2,826,"H3","400520",8,60094,60094,195788,0
2008,381,1,826,"H3","400591",8,130127,130127,1190519,0
2008,381,2,826,"H3","400591",8,3193552,3193552,8818421,0
2008,381,1,826,"H3","400599",8,192043,192043,186997,0
2008,381,2,826,"H3","400599",8,965401,965401,2373210,0
2008,381,1,826,"H3","4006",8,72173,72173,1041309,0
2008,381,2,826,"H3","4006",8,1321607,1321607,4695159,0
2008,381,1,826,"H3","400610",8,2395,2395,13497,0
2008,381,2,826,"H3","400610",8,1296589,1296589,4461613,0
2008,381,1,826,"H3","400690",8,69778,69778,1027812,0
2008,381,2,826,"H3","400690",8,25018,25018,233546,0
2008,381,1,826,"H3","4007",8,36,36,188,0
2008,381,2,826,"H3","4007",8,26091,26091,256661,0
2008,381,1,826,"H3","400700",8,36,36,188,0
2008,381,2,826,"H3","400700",8,26091,26091,256661,0
2008,381,1,826,"H3","4008",8,1202417,1202417,6650914,6
2008,381,2,826,"H3","4008",8,1141287,1141287,6856038,6
2008,381,1,826,"H3","400811",8,935533,935533,2670273,0
2008,381,2,826,"H3","400811",8,66697,66697,1275281,0
2008,381,1,826,"H3","400819",8,1258,1258,8105,0
2008,381,2,826,"H3","400819",8,1626,1626,12073,0
2008,381,1,826,"H3","400821",8,241878,241878,2309694,6
2008,381,2,826,"H3","400821",8,1036895,1036895,5126460,6
2008,381,1,826,"H3","400829",8,23748,23748,1662842,0
2008,381,2,826,"H3","400829",8,36069,36069,442225,0
2008,381,1,826,"H3","4009",8,322115,322115,8844780,0
2008,381,2,826,"H3","4009",8,6638360,6638360,46866481,0
2008,381,1,826,"H3","400911",8,10281,10281,273143,0
2008,381,2,826,"H3","400911",8,1190074,1190074,8848521,0
2008,381,1,826,"H3","400912",8,152167,152167,4128235,0
2008,381,2,826,"H3","400912",8,2312,2312,18734,0
2008,381,1,826,"H3","400921",8,11232,11232,556686,0
2008,381,2,826,"H3","400921",8,3266235,3266235,18889763,0
2008,381,1,826,"H3","400922",8,24821,24821,487509,0
2008,381,2,826,"H3","400922",8,154934,154934,1295689,0
2008,381,1,826,"H3","400931",8,37076,37076,1269144,0
2008,381,2,826,"H3","400931",8,1047293,1047293,8679896,0
2008,381,1,826,"H3","400932",8,1398,1398,91873,0
2008,381,2,826,"H3","400932",8,68069,68069,2834424,0
2008,381,1,826,"H3","400941",8,56404,56404,1237064,0
2008,381,2,826,"H3","400941",8,778412,778412,4949578,0
2008,381,1,826,"H3","400942",8,28736,28736,801126,0
2008,381,2,826,"H3","400942",8,131031,131031,1349876,0
2008,381,1,826,"H3","4010",8,292133,292133,8987131,0
2008,381,2,826,"H3","4010",8,501174,501174,20978857,0
2008,381,1,826,"H3","401011",8,12636,12636,335111,0
2008,381,2,826,"H3","401011",8,33141,33141,288304,0
2008,381,1,826,"H3","401012",8,59780,59780,571067,0
2008,381,2,826,"H3","401012",8,77091,77091,432866,0
2008,381,1,826,"H3","401019",8,3694,3694,148542,0
2008,381,2,826,"H3","401019",8,12349,12349,386345,0
2008,381,1,826,"H3","401031",8,10887,10887,270549,0
2008,381,2,826,"H3","401031",8,89850,89850,3255722,0
2008,381,1,826,"H3","401032",8,15537,15537,344492,0
2008,381,2,826,"H3","401032",8,926,926,24161,0
2008,381,1,826,"H3","401033",8,800,800,26062,0
2008,381,2,826,"H3","401033",8,7786,7786,235268,0
2008,381,1,826,"H3","401034",8,8172,8172,128247,0
2008,381,2,826,"H3","401034",8,221,221,6685,0
2008,381,1,826,"H3","401035",8,18961,18961,1263116,0
2008,381,2,826,"H3","401035",8,144270,144270,11225540,0
2008,381,1,826,"H3","401036",8,2918,2918,169188,0
2008,381,2,826,"H3","401036",8,2185,2185,235030,0
2008,381,1,826,"H3","401039",8,158748,158748,5730758,0
2008,381,2,826,"H3","401039",8,133355,133355,4888935,0
2008,381,1,826,"H3","4011",5,700702,10762682,51983135,4
2008,381,2,826,"H3","4011",5,1340281,25861545,95544799,4
2008,381,1,826,"H3","401110",5,654451,9293230,45375461,4
2008,381,2,826,"H3","401110",5,1163569,18302533,63859170,4
2008,381,1,826,"H3","401120",5,5183,429216,1592793,4
2008,381,2,826,"H3","401120",5,59013,3829282,15866889,4
2008,381,1,826,"H3","401130",5,1037,30635,542522,4
2008,381,1,826,"H3","401140",5,32308,661467,3178629,4
2008,381,2,826,"H3","401140",5,6700,83305,334298,4
2008,381,1,826,"H3","401150",5,13,61,242,4
2008,381,2,826,"H3","401150",5,90493,206768,1715444,4
2008,381,1,826,"H3","401161",5,1707,54905,212868,4
2008,381,2,826,"H3","401161",5,63,9858,35975,4
2008,381,2,826,"H3","401162",5,59,10027,53441,4
2008,381,1,826,"H3","401163",5,46,33267,159996,4
2008,381,2,826,"H3","401163",5,354,169209,863335,4
2008,381,1,826,"H3","401169",5,1399,33365,103471,4
2008,381,1,826,"H3","401192",5,2042,120818,411695,4
2008,381,2,826,"H3","401192",5,16118,3149494,12285809,4
2008,381,1,826,"H3","401199",5,2516,105717,405459,4
2008,381,2,826,"H3","401199",5,3912,101069,530437,4
2008,381,1,826,"H3","4012",1,,,1332830,0
2008,381,2,826,"H3","4012",1,,1975154,4732511,4
2008,381,1,826,"H3","401211",5,20,1903,4050,4
2008,381,2,826,"H3","401211",5,12442,169028,490612,4
2008,381,1,826,"H3","401212",5,1623,116045,342360,4
2008,381,2,826,"H3","401212",5,9002,702636,1778600,4
2008,381,1,826,"H3","401213",5,486,,179000,0
2008,381,1,826,"H3","401219",5,23,2898,6841,4
2008,381,2,826,"H3","401219",5,2197,444106,2141834,4
2008,381,1,826,"H3","401220",5,28952,844300,727410,4
2008,381,2,826,"H3","401220",5,3871,644901,267751,4
2008,381,1,826,"H3","401290",8,17440,17440,73170,0
2008,381,2,826,"H3","401290",8,14483,14483,53714,0
2008,381,1,826,"H3","4013",5,5250,55433,179833,4
2008,381,2,826,"H3","4013",5,168563,136721,816639,4
2008,381,1,826,"H3","401310",5,1204,11092,40073,4
2008,381,2,826,"H3","401310",5,61827,91116,531693,4
2008,381,2,826,"H3","401320",5,101245,35184,213884,4
2008,381,1,826,"H3","401390",5,4046,44342,139760,4
2008,381,2,826,"H3","401390",5,5491,10420,71063,4
2008,381,1,826,"H3","4014",8,10543,10543,319428,0
2008,381,2,826,"H3","4014",8,5337,5337,78367,0
2008,381,1,826,"H3","401410",8,342,342,16187,0
2008,381,2,826,"H3","401410",8,55,55,6598,0
2008,381,1,826,"H3","401490",8,10201,10201,303242,0
2008,381,2,826,"H3","401490",8,5282,5282,71769,0
2008,381,1,826,"H3","4015",8,279565,279565,1613394,6
2008,381,2,826,"H3","4015",8,44691,44691,459351,6
2008,381,1,826,"H3","401511",8,22544,22544,120540,6
2008,381,2,826,"H3","401511",8,1749,1749,35329,6
2008,381,1,826,"H3","401519",8,246474,246474,1128249,6
2008,381,2,826,"H3","401519",8,41590,41590,360698,6
2008,381,1,826,"H3","401590",8,10547,10547,364605,0
2008,381,2,826,"H3","401590",8,1352,1352,63324,0
2008,381,1,826,"H3","4016",8,760408,760408,14608671,0
2008,381,2,826,"H3","4016",8,1649622,1649622,35586968,0
2008,381,1,826,"H3","401610",8,31215,31215,423575,0
2008,381,2,826,"H3","401610",8,141119,141119,469706,0
2008,381,1,826,"H3","401691",8,11450,11450,86320,0
2008,381,2,826,"H3","401691",8,48010,48010,192302,0
2008,381,1,826,"H3","401692",8,7337,7337,97245,0
2008,381,2,826,"H3","401692",8,287,287,1962,0
2008,381,1,826,"H3","401693",8,140009,140009,5497938,0
2008,381,2,826,"H3","401693",8,258007,258007,4480371,0
2008,381,1,826,"H3","401694",8,30854,30854,289101,0
2008,381,2,826,"H3","401694",8,607,607,4751,0
2008,381,1,826,"H3","401695",8,1290,1290,86371,0
2008,381,2,826,"H3","401695",8,273,273,10834,0
2008,381,1,826,"H3","401699",8,538253,538253,8128121,0
2008,381,2,826,"H3","401699",8,1201319,1201319,30427042,0
2008,381,1,826,"H3","4017",8,9313,9313,81375,0
2008,381,2,826,"H3","4017",8,24365,24365,1070916,0
2008,381,1,826,"H3","401700",8,9313,9313,81375,0
2008,381,2,826,"H3","401700",8,24365,24365,1070916,0
2008,381,1,826,"H3","41",1,,,123853801,0
2008,381,2,826,"H3","41",1,,,93099536,0
2008,381,1,826,"H3","4101",8,27620043,27620043,60323329,6
2008,381,2,826,"H3","4101",8,213669,213669,460417,6
2008,381,1,826,"H3","410120",8,517992,517992,1950228,6
2008,381,2,826,"H3","410120",8,6740,6740,9730,6
2008,381,1,826,"H3","410150",8,27090571,27090571,58326003,6
2008,381,2,826,"H3","410150",8,144590,144590,305313,6
2008,381,1,826,"H3","410190",8,11480,11480,47099,0
2008,381,2,826,"H3","410190",8,62339,62339,145374,0
2008,381,1,826,"H3","4102",8,403643,403643,2515309,6
2008,381,2,826,"H3","4102",8,13219,13219,35420,6
2008,381,2,826,"H3","410210",8,192,192,477,6
2008,381,1,826,"H3","410221",8,401275,401275,2511697,6
2008,381,2,826,"H3","410221",8,13027,13027,34943,6
2008,381,1,826,"H3","410229",8,2368,2368,3612,6
2008,381,2,826,"H3","4103",8,214,214,8652,6
2008,381,2,826,"H3","410320",8,127,127,8455,6
2008,381,2,826,"H3","410390",8,87,87,197,0
2008,381,1,826,"H3","4104",8,14684012,14684012,50482419,6
2008,381,2,826,"H3","4104",8,1578819,1578819,2198131,6
2008,381,1,826,"H3","410411",8,10921571,10921571,35756100,6
2008,381,2,826,"H3","410411",8,726925,726925,999960,6
2008,381,1,826,"H3","410419",8,3722527,3722527,13946367,6
2008,381,2,826,"H3","410419",8,813653,813653,941461,6
2008,381,1,826,"H3","410441",8,19523,19523,411304,6
2008,381,2,826,"H3","410441",8,34393,34393,200566,6
2008,381,1,826,"H3","410449",8,20392,20392,368649,6
2008,381,2,826,"H3","410449",8,3848,3848,56144,6
2008,381,1,826,"H3","4105",8,1915,1915,54496,6
2008,381,2,826,"H3","4105",8,37329,37329,324059,6
2008,381,1,826,"H3","410510",8,89,89,586,6
2008,381,2,826,"H3","410510",8,32247,32247,140095,6
2008,381,1,826,"H3","410530",8,1825,1825,53910,6
2008,381,2,826,"H3","410530",8,5082,5082,183965,6
2008,381,1,826,"H3","4106",1,,,464461,0
2008,381,2,826,"H3","4106",1,,1000,39354,4
2008,381,1,826,"H3","410621",8,39925,39925,297467,6
2008,381,2,826,"H3","410621",8,3,3,185,6
2008,381,1,826,"H3","410622",8,232,232,5270,6
2008,381,2,826,"H3","410622",8,732,732,8222,6
2008,381,1,826,"H3","410631",1,,,161724,0
2008,381,2,826,"H3","410640",8,61,61,10094,6
2008,381,2,826,"H3","410691",8,199,199,20799,0
2008,381,2,826,"H3","410692",8,4,4,54,6
2008,381,1,826,"H3","4107",8,198593,198593,3774304,6
2008,381,2,826,"H3","4107",8,2831068,2831068,80766586,6
2008,381,1,826,"H3","410711",8,31667,31667,528425,6
2008,381,2,826,"H3","410711",8,35723,35723,1164722,6
2008,381,1,826,"H3","410712",8,45825,45825,743560,6
2008,381,2,826,"H3","410712",8,1978802,1978802,60356744,6
2008,381,1,826,"H3","410719",8,5206,5206,86633,6
2008,381,2,826,"H3","410719",8,182783,182783,4477596,6
2008,381,1,826,"H3","410791",8,16800,16800,88477,0
2008,381,2,826,"H3","410791",8,196853,196853,2807428,6
2008,381,1,826,"H3","410792",8,28380,28380,498495,6
2008,381,2,826,"H3","410792",8,235991,235991,7643254,6
2008,381,1,826,"H3","410799",8,70715,70715,1828716,6
2008,381,2,826,"H3","410799",8,200917,200917,4316842,6
2008,381,1,826,"H3","4112",8,3027,3027,137408,6
2008,381,2,826,"H3","4112",8,9066,9066,643167,6
2008,381,1,826,"H3","411200",8,3027,3027,137408,6
2008,381,2,826,"H3","411200",8,9066,9066,643167,6
2008,381,1,826,"H3","4113",8,4458,4458,110478,6
2008,381,2,826,"H3","4113",8,17075,17075,1670156,6
2008,381,1,826,"H3","411310",8,1751,1751,48984,6
2008,381,2,826,"H3","411310",8,7242,7242,418168,6
2008,381,1,826,"H3","411320",8,2659,2659,48748,6
2008,381,2,826,"H3","411320",8,6209,6209,135404,6
2008,381,1,826,"H3","411330",8,20,20,8982,6
2008,381,2,826,"H3","411330",8,1344,1344,1003660,6
2008,381,1,826,"H3","411390",8,28,28,3765,6
2008,381,2,826,"H3","411390",8,2280,2280,112924,6
2008,381,1,826,"H3","4114",8,13102,13102,387355,6
2008,381,2,826,"H3","4114",8,150535,150535,3626865,6
2008,381,1,826,"H3","411410",8,6488,6488,308178,6
2008,381,2,826,"H3","411410",8,57638,57638,1366593,6
2008,381,1,826,"H3","411420",8,6613,6613,79177,6
2008,381,2,826,"H3","411420",8,92897,92897,2260273,6
2008,381,1,826,"H3","4115",8,2034,2034,19376,0
2008,381,2,826,"H3","4115",8,89208,89208,292532,0
2008,381,1,826,"H3","411510",8,2034,2034,19376,0
2008,381,2,826,"H3","411510",8,84909,84909,250916,0
2008,381,2,826,"H3","411520",8,4299,4299,41616,0
2008,381,1,826,"H3","42",1,,,65123444,0
2008,381,2,826,"H3","42",1,,,372701729,0
2008,381,1,826,"H3","4201",8,20173,20173,459710,0
2008,381,2,826,"H3","4201",8,40616,40616,3063443,0
2008,381,1,826,"H3","420100",8,20173,20173,459710,0
2008,381,2,826,"H3","420100",8,40616,40616,3063443,0
2008,381,1,826,"H3","4202",1,,2713221,46213859,4
2008,381,2,826,"H3","4202",1,,2786250,270651817,4
2008,381,1,826,"H3","420211",5,40636,49426,1456348,6
2008,381,2,826,"H3","420211",5,46177,39181,5109344,6
2008,381,1,826,"H3","420212",5,271166,168981,1552572,6
2008,381,2,826,"H3","420212",5,644720,1013361,12641224,6
2008,381,1,826,"H3","420219",1,,7689,154628,0
2008,381,2,826,"H3","420219",1,,14986,713926,0
2008,381,1,826,"H3","420221",5,35855,177857,10059400,4
2008,381,2,826,"H3","420221",5,706220,607793,135022720,4
2008,381,1,826,"H3","420222",5,383920,1874235,19224654,4
2008,381,2,826,"H3","420222",5,958815,547031,62266100,4
2008,381,1,826,"H3","420229",5,23921,50458,535136,4
2008,381,2,826,"H3","420229",5,61887,44731,2495218,4
2008,381,1,826,"H3","420231",8,15810,15810,2261488,0
2008,381,2,826,"H3","420231",8,81727,81727,24480487,0
2008,381,1,826,"H3","420232",8,94389,94389,4857177,0
2008,381,2,826,"H3","420232",8,114722,114722,10099260,0
2008,381,1,826,"H3","420239",8,6758,6758,159255,0
2008,381,2,826,"H3","420239",8,12697,12697,507172,0
2008,381,1,826,"H3","420291",8,5784,5784,405634,0
2008,381,2,826,"H3","420291",8,48488,48488,9461509,0
2008,381,1,826,"H3","420292",8,228313,228313,4755868,0
2008,381,2,826,"H3","420292",8,190505,190505,6623215,0
2008,381,1,826,"H3","420299",8,33521,33521,791701,0
2008,381,2,826,"H3","420299",8,71028,71028,1231643,0
2008,381,1,826,"H3","4203",8,119574,119574,9260587,6
2008,381,2,826,"H3","4203",8,586429,586429,87193573,6
2008,381,1,826,"H3","420310",8,31769,31769,4678400,0
2008,381,2,826,"H3","420310",8,219964,219964,43895963,0
2008,381,1,826,"H3","420321",8,2500,2500,135794,6
2008,381,2,826,"H3","420321",8,39830,39830,2559240,6
2008,381,1,826,"H3","420329",8,57067,57067,679868,6
2008,381,2,826,"H3","420329",8,20265,20265,3501081,6
2008,381,1,826,"H3","420330",8,21628,21628,2838742,0
2008,381,2,826,"H3","420330",8,298742,298742,35116978,0
2008,381,1,826,"H3","420340",8,6610,6610,927783,0
2008,381,2,826,"H3","420340",8,7628,7628,2120310,0
2008,381,1,826,"H3","4205",8,23953,23953,703641,0
2008,381,2,826,"H3","4205",8,28193,28193,2397077,0
2008,381,1,826,"H3","420500",8,23953,23953,703641,0
2008,381,2,826,"H3","420500",8,28193,28193,2397077,0
2008,381,1,826,"H3","4206",8,154,154,27795,0
2008,381,2,826,"H3","4206",8,1,1,263,0
2008,381,1,826,"H3","420600",8,154,154,27795,0
2008,381,2,826,"H3","420600",8,1,1,263,0
2008,381,1,826,"H3","43",1,,,24176339,0
2008,381,2,826,"H3","43",1,,,22527943,0
2008,381,1,826,"H3","4301",8,38424,38424,8732853,6
2008,381,2,826,"H3","4301",8,750,750,437763,6
2008,381,1,826,"H3","430110",8,15332,15332,4260014,6
2008,381,1,826,"H3","430130",8,6752,6752,1259744,6
2008,381,2,826,"H3","430130",8,541,541,82604,6
2008,381,1,826,"H3","430160",8,14298,14298,1754737,6
2008,381,1,826,"H3","430180",8,2035,2035,1457367,0
2008,381,2,826,"H3","430180",8,209,209,355159,0
2008,381,1,826,"H3","430190",8,7,7,990,0
2008,381,1,826,"H3","4302",8,49359,49359,11520438,6
2008,381,2,826,"H3","4302",8,54159,54159,12102850,6
2008,381,1,826,"H3","430211",8,9704,9704,4711751,6
2008,381,2,826,"H3","430211",8,19320,19320,7959529,6
2008,381,1,826,"H3","430219",8,34387,34387,5075748,6
2008,381,2,826,"H3","430219",8,31132,31132,3444428,6
2008,381,2,826,"H3","430220",8,22,22,5397,0
2008,381,1,826,"H3","430230",8,5267,5267,1732939,6
2008,381,2,826,"H3","430230",8,3685,3685,693496,6
2008,381,1,826,"H3","4303",8,10305,10305,1883862,0
2008,381,2,826,"H3","4303",8,6852,6852,9277859,0
2008,381,1,826,"H3","430310",8,10024,10024,1847722,0
2008,381,2,826,"H3","430310",8,5429,5429,8028869,0
2008,381,1,826,"H3","430390",8,281,281,36141,0
2008,381,2,826,"H3","430390",8,1423,1423,1248990,0
2008,381,1,826,"H3","4304",8,51,51,2411,0
2008,381,2,826,"H3","4304",8,231,231,26046,0
2008,381,1,826,"H3","430400",8,51,51,2411,0
2008,381,2,826,"H3","430400",8,231,231,26046,0
2008,381,1,826,"H3","44",1,,,27228464,0
2008,381,2,826,"H3","44",1,,,128422258,0
2008,381,1,826,"H3","4401",8,28283,28283,6672,0
2008,381,2,826,"H3","4401",8,109741,109741,40427,0
2008,381,1,826,"H3","440110",8,27335,27335,6591,0
2008,381,2,826,"H3","440110",8,888,888,258,0
2008,381,2,826,"H3","440121",8,119,119,313,0
2008,381,2,826,"H3","440122",8,23123,23123,3022,0
2008,381,1,826,"H3","440130",8,948,948,81,0
2008,381,2,826,"H3","440130",8,85611,85611,36834,0
2008,381,1,826,"H3","4402",8,22936,22936,27329,0
2008,381,2,826,"H3","4402",8,86,86,113,0
2008,381,1,826,"H3","440290",8,22936,22936,27329,0
2008,381,2,826,"H3","440290",8,86,86,113,0
2008,381,1,826,"H3","4403",12,811,2129620,527256,4
2008,381,2,826,"H3","4403",12,181,921107,868682,4
2008,381,1,826,"H3","440320",12,27,41040,6368,4
2008,381,2,826,"H3","440349",12,178,918196,867023,4
2008,381,1,826,"H3","440391",12,15,19058,8955,4
2008,381,1,826,"H3","440399",12,769,2069522,511933,4
2008,381,2,826,"H3","440399",12,3,2911,1659,4
2008,381,1,826,"H3","4404",8,29477,29477,49702,0
2008,381,2,826,"H3","4404",8,17,17,51,0
2008,381,1,826,"H3","440410",8,29157,29157,49633,0
2008,381,1,826,"H3","440420",8,320,320,69,0
2008,381,2,826,"H3","440420",8,17,17,51,0
2008,381,1,826,"H3","4407",12,209,160509,107522,6
2008,381,2,826,"H3","4407",12,23293,34860637,41503170,6
2008,381,1,826,"H3","440710",12,182,122970,71597,4
2008,381,2,826,"H3","440710",12,5,119,62,4
2008,381,2,826,"H3","440721",12,423,272666,616976,4
2008,381,1,826,"H3","440722",12,2,2603,3860,4
2008,381,1,826,"H3","440727",12,3,806,2361,2
2008,381,2,826,"H3","440727",12,38,25168,55503,4
2008,381,2,826,"H3","440728",12,240,126747,347565,6
2008,381,2,826,"H3","440729",12,280,227769,603689,6
2008,381,1,826,"H3","440791",12,19,30510,26382,4
2008,381,2,826,"H3","440791",12,16783,29819438,33481434,6
2008,381,2,826,"H3","440792",12,1472,1876629,1322726,4
2008,381,2,826,"H3","440793",12,37,11480,32101,2
2008,381,2,826,"H3","440795",12,2171,461079,1298226,2
2008,381,1,826,"H3","440799",12,3,3620,3321,4
2008,381,2,826,"H3","440799",12,1844,2039541,3744890,6
2008,381,1,826,"H3","4408",8,104424,104424,253409,6
2008,381,2,826,"H3","4408",8,137521,137521,969717,6
2008,381,2,826,"H3","440810",8,301,301,1248,6
2008,381,1,826,"H3","440839",8,41135,41135,96566,6
2008,381,2,826,"H3","440839",8,25481,25481,168651,6
2008,381,1,826,"H3","440890",8,63289,63289,156844,6
2008,381,2,826,"H3","440890",8,111740,111740,799817,6
2008,381,1,826,"H3","4409",8,112517,112517,165931,6
2008,381,2,826,"H3","4409",8,2587330,2587330,20600381,6
2008,381,1,826,"H3","440910",8,107607,107607,94622,6
2008,381,2,826,"H3","440910",8,749182,749182,5472102,6
2008,381,1,826,"H3","440921",8,470,470,1100,0
2008,381,2,826,"H3","440921",8,1155,1155,13339,0
2008,381,1,826,"H3","440929",8,4440,4440,70210,6
2008,381,2,826,"H3","440929",8,1836993,1836993,15114941,6
2008,381,1,826,"H3","4410",8,34622260,34622260,22030929,6
2008,381,2,826,"H3","4410",8,4139344,4139344,3731211,6
2008,381,1,826,"H3","441011",8,25254,25254,14060,6
2008,381,2,826,"H3","441011",8,1624161,1624161,812378,6
2008,381,1,826,"H3","441012",8,24829,24829,13768,6
2008,381,2,826,"H3","441012",8,14164,14164,6334,6
2008,381,2,826,"H3","441019",8,1400878,1400878,1613495,6
2008,381,1,826,"H3","441090",8,34572176,34572176,22003100,6
2008,381,2,826,"H3","441090",8,1100141,1100141,1299004,6
2008,381,1,826,"H3","4411",8,238947,238947,175984,6
2008,381,2,826,"H3","4411",8,1403249,1403249,1088365,6
2008,381,2,826,"H3","441112",8,328359,328359,323457,6
2008,381,1,826,"H3","441113",8,1024,1024,797,6
2008,381,2,826,"H3","441113",8,52342,52342,34609,6
2008,381,1,826,"H3","441114",8,50392,50392,32872,6
2008,381,2,826,"H3","441114",8,720477,720477,374435,6
2008,381,1,826,"H3","441192",8,144042,144042,114859,6
2008,381,2,826,"H3","441192",8,234226,234226,209978,6
2008,381,2,826,"H3","441193",8,11097,11097,16745,6
2008,381,1,826,"H3","441194",8,43489,43489,27456,6
2008,381,2,826,"H3","441194",8,56749,56749,129142,6
2008,381,1,826,"H3","4412",1,,321624,453240,4
2008,381,2,826,"H3","4412",1,,9079956,11028339,4
2008,381,1,826,"H3","441210",12,143,161270,209437,4
2008,381,2,826,"H3","441210",12,1006,616829,897687,4
2008,381,1,826,"H3","441231",12,38,37432,65743,4
2008,381,2,826,"H3","441231",12,3668,2350707,3790244,4
2008,381,2,826,"H3","441232",12,5393,4599683,5009868,4
2008,381,1,826,"H3","441239",12,31,32744,26230,4
2008,381,2,826,"H3","441239",12,1066,1430330,1200910,4
2008,381,2,826,"H3","441294",8,81780,81780,128138,6
2008,381,1,826,"H3","441299",8,90178,90178,151831,6
2008,381,2,826,"H3","441299",8,627,627,1492,6
2008,381,1,826,"H3","4413",8,28333,28333,18802,6
2008,381,2,826,"H3","4413",8,911,911,2621,6
2008,381,1,826,"H3","441300",8,28333,28333,18802,6
2008,381,2,826,"H3","441300",8,911,911,2621,6
2008,381,1,826,"H3","4414",8,3653,3653,19690,0
2008,381,2,826,"H3","4414",8,681660,681660,4391116,0
2008,381,1,826,"H3","441400",8,3653,3653,19690,0
2008,381,2,826,"H3","441400",8,681660,681660,4391116,0
2008,381,1,826,"H3","4415",1,,1151847,1029982,4
2008,381,2,826,"H3","4415",1,,3588012,3203507,4
2008,381,1,826,"H3","441510",1,,93363,380228,0
2008,381,2,826,"H3","441510",5,13206,191587,471618,2
2008,381,1,826,"H3","441520",5,55198,1058484,649754,6
2008,381,2,826,"H3","441520",5,208808,3396425,2731889,6
2008,381,1,826,"H3","4416",8,123000,123000,660874,0
2008,381,2,826,"H3","4416",8,4877,4877,8956,0
2008,381,1,826,"H3","441600",8,123000,123000,660874,0
2008,381,2,826,"H3","441600",8,4877,4877,8956,0
2008,381,1,826,"H3","4417",8,7403,7403,111015,0
2008,381,2,826,"H3","4417",8,99483,99483,1836298,0
2008,381,1,826,"H3","441700",8,7403,7403,111015,0
2008,381,2,826,"H3","441700",8,99483,99483,1836298,0
2008,381,1,826,"H3","4418",8,41197,41197,56058,6
2008,381,2,826,"H3","4418",8,1760741,1760741,11303879,6
2008,381,2,826,"H3","441810",8,29290,29290,370244,6
2008,381,2,826,"H3","441820",8,555645,555645,4876561,6
2008,381,2,826,"H3","441840",8,22538,22538,97348,0
2008,381,2,826,"H3","441850",8,15070,15070,101509,0
2008,381,2,826,"H3","441872",8,750236,750236,2364495,6
2008,381,1,826,"H3","441879",8,869,869,2995,6
2008,381,2,826,"H3","441879",8,30002,30002,111860,6
2008,381,1,826,"H3","441890",8,40328,40328,53063,0
2008,381,2,826,"H3","441890",8,357960,357960,3381863,0
2008,381,1,826,"H3","4419",8,15564,15564,171377,0
2008,381,2,826,"H3","4419",8,120594,120594,1118477,0
2008,381,1,826,"H3","441900",8,15564,15564,171377,0
2008,381,2,826,"H3","441900",8,120594,120594,1118477,0
2008,381,1,826,"H3","4420",8,5791,5791,39475,6
2008,381,2,826,"H3","4420",8,79126,79126,1534729,0
2008,381,1,826,"H3","442010",8,540,540,3809,0
2008,381,2,826,"H3","442010",8,11589,11589,383388,0
2008,381,1,826,"H3","442090",8,5251,5251,35666,6
2008,381,2,826,"H3","442090",8,67537,67537,1151341,0
2008,381,1,826,"H3","4421",8,195918,195918,621453,6
2008,381,2,826,"H3","4421",8,3256261,3256261,16621129,6
2008,381,1,826,"H3","442110",8,3944,3944,14637,6
2008,381,2,826,"H3","442110",8,13281,13281,318170,6
2008,381,1,826,"H3","442190",8,191974,191974,606816,0
2008,381,2,826,"H3","442190",8,3242980,3242980,16302959,0
2008,381,1,826,"H3","45",1,,,58104,0
2008,381,2,826,"H3","45",1,,,130770,0
2008,381,1,826,"H3","4501",8,1024,1024,2423,0
2008,381,1,826,"H3","450190",8,1024,1024,2423,0
2008,381,1,826,"H3","4502",8,1800,1800,25717,0
2008,381,1,826,"H3","450200",8,1800,1800,25717,0
2008,381,1,826,"H3","4503",8,171,171,1451,0
2008,381,2,826,"H3","4503",8,2671,2671,127697,0
2008,381,1,826,"H3","450310",8,135,135,1035,0
2008,381,2,826,"H3","450310",8,1201,1201,88533,0
2008,381,1,826,"H3","450390",8,36,36,416,0
2008,381,2,826,"H3","450390",8,1470,1470,39164,0
2008,381,1,826,"H3","4504",8,24018,24018,28513,0
2008,381,2,826,"H3","4504",8,381,381,3073,0
2008,381,1,826,"H3","450410",8,22655,22655,13527,0
2008,381,2,826,"H3","450410",8,1,1,31,0
2008,381,1,826,"H3","450490",8,1363,1363,14985,0
2008,381,2,826,"H3","450490",8,380,380,3042,0
2008,381,1,826,"H3","46",1,,,273432,0
2008,381,2,826,"H3","46",1,,,363284,0
2008,381,1,826,"H3","4601",8,1041,1041,3625,0
2008,381,2,826,"H3","4601",8,3321,3321,27185,0
2008,381,1,826,"H3","460121",8,883,883,2663,0
2008,381,2,826,"H3","460121",8,444,444,2023,0
2008,381,2,826,"H3","460122",8,50,50,373,0
2008,381,2,826,"H3","460129",8,1660,1660,6494,0
2008,381,2,826,"H3","460194",8,1115,1115,17130,0
2008,381,1,826,"H3","460199",8,158,158,962,0
2008,381,2,826,"H3","460199",8,52,52,1166,0
2008,381,1,826,"H3","4602",8,26648,26648,269807,0
2008,381,2,826,"H3","4602",8,14263,14263,336098,0
2008,381,1,826,"H3","460211",8,5383,5383,49470,0
2008,381,2,826,"H3","460211",8,256,256,6608,0
2008,381,1,826,"H3","460212",8,436,436,3114,0
2008,381,2,826,"H3","460212",8,956,956,12961,0
2008,381,1,826,"H3","460219",8,8691,8691,135506,0
2008,381,2,826,"H3","460219",8,8498,8498,156588,0
2008,381,1,826,"H3","460290",8,12138,12138,81717,0
2008,381,2,826,"H3","460290",8,4553,4553,159940,0
2008,381,1,826,"H3","47",1,,,3473075,0
2008,381,2,826,"H3","47",1,,,485976,0
2008,381,1,826,"H3","4701",8,326731,326731,264338,0
2008,381,2,826,"H3","4701",8,28876,28876,49185,0
2008,381,1,826,"H3","470100",8,326731,326731,264338,0
2008,381,2,826,"H3","470100",8,28876,28876,49185,0
2008,381,1,826,"H3","4702",8,237091,237091,258791,0
2008,381,2,826,"H3","4702",8,1296,1296,6611,0
2008,381,1,826,"H3","470200",8,237091,237091,258791,0
2008,381,2,826,"H3","470200",8,1296,1296,6611,0
2008,381,1,826,"H3","4703",8,1339528,1339528,1050882,0
2008,381,1,826,"H3","470321",8,460528,460528,411781,0
2008,381,1,826,"H3","470329",8,879000,879000,639100,0
2008,381,1,826,"H3","4704",8,17047,17047,8117,0
2008,381,1,826,"H3","470429",8,17047,17047,8117,0
2008,381,2,826,"H3","4706",8,27607,27607,45137,0
2008,381,2,826,"H3","470691",8,24007,24007,30514,0
2008,381,2,826,"H3","470692",8,3600,3600,14623,0
2008,381,1,826,"H3","4707",8,5557906,5557906,1191301,0
2008,381,2,826,"H3","4707",8,755263,755263,385042,0
2008,381,1,826,"H3","470710",8,3621175,3621175,552402,0
2008,381,1,826,"H3","470720",8,692035,692035,292410,0
2008,381,2,826,"H3","470720",8,4780,4780,174255,0
2008,381,1,826,"H3","470730",8,25673,25673,28536,0
2008,381,2,826,"H3","470730",8,750483,750483,210787,0
2008,381,1,826,"H3","470790",8,1219023,1219023,317953,0
2008,381,1,826,"H3","48",1,,,142530831,0
2008,381,2,826,"H3","48",1,,,437243866,0
2008,381,1,826,"H3","4801",8,73478,73478,43548,0
2008,381,2,826,"H3","4801",8,213,213,139,0
2008,381,1,826,"H3","480100",8,73478,73478,43548,0
2008,381,2,826,"H3","480100",8,213,213,139,0
2008,381,1,826,"H3","4802",8,1783556,1783556,3116233,0
2008,381,2,826,"H3","4802",8,10915183,10915183,18678533,0
2008,381,1,826,"H3","480210",8,42566,42566,58726,0
2008,381,2,826,"H3","480210",8,1833,1833,8278,0
2008,381,1,826,"H3","480220",8,261,261,364,0
2008,381,2,826,"H3","480220",8,34544,34544,187923,0
2008,381,1,826,"H3","480240",8,59836,59836,177738,0
2008,381,2,826,"H3","480240",8,27451,27451,90110,0
2008,381,1,826,"H3","480254",8,4067,4067,34097,0
2008,381,2,826,"H3","480254",8,541098,541098,993471,0
2008,381,1,826,"H3","480255",8,144267,144267,411226,0
2008,381,2,826,"H3","480255",8,3837839,3837839,6144570,0
2008,381,1,826,"H3","480256",8,57322,57322,184641,0
2008,381,2,826,"H3","480256",8,1122650,1122650,1852673,0
2008,381,1,826,"H3","480257",8,64060,64060,160080,0
2008,381,2,826,"H3","480257",8,203996,203996,363938,0
2008,381,1,826,"H3","480258",8,941009,941009,1616780,0
2008,381,2,826,"H3","480258",8,4940940,4940940,8633254,0
2008,381,1,826,"H3","480261",8,439189,439189,418276,0
2008,381,2,826,"H3","480261",8,41188,41188,142702,0
2008,381,1,826,"H3","480262",8,27081,27081,49307,0
2008,381,1,826,"H3","480269",8,3898,3898,4998,0
2008,381,2,826,"H3","480269",8,163644,163644,261615,0
2008,381,1,826,"H3","4803",8,123325,123325,355704,0
2008,381,2,826,"H3","4803",8,3809576,3809576,6328231,0
2008,381,1,826,"H3","480300",8,123325,123325,355704,0
2008,381,2,826,"H3","480300",8,3809576,3809576,6328231,0
2008,381,1,826,"H3","4804",8,848346,848346,1508286,0
2008,381,2,826,"H3","4804",8,967215,967215,1240003,0
2008,381,1,826,"H3","480411",8,65159,65159,43086,0
2008,381,2,826,"H3","480411",8,7307,7307,15164,0
2008,381,1,826,"H3","480419",8,144000,144000,119461,0
2008,381,1,826,"H3","480421",8,25398,25398,4317,0
2008,381,2,826,"H3","480421",8,630630,630630,642843,0
2008,381,1,826,"H3","480431",8,3569,3569,9943,0
2008,381,2,826,"H3","480431",8,91108,91108,211771,0
2008,381,1,826,"H3","480439",8,594952,594952,1249833,0
2008,381,2,826,"H3","480439",8,12208,12208,48355,0
2008,381,2,826,"H3","480442",8,147263,147263,197705,0
2008,381,2,826,"H3","480449",8,12254,12254,32164,0
2008,381,2,826,"H3","480451",8,3535,3535,12004,0
2008,381,1,826,"H3","480452",8,13715,13715,79914,0
2008,381,2,826,"H3","480452",8,62910,62910,79997,0
2008,381,1,826,"H3","480459",8,1553,1553,1733,0
2008,381,1,826,"H3","4805",8,1529602,1529602,1768959,0
2008,381,2,826,"H3","4805",8,3548293,3548293,3204507,0
2008,381,1,826,"H3","480519",8,24555,24555,13881,0
2008,381,1,826,"H3","480524",8,1663,1663,3540,0
2008,381,2,826,"H3","480525",8,1063959,1063959,1454776,0
2008,381,1,826,"H3","480530",8,456,456,605,0
2008,381,2,826,"H3","480530",8,52148,52148,154367,0
2008,381,1,826,"H3","480540",8,20351,20351,360257,0
2008,381,2,826,"H3","480540",8,2116,2116,28060,0
2008,381,2,826,"H3","480550",8,680603,680603,564737,0
2008,381,1,826,"H3","480591",8,666995,666995,687148,0
2008,381,2,826,"H3","480591",8,32083,32083,22581,0
2008,381,1,826,"H3","480592",8,730274,730274,598153,0
2008,381,2,826,"H3","480592",8,209165,209165,139300,0
2008,381,1,826,"H3","480593",8,85308,85308,105375,0
2008,381,2,826,"H3","480593",8,1508219,1508219,840685,0
2008,381,1,826,"H3","4806",8,283103,283103,982047,0
2008,381,2,826,"H3","4806",8,12034270,12034270,18824674,0
2008,381,1,826,"H3","480610",8,11858,11858,62592,0
2008,381,2,826,"H3","480610",8,77,77,157,0
2008,381,1,826,"H3","480620",8,54380,54380,170074,0
2008,381,2,826,"H3","480620",8,48242,48242,155329,0
2008,381,1,826,"H3","480630",8,209605,209605,734741,0
2008,381,2,826,"H3","480630",8,53070,53070,239874,0
2008,381,1,826,"H3","480640",8,7260,7260,14639,0
2008,381,2,826,"H3","480640",8,11932881,11932881,18429314,0
2008,381,1,826,"H3","4807",8,104914,104914,212483,0
2008,381,2,826,"H3","4807",8,2597817,2597817,2136622,0
2008,381,1,826,"H3","480700",8,104914,104914,212483,0
2008,381,2,826,"H3","480700",8,2597817,2597817,2136622,0
2008,381,1,826,"H3","4808",8,300525,300525,1026891,0
2008,381,2,826,"H3","4808",8,122130,122130,281282,0
2008,381,1,826,"H3","480810",8,1733,1733,8130,0
2008,381,2,826,"H3","480810",8,17270,17270,26789,0
2008,381,1,826,"H3","480830",8,198782,198782,752333,0
2008,381,2,826,"H3","480830",8,3144,3144,7269,0
2008,381,1,826,"H3","480890",8,100010,100010,266429,0
2008,381,2,826,"H3","480890",8,101716,101716,247224,0
2008,381,1,826,"H3","4809",8,2765,2765,4778,0
2008,381,2,826,"H3","4809",8,192,192,526,0
2008,381,2,826,"H3","480920",8,191,191,523,0
2008,381,1,826,"H3","480990",8,2765,2765,4778,0
2008,381,2,826,"H3","480990",8,1,1,3,0
2008,381,1,826,"H3","4810",8,7609192,7609192,11413630,0
2008,381,2,826,"H3","4810",8,128902921,128902921,141351591,0
2008,381,1,826,"H3","481013",8,216874,216874,959207,0
2008,381,2,826,"H3","481013",8,29991694,29991694,27457745,0
2008,381,1,826,"H3","481014",8,28613,28613,40368,0
2008,381,2,826,"H3","481014",8,6194193,6194193,6979155,0
2008,381,1,826,"H3","481019",8,1904742,1904742,3101713,0
2008,381,2,826,"H3","481019",8,73689110,73689110,82239345,0
2008,381,1,826,"H3","481022",8,993801,993801,706635,0
2008,381,2,826,"H3","481022",8,6091233,6091233,5164028,0
2008,381,1,826,"H3","481029",8,440462,440462,705416,0
2008,381,2,826,"H3","481029",8,1608055,1608055,1694237,0
2008,381,2,826,"H3","481031",8,1896364,1896364,3388292,0
2008,381,1,826,"H3","481032",8,2995,2995,1953,0
2008,381,2,826,"H3","481032",8,163119,163119,632381,0
2008,381,1,826,"H3","481039",8,52729,52729,190676,0
2008,381,2,826,"H3","481039",8,1270,1270,577,0
2008,381,1,826,"H3","481092",8,3909156,3909156,5592858,0
2008,381,2,826,"H3","481092",8,7452387,7452387,5620622,0
2008,381,1,826,"H3","481099",8,59820,59820,114803,0
2008,381,2,826,"H3","481099",8,1815496,1815496,8175208,0
2008,381,1,826,"H3","4811",8,8420932,8420932,29605201,0
2008,381,2,826,"H3","4811",8,11401756,11401756,32597033,0
2008,381,1,826,"H3","481110",8,1347,1347,1618,0
2008,381,2,826,"H3","481110",8,1147592,1147592,1038141,0
2008,381,1,826,"H3","481141",8,6300386,6300386,17449646,0
2008,381,2,826,"H3","481141",8,4408719,4408719,16357864,0
2008,381,1,826,"H3","481149",8,99586,99586,833333,0
2008,381,2,826,"H3","481149",8,42738,42738,429168,0
2008,381,1,826,"H3","481151",8,135073,135073,629734,0
2008,381,2,826,"H3","481151",8,1506,1506,5468,0
2008,381,1,826,"H3","481160",8,137495,137495,387186,0
2008,381,2,826,"H3","481160",8,189901,189901,815696,0
2008,381,1,826,"H3","481190",8,714304,714304,6144285,0
2008,381,2,826,"H3","481190",8,509627,509627,2864226,0
2008,381,1,826,"H3","4812",8,193738,193738,876620,0
2008,381,2,826,"H3","4812",8,500,500,308,0
2008,381,1,826,"H3","481200",8,193738,193738,876620,0
2008,381,2,826,"H3","481200",8,500,500,308,0
2008,381,1,826,"H3","4813",8,148977,148977,3017251,0
2008,381,2,826,"H3","4813",8,39919,39919,1900978,0
2008,381,1,826,"H3","481320",8,49015,49015,165868,0
2008,381,2,826,"H3","481320",8,4070,4070,17453,0
2008,381,1,826,"H3","481390",8,16396,16396,262843,0
2008,381,2,826,"H3","481390",8,26753,26753,1301788,0
2008,381,1,826,"H3","4814",8,108806,108806,1830197,0
2008,381,2,826,"H3","4814",8,2486181,2486181,11957290,0
2008,381,1,826,"H3","481410",8,4329,4329,37831,0
2008,381,1,826,"H3","481420",8,40490,40490,614614,0
2008,381,2,826,"H3","481420",8,626237,626237,3602506,0
2008,381,1,826,"H3","481490",8,63987,63987,1177753,0
2008,381,2,826,"H3","481490",8,1859944,1859944,8354784,0
2008,381,1,826,"H3","4816",8,31967,31967,1457095,0
2008,381,2,826,"H3","4816",8,28297,28297,102842,0
2008,381,2,826,"H3","481620",8,21834,21834,82645,0
2008,381,1,826,"H3","481690",8,31967,31967,1457095,0
2008,381,2,826,"H3","481690",8,6463,6463,20197,0
2008,381,1,826,"H3","481710",8,22903,22903,144221,0
2008,381,2,826,"H3","481710",8,773179,773179,2920029,0
2008,381,1,826,"H3","481720",8,58985,58985,1363327,0
2008,381,2,826,"H3","481720",8,8010,8010,173957,0
2008,381,1,826,"H3","481730",8,80755,80755,587532,0
2008,381,2,826,"H3","481730",8,5439,5439,75229,0
2008,381,1,826,"H3","4818",8,11465147,11465147,41673666,0
2008,381,2,826,"H3","4818",8,13942769,13942769,40459395,0
2008,381,1,826,"H3","481810",8,338996,338996,829934,0
2008,381,2,826,"H3","481810",8,1822360,1822360,3449194,0
2008,381,1,826,"H3","481820",8,438494,438494,1448756,0
2008,381,2,826,"H3","481820",8,8623528,8623528,23444422,0
2008,381,1,826,"H3","481830",8,6168,6168,42034,0
2008,381,2,826,"H3","481830",8,1302495,1302495,3174161,0
2008,381,1,826,"H3","481840",8,9892012,9892012,36383548,0
2008,381,2,826,"H3","481840",8,1106675,1106675,7868389,0
2008,381,1,826,"H3","481850",8,2269,2269,34584,0
2008,381,2,826,"H3","481850",8,1239,1239,6807,0
2008,381,1,826,"H3","481890",8,787208,787208,2934810,0
2008,381,2,826,"H3","481890",8,1086472,1086472,2516423,0
2008,381,1,826,"H3","4819",8,1195490,1195490,5314047,0
2008,381,2,826,"H3","4819",8,24430546,24430546,67112041,0
2008,381,1,826,"H3","481910",8,532291,532291,1597537,0
2008,381,2,826,"H3","481910",8,9352798,9352798,14507259,0
2008,381,1,826,"H3","481920",8,236245,236245,1265697,0
2008,381,2,826,"H3","481920",8,4676034,4676034,16700827,0
2008,381,1,826,"H3","481930",8,110054,110054,142009,0
2008,381,2,826,"H3","481930",8,2058030,2058030,4348113,0
2008,381,1,826,"H3","481940",8,244899,244899,1724339,0
2008,381,2,826,"H3","481940",8,7319298,7319298,23719790,0
2008,381,1,826,"H3","481950",8,60884,60884,412466,0
2008,381,2,826,"H3","481950",8,816713,816713,7073403,0
2008,381,2,826,"H3","481159",8,5101673,5101673,11086471,0
2008,381,1,826,"H3","481159",8,1032741,1032741,4159399,0
2008,381,2,826,"H3","4817",8,786628,786628,3169216,0
2008,381,1,826,"H3","4817",8,162643,162643,2095080,0
2008,381,2,826,"H3","481310",8,9096,9096,581738,0
2008,381,1,826,"H3","481310",8,83566,83566,2588540,0
2008,381,1,826,"H3","481960",8,11117,11117,171999,0
2008,381,2,826,"H3","481960",8,207673,207673,762650,0
2008,381,1,826,"H3","4820",8,313929,313929,3488287,0
2008,381,2,826,"H3","4820",8,2720825,2720825,20060581,0
2008,381,1,826,"H3","482010",8,212254,212254,2289867,0
2008,381,2,826,"H3","482010",8,1831380,1831380,13231640,0
2008,381,1,826,"H3","482020",8,3064,3064,66703,0
2008,381,2,826,"H3","482020",8,10164,10164,311691,0
2008,381,1,826,"H3","482030",8,63842,63842,268660,0
2008,381,2,826,"H3","482030",8,16361,16361,89036,0
2008,381,1,826,"H3","482040",8,758,758,4403,0
2008,381,2,826,"H3","482040",8,293821,293821,756097,0
2008,381,1,826,"H3","482050",8,26860,26860,820689,0
2008,381,2,826,"H3","482050",8,511393,511393,4349934,0
2008,381,1,826,"H3","482090",8,7151,7151,37963,0
2008,381,2,826,"H3","482090",8,57706,57706,1322183,0
2008,381,1,826,"H3","4821",8,974250,974250,15127018,0
2008,381,2,826,"H3","4821",8,1267499,1267499,34003759,0
2008,381,1,826,"H3","482110",8,674175,674175,12045964,0
2008,381,2,826,"H3","482110",8,1145545,1145545,32298462,0
2008,381,1,826,"H3","482190",8,300075,300075,3081054,0
2008,381,2,826,"H3","482190",8,121954,121954,1705297,0
2008,381,1,826,"H3","4822",8,25721,25721,65984,0
2008,381,2,826,"H3","4822",8,13834,13834,24073,0
2008,381,2,826,"H3","482210",8,520,520,1545,0
2008,381,1,826,"H3","482290",8,25721,25721,65984,0
2008,381,2,826,"H3","482290",8,13314,13314,22528,0
2008,381,1,826,"H3","4823",8,1187317,1187317,10975033,0
2008,381,2,826,"H3","4823",8,6588411,6588411,31006632,0
2008,381,1,826,"H3","482320",8,467569,467569,5484371,0
2008,381,2,826,"H3","482320",8,3795480,3795480,14700425,0
2008,381,1,826,"H3","482340",8,1697,1697,21158,0
2008,381,2,826,"H3","482340",8,101362,101362,715579,0
2008,381,1,826,"H3","482361",8,238,238,953,0
2008,381,2,826,"H3","482361",8,4315,4315,14706,0
2008,381,1,826,"H3","482369",8,386100,386100,2871668,0
2008,381,2,826,"H3","482369",8,1763897,1763897,11334637,0
2008,381,1,826,"H3","482370",8,131895,131895,1124626,0
2008,381,2,826,"H3","482370",8,49913,49913,474841,0
2008,381,1,826,"H3","482390",8,199818,199818,1472257,0
2008,381,2,826,"H3","482390",8,873444,873444,3766445,0
2008,381,1,826,"H3","49",1,,,149556327,0
2008,381,2,826,"H3","49",1,,,256872773,0
2008,381,1,826,"H3","4901",8,3479640,3479640,75601916,0
2008,381,2,826,"H3","4901",8,32613480,32613480,119390843,0
2008,381,1,826,"H3","490110",8,129391,129391,13488246,0
2008,381,2,826,"H3","490110",8,4476994,4476994,12178979,0
2008,381,1,826,"H3","490191",8,87694,87694,1458317,0
2008,381,2,826,"H3","490191",8,1168729,1168729,3489753,0
2008,381,1,826,"H3","490199",8,3262555,3262555,60655353,0
2008,381,2,826,"H3","490199",8,26967757,26967757,103722111,0
2008,381,1,826,"H3","4902",8,1499652,1499652,40725013,0
2008,381,2,826,"H3","4902",8,5397035,5397035,14987713,0
2008,381,1,826,"H3","490210",8,92938,92938,1499018,0
2008,381,2,826,"H3","490210",8,15316,15316,105084,0
2008,381,1,826,"H3","490290",8,1406714,1406714,39225994,0
2008,381,2,826,"H3","490290",8,5381719,5381719,14882629,0
2008,381,1,826,"H3","4903",8,15362,15362,157425,0
2008,381,2,826,"H3","4903",8,3325505,3325505,14369709,0
2008,381,1,826,"H3","490300",8,15362,15362,157425,0
2008,381,2,826,"H3","490300",8,3325505,3325505,14369709,0
2008,381,1,826,"H3","4904",8,15011,15011,960272,0
2008,381,2,826,"H3","4904",8,11186,11186,500668,0
2008,381,1,826,"H3","490400",8,15011,15011,960272,0
2008,381,2,826,"H3","490400",8,11186,11186,500668,0
2008,381,1,826,"H3","4905",8,42351,42351,3167409,0
2008,381,2,826,"H3","4905",8,125758,125758,1541105,0
2008,381,1,826,"H3","490510",8,1957,1957,14285,0
2008,381,2,826,"H3","490510",8,36518,36518,583069,0
2008,381,1,826,"H3","490591",8,24450,24450,414126,0
2008,381,2,826,"H3","490591",8,29107,29107,220317,0
2008,381,1,826,"H3","490599",8,15944,15944,2738998,0
2008,381,2,826,"H3","490599",8,60133,60133,737718,0
2008,381,2,826,"H3","4907",8,9,9,418,0
2008,381,2,826,"H3","490700",8,9,9,418,0
2008,381,1,826,"H3","4908",8,89802,89802,1640348,0
2008,381,2,826,"H3","4908",8,50830,50830,2338830,0
2008,381,1,826,"H3","490810",8,82920,82920,1199692,0
2008,381,2,826,"H3","490810",8,9585,9585,621955,0
2008,381,1,826,"H3","490890",8,6882,6882,440655,0
2008,381,2,826,"H3","490890",8,41245,41245,1716875,0
2008,381,1,826,"H3","4909",8,17666,17666,514379,0
2008,381,2,826,"H3","4909",8,95923,95923,1398600,0
2008,381,1,826,"H3","490900",8,17666,17666,514379,0
2008,381,2,826,"H3","490900",8,95923,95923,1398600,0
2008,381,1,826,"H3","4910",8,44450,44450,652013,0
2008,381,2,826,"H3","4910",8,752428,752428,3334152,0
2008,381,1,826,"H3","491000",8,44450,44450,652013,0
2008,381,2,826,"H3","491000",8,752428,752428,3334152,0
2008,381,1,826,"H3","4911",8,1183121,1183121,14698689,0
2008,381,2,826,"H3","4911",8,36760714,36760714,96601779,0
2008,381,1,826,"H3","491110",8,582644,582644,5422148,0
2008,381,2,826,"H3","491110",8,32439316,32439316,70453996,0
2008,381,1,826,"H3","491191",8,211573,211573,3000095,0
2008,381,2,826,"H3","491191",8,70551,70551,968218,0
2008,381,1,826,"H3","491199",8,388904,388904,6276446,0
2008,381,2,826,"H3","491199",8,4250847,4250847,25179565,0
2008,381,1,826,"H3","50",1,,,10103324,0
2008,381,2,826,"H3","50",1,,,23643018,0
2008,381,1,826,"H3","5001",8,944,944,8161,0
2008,381,1,826,"H3","500100",8,944,944,8161,0
2008,381,2,826,"H3","5002",8,18,18,959,0
2008,381,2,826,"H3","500200",8,18,18,959,0
2008,381,1,826,"H3","5003",8,38277,38277,900505,0
2008,381,2,826,"H3","5003",8,305,305,4565,0
2008,381,1,826,"H3","500300",8,38277,38277,900505,0
2008,381,2,826,"H3","500300",8,305,305,4565,0
2008,381,2,826,"H3","5004",8,103095,103095,5593013,0
2008,381,2,826,"H3","500400",8,103095,103095,5593013,0
2008,381,2,826,"H3","5005",8,27081,27081,1159737,0
2008,381,2,826,"H3","500500",8,27081,27081,1159737,0
2008,381,1,826,"H3","5006",8,123,123,19003,0
2008,381,2,826,"H3","5006",8,4505,4505,136373,0
2008,381,1,826,"H3","500600",8,123,123,19003,0
2008,381,2,826,"H3","500600",8,4505,4505,136373,0
2008,381,1,826,"H3","5007",8,137146,137146,8543711,6
2008,381,2,826,"H3","5007",8,92493,92493,16192646,6
2008,381,1,826,"H3","500710",8,2586,2586,156460,6
2008,381,2,826,"H3","500710",8,2811,2811,302189,6
2008,381,1,826,"H3","500720",8,99421,99421,6677644,6
2008,381,2,826,"H3","500720",8,64783,64783,11854946,6
2008,381,1,826,"H3","500790",8,35139,35139,1709606,6
2008,381,2,826,"H3","500790",8,24900,24900,4035511,6
2008,381,1,826,"H3","51",1,,,94967899,0
2008,381,2,826,"H3","51",1,,,101711209,0
2008,381,1,826,"H3","5101",8,972267,972267,3510078,0
2008,381,2,826,"H3","5101",8,965239,965239,1554310,0
2008,381,1,826,"H3","510111",8,132451,132451,349793,0
2008,381,2,826,"H3","510111",8,886578,886578,1415712,0
2008,381,1,826,"H3","510119",8,1643,1643,4706,0
2008,381,2,826,"H3","510119",8,12,12,51,0
2008,381,1,826,"H3","510121",8,566372,566372,2145885,0
2008,381,2,826,"H3","510121",8,72962,72962,87282,0
2008,381,1,826,"H3","510129",8,266522,266522,986754,0
2008,381,2,826,"H3","510129",8,690,690,3599,0
2008,381,1,826,"H3","510130",8,5279,5279,22941,0
2008,381,2,826,"H3","510130",8,4997,4997,47667,0
2008,381,1,826,"H3","5102",8,177858,177858,6766934,0
2008,381,2,826,"H3","5102",8,78373,78373,6191566,0
2008,381,1,826,"H3","510211",8,86344,86344,5463523,0
2008,381,2,826,"H3","510211",8,71310,71310,6152987,0
2008,381,1,826,"H3","510219",8,91514,91514,1303412,0
2008,381,2,826,"H3","510219",8,7063,7063,38579,0
2008,381,1,826,"H3","5103",8,1492187,1492187,6152011,0
2008,381,2,826,"H3","5103",8,75948,75948,125439,0
2008,381,1,826,"H3","510310",8,823983,823983,3087496,0
2008,381,2,826,"H3","510310",8,11326,11326,46347,0
2008,381,1,826,"H3","510320",8,664634,664634,3047869,0
2008,381,2,826,"H3","510320",8,64622,64622,79092,0
2008,381,1,826,"H3","510330",8,3570,3570,16646,0
2008,381,1,826,"H3","5104",8,134,134,1110,0
2008,381,1,826,"H3","510400",8,134,134,1110,0
2008,381,1,826,"H3","5105",8,1165209,1165209,12568565,0
2008,381,2,826,"H3","5105",8,284513,284513,3600875,0
2008,381,1,826,"H3","510510",8,9356,9356,62928,0
2008,381,2,826,"H3","510510",8,25427,25427,354583,0
2008,381,1,826,"H3","510521",8,41414,41414,306409,0
2008,381,2,826,"H3","510521",8,65571,65571,461755,0
2008,381,1,826,"H3","510529",8,863306,863306,7512484,0
2008,381,2,826,"H3","510529",8,191538,191538,2677999,0
2008,381,1,826,"H3","510531",8,7153,7153,739676,0
2008,381,2,826,"H3","510531",8,780,780,78659,0
2008,381,1,826,"H3","510539",8,243980,243980,3947068,0
2008,381,2,826,"H3","510539",8,1197,1197,27880,0
2008,381,1,826,"H3","5106",8,52931,52931,1470733,0
2008,381,2,826,"H3","5106",8,962248,962248,10588884,0
2008,381,1,826,"H3","510610",8,52610,52610,1463638,0
2008,381,2,826,"H3","510610",8,170722,170722,3988765,0
2008,381,1,826,"H3","510620",8,321,321,7095,0
2008,381,2,826,"H3","510620",8,791526,791526,6600120,0
2008,381,1,826,"H3","5107",8,125057,125057,1852225,0
2008,381,2,826,"H3","5107",8,466011,466011,13459710,0
2008,381,1,826,"H3","510710",8,110655,110655,1722228,0
2008,381,2,826,"H3","510710",8,378225,378225,11689854,0
2008,381,1,826,"H3","510720",8,14402,14402,129997,0
2008,381,2,826,"H3","510720",8,87786,87786,1769856,0
2008,381,1,826,"H3","5108",8,137190,137190,22925148,0
2008,381,2,826,"H3","5108",8,38308,38308,5878957,0
2008,381,1,826,"H3","510810",8,136248,136248,22817356,0
2008,381,2,826,"H3","510810",8,9765,9765,1315996,0
2008,381,1,826,"H3","510820",8,942,942,107792,0
2008,381,2,826,"H3","510820",8,28543,28543,4562962,0
2008,381,1,826,"H3","5109",8,1385,1385,44948,0
2008,381,2,826,"H3","5109",8,125594,125594,6477745,0
2008,381,1,826,"H3","510910",8,1154,1154,36357,0
2008,381,2,826,"H3","510910",8,58076,58076,3546242,0
2008,381,1,826,"H3","510990",8,231,231,8591,0
2008,381,2,826,"H3","510990",8,67518,67518,2931503,0
2008,381,1,826,"H3","5110",8,4,4,100,0
2008,381,2,826,"H3","5110",8,13,13,239,0
2008,381,1,826,"H3","511000",8,4,4,100,0
2008,381,2,826,"H3","511000",8,13,13,239,0
2008,381,1,826,"H3","5111",8,248033,248033,9657831,6
2008,381,2,826,"H3","5111",8,1185140,1185140,27361242,6
2008,381,1,826,"H3","511111",8,114789,114789,5164640,6
2008,381,2,826,"H3","511111",8,42436,42436,2464127,6
2008,381,1,826,"H3","511119",8,87903,87903,3697992,6
2008,381,2,826,"H3","511119",8,192680,192680,6817846,6
2008,381,1,826,"H3","511120",8,9266,9266,120218,6
2008,381,2,826,"H3","511120",8,3358,3358,77784,6
2008,381,1,826,"H3","511130",8,17887,17887,339221,6
2008,381,2,826,"H3","511130",8,934181,934181,17607578,6
2008,381,1,826,"H3","511190",8,18188,18188,335759,6
2008,381,2,826,"H3","511190",8,12486,12486,393907,6
2008,381,1,826,"H3","5112",8,336639,336639,14244771,6
2008,381,2,826,"H3","5112",8,388113,388113,23937403,6
2008,381,1,826,"H3","511211",8,163205,163205,6740116,6
2008,381,2,826,"H3","511211",8,172154,172154,13016189,6
2008,381,1,826,"H3","511219",8,157106,157106,7162836,6
2008,381,2,826,"H3","511219",8,117196,117196,6176496,6
2008,381,1,826,"H3","511220",8,42,42,725,6
2008,381,2,826,"H3","511220",8,13619,13619,501850,6
2008,381,1,826,"H3","511230",8,1045,1045,33652,6
2008,381,2,826,"H3","511230",8,47481,47481,1390397,6
2008,381,1,826,"H3","511290",8,15241,15241,307441,6
2008,381,2,826,"H3","511290",8,37664,37664,2852471,6
2008,381,2,826,"H3","5113",8,1494,1494,37526,6
2008,381,2,826,"H3","511300",8,1494,1494,37526,6
2008,381,1,826,"H3","52",1,,,26752096,0
2008,381,2,826,"H3","52",1,,,87775713,0
2008,381,1,826,"H3","5201",8,6274322,6274322,11099514,0
2008,381,2,826,"H3","5201",8,2612,2612,21660,0
2008,381,1,826,"H3","520100",8,6274322,6274322,11099514,0
2008,381,2,826,"H3","520100",8,2612,2612,21660,0
2008,381,1,826,"H3","5202",8,855763,855763,1616754,0
2008,381,2,826,"H3","5202",8,1373652,1373652,1159350,0
2008,381,1,826,"H3","520210",8,16739,16739,9755,0
2008,381,1,826,"H3","520299",8,839024,839024,1606998,0
2008,381,2,826,"H3","520299",8,1373652,1373652,1159350,0
2008,381,1,826,"H3","5203",8,26088,26088,71123,0
2008,381,2,826,"H3","5203",8,11357,11357,35955,0
2008,381,1,826,"H3","520300",8,26088,26088,71123,0
2008,381,2,826,"H3","520300",8,11357,11357,35955,0
2008,381,1,826,"H3","5204",8,4,4,44,0
2008,381,2,826,"H3","5204",8,612,612,16987,0
2008,381,2,826,"H3","520411",8,510,510,16119,0
2008,381,2,826,"H3","520419",8,96,96,706,0
2008,381,1,826,"H3","520420",8,4,4,44,0
2008,381,2,826,"H3","520420",8,6,6,162,0
2008,381,1,826,"H3","5205",8,63164,63164,221092,0
2008,381,2,826,"H3","5205",8,596142,596142,6783085,0
2008,381,1,826,"H3","520511",8,8684,8684,38521,0
2008,381,2,826,"H3","520511",8,79482,79482,304616,0
2008,381,1,826,"H3","520512",8,3024,3024,8437,0
2008,381,2,826,"H3","520512",8,45394,45394,269614,0
2008,381,2,826,"H3","520513",8,3362,3362,16638,0
2008,381,2,826,"H3","520514",8,53,53,181,0
2008,381,2,826,"H3","520521",8,3750,3750,37314,0
2008,381,1,826,"H3","520522",8,24371,24371,82529,0
2008,381,2,826,"H3","520522",8,2388,2388,26613,0
2008,381,1,826,"H3","520523",8,18752,18752,61523,0
2008,381,2,826,"H3","520523",8,4019,4019,35974,0
2008,381,2,826,"H3","520524",8,13123,13123,78517,0
2008,381,2,826,"H3","520526",8,2383,2383,19355,0
2008,381,2,826,"H3","520527",8,3170,3170,24880,0
2008,381,2,826,"H3","520531",8,127303,127303,826624,0
2008,381,1,826,"H3","520532",8,8280,8280,29786,0
2008,381,2,826,"H3","520532",8,27580,27580,120004,0
2008,381,2,826,"H3","520533",8,1164,1164,16560,0
2008,381,2,826,"H3","520534",8,491,491,3556,0
2008,381,2,826,"H3","520535",8,235,235,6052,0
2008,381,2,826,"H3","520541",8,1425,1425,35526,0
2008,381,1,826,"H3","520542",8,48,48,241,0
2008,381,2,826,"H3","520542",8,32077,32077,501246,0
2008,381,1,826,"H3","520543",8,3,3,22,0
2008,381,2,826,"H3","520543",8,12878,12878,259189,0
2008,381,2,826,"H3","520544",8,11303,11303,169106,0
2008,381,2,826,"H3","520546",8,846,846,10129,0
2008,381,2,826,"H3","520547",8,10254,10254,252422,0
2008,381,1,826,"H3","520548",8,2,2,34,0
2008,381,2,826,"H3","520548",8,213462,213462,3768968,0
2008,381,1,826,"H3","5206",8,273,273,865,0
2008,381,2,826,"H3","5206",8,1077240,1077240,3886437,0
2008,381,2,826,"H3","520611",8,530156,530156,1264880,0
2008,381,1,826,"H3","520612",8,273,273,865,0
2008,381,2,826,"H3","520612",8,36895,36895,191028,0
2008,381,2,826,"H3","520614",8,524,524,10451,0
2008,381,2,826,"H3","520621",8,938,938,12016,0
2008,381,2,826,"H3","520622",8,7130,7130,46947,0
2008,381,2,826,"H3","520631",8,486421,486421,2059926,0
2008,381,2,826,"H3","520632",8,2423,2423,46223,0
2008,381,2,826,"H3","520634",8,162,162,6670,0
2008,381,2,826,"H3","520641",8,10432,10432,214155,0
2008,381,2,826,"H3","520642",8,1653,1653,24857,0
2008,381,2,826,"H3","520643",8,200,200,6578,0
2008,381,2,826,"H3","520644",8,25,25,369,0
2008,381,2,826,"H3","520645",8,281,281,2337,0
2008,381,1,826,"H3","5207",8,2601,2601,104550,0
2008,381,2,826,"H3","5207",8,36979,36979,1226161,0
2008,381,1,826,"H3","520710",8,2262,2262,93294,0
2008,381,2,826,"H3","520710",8,11430,11430,317068,0
2008,381,1,826,"H3","520790",8,339,339,11256,0
2008,381,2,826,"H3","520790",8,25549,25549,909093,0
2008,381,1,826,"H3","5208",8,928018,928018,5510353,6
2008,381,2,826,"H3","5208",8,777756,777756,19669421,6
2008,381,1,826,"H3","520811",8,20575,20575,152227,6
2008,381,2,826,"H3","520811",8,115135,115135,1784049,6
2008,381,1,826,"H3","520812",8,498869,498869,2172019,6
2008,381,2,826,"H3","520812",8,31736,31736,395923,6
2008,381,1,826,"H3","520813",8,102,102,605,6
2008,381,2,826,"H3","520813",8,292,292,1865,6
2008,381,1,826,"H3","520819",8,1883,1883,12586,6
2008,381,2,826,"H3","520819",8,25858,25858,544861,6
2008,381,1,826,"H3","520821",8,4147,4147,40742,6
2008,381,2,826,"H3","520821",8,8395,8395,233262,6
2008,381,1,826,"H3","520822",8,4743,4743,31417,6
2008,381,2,826,"H3","520822",8,67052,67052,840769,6
2008,381,2,826,"H3","520823",8,134,134,2622,6
2008,381,1,826,"H3","520829",8,671,671,6556,6
2008,381,2,826,"H3","520829",8,3842,3842,89074,6
2008,381,1,826,"H3","520831",8,8329,8329,96752,6
2008,381,2,826,"H3","520831",8,18511,18511,634137,6
2008,381,1,826,"H3","520832",8,42898,42898,327903,6
2008,381,2,826,"H3","520832",8,51365,51365,952304,6
2008,381,1,826,"H3","520833",8,25818,25818,141547,6
2008,381,2,826,"H3","520833",8,37625,37625,533563,6
2008,381,1,826,"H3","520839",8,5489,5489,34558,6
2008,381,2,826,"H3","520839",8,57305,57305,1568204,6
2008,381,1,826,"H3","520841",8,520,520,14682,6
2008,381,2,826,"H3","520841",8,11071,11071,870181,6
2008,381,1,826,"H3","520842",8,4498,4498,82504,6
2008,381,2,826,"H3","520842",8,92950,92950,3708075,6
2008,381,1,826,"H3","520843",8,39904,39904,1034477,6
2008,381,2,826,"H3","520843",8,11874,11874,310710,6
2008,381,1,826,"H3","520849",8,959,959,16499,6
2008,381,2,826,"H3","520849",8,47168,47168,2443308,6
2008,381,1,826,"H3","520851",8,154868,154868,714680,6
2008,381,2,826,"H3","520851",8,70913,70913,2761695,6
2008,381,1,826,"H3","520852",8,100879,100879,529053,6
2008,381,2,826,"H3","520852",8,84686,84686,1154473,6
2008,381,1,757,"H3","520859",8,1779,1779,158206,0
2008,381,2,757,"H3","520859",8,58709,58709,1458080,0
2008,381,1,826,"H3","520859",8,12865,12865,101546,6
2008,381,2,826,"H3","520859",8,41845,41845,840347,6
2008,381,1,757,"H3","5209",8,21121,21121,965164,0
2008,381,2,757,"H3","5209",8,93340,93340,3198159,0
2008,381,1,826,"H3","5209",8,443954,443954,2909672,6
2008,381,2,826,"H3","5209",8,629637,629637,11602834,6
2008,381,2,757,"H3","520911",8,9165,9165,252929,0
2008,381,1,826,"H3","520911",8,40271,40271,166299,6
2008,381,2,826,"H3","520911",8,53461,53461,479496,6
2008,381,2,757,"H3","520912",8,719,719,12088,0
2008,381,1,826,"H3","520912",8,27626,27626,118982,6
2008,381,2,826,"H3","520912",8,36,36,831,6
2008,381,1,757,"H3","520919",8,3229,3229,63472,0
2008,381,2,757,"H3","520919",8,1970,1970,327665,0
2008,381,1,826,"H3","520919",8,21989,21989,118354,6
2008,381,2,826,"H3","520919",8,1167,1167,38110,6
2008,381,1,757,"H3","520921",8,58,58,7609,0
2008,381,2,757,"H3","520921",8,17117,17117,367334,0
2008,381,1,826,"H3","520921",8,3505,3505,20267,6
2008,381,2,826,"H3","520921",8,32,32,580,6
2008,381,1,757,"H3","520922",8,2398,2398,61475,0
2008,381,1,826,"H3","520922",8,2,2,10,6
2008,381,2,826,"H3","520922",8,304,304,5716,6
2008,381,1,757,"H3","520929",8,886,886,97645,0
2008,381,2,757,"H3","520929",8,3463,3463,163421,0
2008,381,1,826,"H3","520929",8,2586,2586,15648,6
2008,381,2,826,"H3","520929",8,10316,10316,131053,6
2008,381,1,757,"H3","520931",8,161,161,19838,0
2008,381,2,757,"H3","520931",8,710,710,50336,0
2008,381,1,826,"H3","520931",8,24920,24920,183032,6
2008,381,2,826,"H3","520931",8,43433,43433,614220,6
2008,381,1,757,"H3","520932",8,2204,2204,60133,0
2008,381,2,757,"H3","520932",8,4346,4346,91961,0
2008,381,1,826,"H3","520932",8,9677,9677,85583,6
2008,381,2,826,"H3","520932",8,131575,131575,2413581,6
2008,381,1,757,"H3","520939",8,7666,7666,429439,0
2008,381,2,757,"H3","520939",8,27522,27522,680701,0
2008,381,1,826,"H3","520939",8,106571,106571,575535,6
2008,381,2,826,"H3","520939",8,220625,220625,4513828,6
2008,381,1,757,"H3","520941",8,412,412,24162,0
2008,381,2,757,"H3","520941",8,1535,1535,125377,0
2008,381,1,826,"H3","520941",8,48357,48357,314545,6
2008,381,2,826,"H3","520941",8,29509,29509,666983,6
2008,381,2,757,"H3","520942",8,2126,2126,37392,0
2008,381,1,826,"H3","520942",8,2362,2362,21235,6
2008,381,2,826,"H3","520942",8,21198,21198,252901,6
2008,381,1,757,"H3","520943",8,136,136,8446,0
2008,381,2,757,"H3","520943",8,594,594,19976,0
2008,381,1,826,"H3","520943",8,4012,4012,30677,6
2008,381,2,826,"H3","520943",8,5438,5438,87091,6
2008,381,1,757,"H3","520949",8,3450,3450,162479,0
2008,381,2,757,"H3","520949",8,9106,9106,571670,0
2008,381,1,826,"H3","520949",8,25155,25155,319217,6
2008,381,2,826,"H3","520949",8,61534,61534,1559659,6
2008,381,2,757,"H3","520951",8,784,784,26795,0
2008,381,1,826,"H3","520951",8,29098,29098,151377,6
2008,381,2,826,"H3","520951",8,9922,9922,242229,6
2008,381,2,757,"H3","520952",8,7338,7338,268391,0
2008,381,1,826,"H3","520952",8,22445,22445,293188,6
2008,381,2,826,"H3","520952",8,10118,10118,103735,6
2008,381,1,757,"H3","520959",8,521,521,30467,0
2008,381,2,757,"H3","520959",8,6845,6845,202122,0
2008,381,1,826,"H3","520959",8,75379,75379,495723,6
2008,381,2,826,"H3","520959",8,30969,30969,492820,6
2008,381,1,757,"H3","5210",8,5057,5057,336301,0
2008,381,2,757,"H3","5210",8,71350,71350,2312243,6
2008,381,1,826,"H3","5210",8,273698,273698,1543807,6
2008,381,2,826,"H3","5210",8,283989,283989,9560645,6
2008,381,1,757,"H3","521011",8,955,955,15916,0
2008,381,2,757,"H3","521011",8,1897,1897,73234,0
2008,381,1,826,"H3","521011",8,261565,261565,1327583,6
2008,381,2,826,"H3","521011",8,7660,7660,194312,6
2008,381,1,757,"H3","521019",8,393,393,14533,0
2008,381,2,757,"H3","521019",8,30571,30571,850540,6
2008,381,1,826,"H3","521019",8,253,253,2270,6
2008,381,2,826,"H3","521019",8,4881,4881,54139,6
2008,381,2,757,"H3","521021",8,1812,1812,33371,0
2008,381,1,826,"H3","521021",8,38,38,310,6
2008,381,2,826,"H3","521021",8,34382,34382,638507,6
2008,381,2,757,"H3","521029",8,1160,1160,72333,0
2008,381,1,826,"H3","521029",8,52,52,618,6
2008,381,2,826,"H3","521029",8,49567,49567,1776668,6
2008,381,1,757,"H3","521031",8,2993,2993,233970,0
2008,381,2,757,"H3","521031",8,5611,5611,206212,0
2008,381,1,826,"H3","521031",8,3712,3712,55820,6
2008,381,2,826,"H3","521031",8,44905,44905,2235799,6
2008,381,2,757,"H3","521032",8,883,883,41694,0
2008,381,1,826,"H3","521032",8,1763,1763,27404,6
2008,381,2,826,"H3","521032",8,35178,35178,786285,6
2008,381,1,757,"H3","521039",8,32,32,4224,0
2008,381,2,757,"H3","521039",8,21482,21482,591023,0
2008,381,1,826,"H3","521039",8,743,743,8071,6
2008,381,2,826,"H3","521039",8,49233,49233,1500261,6
2008,381,1,757,"H3","521041",8,414,414,44595,0
2008,381,2,757,"H3","521041",8,1807,1807,84586,0
2008,381,1,826,"H3","521041",8,184,184,3587,6
2008,381,2,826,"H3","521041",8,28740,28740,1204971,6
2008,381,1,757,"H3","521049",8,118,118,10202,0
2008,381,2,757,"H3","521049",8,4845,4845,274914,0
2008,381,1,826,"H3","521049",8,5076,5076,112833,6
2008,381,2,826,"H3","521049",8,16343,16343,760891,6
2008,381,2,757,"H3","521051",8,131,131,2169,0
2008,381,2,826,"H3","521051",8,7808,7808,181149,6
2008,381,1,757,"H3","521059",8,152,152,12859,0
2008,381,2,757,"H3","521059",8,1151,1151,82168,0
2008,381,1,826,"H3","521059",8,311,311,5311,6
2008,381,2,826,"H3","521059",8,5292,5292,227663,6
2008,381,1,757,"H3","5211",8,15464,15464,784864,6
2008,381,2,757,"H3","5211",8,55046,55046,1173461,0
2008,381,1,826,"H3","5211",8,86050,86050,1029404,6
2008,381,2,826,"H3","5211",8,1158539,1158539,22855023,6
2008,381,2,757,"H3","521111",8,205,205,6159,0
2008,381,1,826,"H3","521111",8,2242,2242,7902,6
2008,381,2,826,"H3","521111",8,282874,282874,3709528,6
2008,381,2,757,"H3","521112",8,6,6,3217,0
2008,381,2,826,"H3","521112",8,1209,1209,15626,6
2008,381,2,757,"H3","521119",8,1750,1750,96490,0
2008,381,1,826,"H3","521119",8,1724,1724,13015,6
2008,381,2,826,"H3","521119",8,23905,23905,453103,6
2008,381,2,757,"H3","521120",8,5572,5572,44397,0
2008,381,1,826,"H3","521120",8,71,71,418,6
2008,381,2,826,"H3","521120",8,51,51,697,6
2008,381,2,757,"H3","521131",8,2444,2444,86286,0
2008,381,1,826,"H3","521131",8,3120,3120,20867,6
2008,381,2,826,"H3","521131",8,77973,77973,1886278,6
2008,381,1,757,"H3","521132",8,14701,14701,720245,0
2008,381,2,757,"H3","521132",8,25604,25604,335469,0
2008,381,1,826,"H3","521132",8,5224,5224,50310,6
2008,381,2,826,"H3","521132",8,12182,12182,146785,6
2008,381,2,757,"H3","521139",8,4329,4329,201156,0
2008,381,1,826,"H3","521139",8,8095,8095,52556,6
2008,381,2,826,"H3","521139",8,89010,89010,2684093,6
2008,381,2,757,"H3","521141",8,410,410,28209,0
2008,381,1,826,"H3","521141",8,918,918,17191,6
2008,381,2,826,"H3","521141",8,135145,135145,1678127,6
2008,381,2,757,"H3","521142",8,61,61,8689,0
2008,381,2,826,"H3","521142",8,2516,2516,38855,6
2008,381,2,757,"H3","521143",8,305,305,13816,0
2008,381,1,826,"H3","521143",8,4038,4038,33877,6
2008,381,2,826,"H3","521143",8,29817,29817,585195,6
2008,381,1,757,"H3","521149",8,508,508,39657,6
2008,381,2,757,"H3","521149",8,13388,13388,316452,0
2008,381,1,826,"H3","521149",8,19993,19993,322849,6
2008,381,2,826,"H3","521149",8,500198,500198,11595084,6
2008,381,1,826,"H3","521151",8,4,4,94,6
2008,381,2,826,"H3","521151",8,44,44,584,6
2008,381,1,826,"H3","521152",8,38027,38027,470509,6
2008,381,2,826,"H3","521152",8,31,31,159,6
2008,381,1,757,"H3","521159",8,255,255,24963,0
2008,381,2,757,"H3","521159",8,972,972,33121,0
2008,381,1,826,"H3","521159",8,2593,2593,39814,6
2008,381,2,826,"H3","521159",8,3585,3585,60908,6
2008,381,1,757,"H3","5212",1,,57284,3984419,0
2008,381,2,757,"H3","5212",1,,26665,2096973,0
2008,381,1,826,"H3","5212",1,,69383,1055880,4
2008,381,2,826,"H3","5212",1,,,10107924,0
2008,381,1,757,"H3","521211",8,433,433,15247,0
2008,381,2,757,"H3","521211",8,953,953,117876,0
2008,381,1,826,"H3","521211",8,621,621,14931,6
2008,381,2,826,"H3","521211",8,7166,7166,218271,6
2008,381,1,757,"H3","521212",8,855,855,183941,0
2008,381,2,757,"H3","521212",8,471,471,66347,0
2008,381,1,826,"H3","521212",8,2456,2456,42357,6
2008,381,2,826,"H3","521212",8,571,571,17316,6
2008,381,1,757,"H3","521213",8,51874,51874,3495953,0
2008,381,2,757,"H3","521213",8,6547,6547,424114,0
2008,381,1,826,"H3","521213",8,244,244,4682,6
2008,381,2,826,"H3","521213",8,21213,21213,748730,6
2008,381,1,757,"H3","521214",8,997,997,112859,0
2008,381,2,757,"H3","521214",8,5589,5589,473531,0
2008,381,1,826,"H3","521214",8,11272,11272,128688,6
2008,381,2,826,"H3","521214",8,14614,14614,756721,6
2008,381,1,757,"H3","521215",8,9,9,1477,0
2008,381,2,757,"H3","521215",1,,2249,133282,0
2008,381,1,826,"H3","521215",8,1315,1315,4853,6
2008,381,2,826,"H3","521215",1,,,273679,0
2008,381,1,757,"H3","521221",8,133,133,2474,0
2008,381,2,757,"H3","521221",8,1596,1596,95298,0
2008,381,1,826,"H3","521221",8,92,92,910,6
2008,381,2,826,"H3","521221",8,684,684,23626,6
2008,381,2,757,"H3","521222",8,475,475,11462,0
2008,381,1,826,"H3","521222",8,45,45,568,6
2008,381,2,826,"H3","521222",8,35,35,877,6
2008,381,1,757,"H3","521223",8,906,906,36217,0
2008,381,2,757,"H3","521223",8,2611,2611,295043,0
2008,381,1,826,"H3","521223",8,36096,36096,436088,6
2008,381,2,826,"H3","521223",8,280479,280479,6635631,6
2008,381,1,757,"H3","521224",8,2077,2077,136251,0
2008,381,2,757,"H3","521224",8,2956,2956,247197,0
2008,381,1,826,"H3","521224",8,10546,10546,305604,6
2008,381,2,826,"H3","521224",8,54833,54833,1265795,6
2008,381,2,757,"H3","521225",8,3218,3218,232822,0
2008,381,1,826,"H3","521225",8,6696,6696,117198,6
2008,381,2,826,"H3","521225",8,7199,7199,167278,6
2008,381,1,757,"H3","53",1,,,905467,0
2008,381,2,757,"H3","53",1,,,3127968,0
2008,381,1,826,"H3","53",1,,,3972803,0
2008,381,2,826,"H3","53",1,,,17551623,0
2008,381,2,757,"H3","5301",8,11866,11866,29358,0
2008,381,1,826,"H3","5301",8,11858,11858,30896,0
2008,381,2,826,"H3","5301",8,383,383,2694,0
2008,381,2,757,"H3","530110",8,36,36,1568,0
2008,381,1,826,"H3","530110",8,11364,11364,30056,0
2008,381,2,826,"H3","530110",8,383,383,2694,0
2008,381,2,757,"H3","530129",8,11830,11830,27790,0
2008,381,1,826,"H3","530129",8,142,142,700,0
2008,381,1,826,"H3","530130",8,352,352,139,0
2008,381,2,757,"H3","5302",8,1420,1420,7450,0
2008,381,1,826,"H3","5302",8,21,21,129,0
2008,381,2,757,"H3","530290",8,1420,1420,7450,0
2008,381,1,826,"H3","530290",8,21,21,129,0
2008,381,2,757,"H3","5305",8,150,150,3094,0
2008,381,2,826,"H3","5305",8,23,23,300,0
2008,381,2,757,"H3","530500",8,150,150,3094,0
2008,381,2,826,"H3","530500",8,23,23,300,0
2008,381,1,757,"H3","5306",8,479,479,8519,0
2008,381,2,757,"H3","5306",8,54283,54283,1117951,0
2008,381,1,826,"H3","5306",8,623,623,8336,0
2008,381,2,826,"H3","5306",8,47934,47934,696215,0
2008,381,1,757,"H3","530610",8,479,479,8519,0
2008,381,2,757,"H3","530610",8,51536,51536,997997,0
2008,381,1,826,"H3","530610",8,609,609,4563,0
2008,381,2,826,"H3","530610",8,46204,46204,640908,0
2008,381,2,757,"H3","530620",8,2747,2747,119954,0
2008,381,1,826,"H3","530620",8,14,14,3772,0
2008,381,2,826,"H3","530620",8,1730,1730,55307,0
2008,381,2,757,"H3","5308",8,3309,3309,105056,0
2008,381,1,826,"H3","5308",8,116,116,239,0
2008,381,2,826,"H3","5308",8,166552,166552,705770,0
2008,381,2,826,"H3","530820",8,241,241,3314,0
2008,381,2,757,"H3","530890",8,3219,3219,101485,0
2008,381,1,826,"H3","530890",8,116,116,239,0
2008,381,2,826,"H3","530890",8,166311,166311,702456,0
2008,381,1,757,"H3","5309",8,11316,11316,887958,0
2008,381,2,757,"H3","5309",8,23246,23246,1679323,0
2008,381,1,826,"H3","5309",8,258638,258638,3082768,6
2008,381,2,826,"H3","5309",8,319497,319497,14807523,6
2008,381,1,757,"H3","530911",8,48,48,7434,0
2008,381,2,757,"H3","530911",8,3840,3840,185744,0
2008,381,1,826,"H3","530911",8,91968,91968,852271,6
2008,381,2,826,"H3","530911",8,48378,48378,1380391,6
2008,381,1,757,"H3","530919",8,10611,10611,829254,0
2008,381,2,757,"H3","530919",8,11903,11903,900547,0
2008,381,1,826,"H3","530919",8,126746,126746,1623463,6
2008,381,2,826,"H3","530919",8,154225,154225,7008110,6
2008,381,2,757,"H3","530921",8,162,162,5559,0
2008,381,1,826,"H3","530921",8,6405,6405,50006,6
2008,381,2,826,"H3","530921",8,4622,4622,211455,6
2008,381,1,757,"H3","530929",8,657,657,51270,0
2008,381,2,757,"H3","530929",8,7341,7341,587474,0
2008,381,1,826,"H3","530929",8,33519,33519,557028,6
2008,381,2,826,"H3","530929",8,112272,112272,6207566,6
2008,381,2,757,"H3","5310",8,14206,14206,38887,0
2008,381,1,826,"H3","5310",8,40187,40187,56507,6
2008,381,2,826,"H3","5310",8,1105,1105,49841,6
2008,381,2,757,"H3","531010",8,14206,14206,38887,0
2008,381,1,826,"H3","531010",8,39397,39397,54032,6
2008,381,1,826,"H3","531090",8,790,790,2476,6
2008,381,2,826,"H3","531090",8,1105,1105,49841,6
2008,381,1,757,"H3","5311",8,64,64,2261,0
2008,381,2,757,"H3","5311",8,8151,8151,144197,0
2008,381,2,757,"H3","530810",8,90,90,3571,0
2008,381,2,826,"H3","530310",8,8,8,84,0
2008,381,2,826,"H3","530390",8,390,390,2848,0
2008,381,1,826,"H3","530390",8,1192,1192,1972,0
2008,381,2,757,"H3","530390",8,2008,2008,2653,0
2008,381,1,757,"H3","530390",8,12775,12775,6729,0
2008,381,2,826,"H3","5303",8,398,398,2932,0
2008,381,1,826,"H3","5303",8,1192,1192,1972,0
2008,381,2,757,"H3","5303",8,2008,2008,2653,0
2008,381,1,757,"H3","5303",8,12775,12775,6729,0
2008,381,1,826,"H3","5311",8,3723,3723,40068,6
2008,381,2,826,"H3","5311",8,35142,35142,1039691,6
2008,381,1,757,"H3","531100",8,64,64,2261,0
2008,381,2,757,"H3","531100",8,8151,8151,144197,0
2008,381,1,826,"H3","531100",8,3723,3723,40068,6
2008,381,2,826,"H3","531100",8,35142,35142,1039691,6
2008,381,1,757,"H3","54",1,,,51385592,0
2008,381,2,757,"H3","54",1,,,50492230,0
2008,381,1,826,"H3","54",1,,,33323615,0
2008,381,2,826,"H3","54",1,,,128388978,0
2008,381,1,757,"H3","5401",8,359,359,13463,0
2008,381,2,757,"H3","5401",8,10735,10735,343193,0
2008,381,1,826,"H3","5401",8,24758,24758,969362,0
2008,381,2,826,"H3","5401",8,8884,8884,150666,0
2008,381,1,757,"H3","540110",8,359,359,13463,0
2008,381,2,757,"H3","540110",8,10255,10255,332911,0
2008,381,1,826,"H3","540110",8,24755,24755,969168,0
2008,381,2,826,"H3","540110",8,8046,8046,145335,0
2008,381,2,757,"H3","540120",8,480,480,10282,0
2008,381,1,826,"H3","540120",8,3,3,194,0
2008,381,2,826,"H3","540120",8,838,838,5331,0
2008,381,1,757,"H3","5402",8,9320224,9320224,41872564,0
2008,381,2,757,"H3","5402",8,2010387,2010387,15729938,0
2008,381,1,826,"H3","5402",8,1324962,1324962,11081130,0
2008,381,2,826,"H3","5402",8,10448223,10448223,61182392,0
2008,381,1,757,"H3","540211",8,93326,93326,1169541,0
2008,381,2,757,"H3","540211",8,2241,2241,95579,0
2008,381,1,826,"H3","540211",8,57717,57717,2266022,0
2008,381,2,826,"H3","540211",8,21281,21281,2353344,0
2008,381,1,757,"H3","540219",8,10617,10617,35194,0
2008,381,2,757,"H3","540219",8,11921,11921,203556,0
2008,381,1,826,"H3","540219",8,812995,812995,3454309,0
2008,381,2,826,"H3","540219",8,319357,319357,2529814,0
2008,381,1,757,"H3","540220",8,1170442,1170442,4612052,0
2008,381,2,757,"H3","540220",8,9341,9341,50784,0
2008,381,1,826,"H3","540220",8,74439,74439,298537,0
2008,381,2,826,"H3","540220",8,8642,8642,194829,0
2008,381,1,757,"H3","540231",8,8201,8201,195317,0
2008,381,2,757,"H3","540231",8,142441,142441,1224264,0
2008,381,1,826,"H3","540231",8,19395,19395,184501,0
2008,381,2,826,"H3","540231",8,832267,832267,4935774,0
2008,381,1,757,"H3","540232",8,64771,64771,552262,0
2008,381,2,757,"H3","540232",8,385749,385749,2536747,0
2008,381,1,826,"H3","540232",8,14203,14203,27244,0
2008,381,2,826,"H3","540232",8,5203517,5203517,30477830,0
2008,381,1,757,"H3","540233",8,42732,42732,382846,0
2008,381,2,757,"H3","540233",8,461377,461377,2919482,0
2008,381,1,826,"H3","540233",8,21632,21632,552640,0
2008,381,2,826,"H3","540233",8,395959,395959,2440873,0
2008,381,2,757,"H3","540234",8,10046,10046,72372,0
2008,381,1,826,"H3","540234",8,261,261,740,0
2008,381,2,826,"H3","540234",8,1023039,1023039,4414873,0
2008,381,2,757,"H3","540239",8,1009,1009,5835,0
2008,381,2,826,"H3","540239",8,211,211,2638,0
2008,381,2,757,"H3","540244",8,21312,21312,228482,0
2008,381,1,826,"H3","540244",8,12407,12407,227131,0
2008,381,2,826,"H3","540244",8,37637,37637,532359,0
2008,381,1,757,"H3","540245",8,54942,54942,2193224,0
2008,381,2,757,"H3","540245",8,136584,136584,1499393,0
2008,381,1,826,"H3","540245",8,20301,20301,814615,0
2008,381,2,826,"H3","540245",8,452978,452978,3433234,0
2008,381,1,757,"H3","540246",8,3843724,3843724,11937601,0
2008,381,2,757,"H3","540246",8,236151,236151,1054530,0
2008,381,1,826,"H3","540246",8,20785,20785,34181,0
2008,381,2,826,"H3","540246",8,1104478,1104478,4293335,0
2008,381,1,757,"H3","540247",8,3790401,3790401,19737057,0
2008,381,2,757,"H3","540247",8,244575,244575,2142941,0
2008,381,1,826,"H3","540247",8,110624,110624,1400055,0
2008,381,2,826,"H3","540247",8,208200,208200,851692,0
2008,381,2,757,"H3","540248",8,52922,52922,214509,0
2008,381,2,826,"H3","540248",8,246036,246036,1200301,0
2008,381,1,757,"H3","540249",8,176599,176599,137920,0
2008,381,2,757,"H3","540249",8,37800,37800,307187,0
2008,381,1,826,"H3","540249",8,23280,23280,110118,0
2008,381,2,826,"H3","540249",8,247165,247165,1362828,0
2008,381,1,757,"H3","540251",8,2325,2325,145931,0
2008,381,2,757,"H3","540251",8,1029,1029,37840,0
2008,381,1,826,"H3","540251",8,4950,4950,40684,0
2008,381,2,826,"H3","540251",8,5141,5141,37956,0
2008,381,1,757,"H3","540252",8,61819,61819,749236,0
2008,381,2,757,"H3","540252",8,185549,185549,2432722,0
2008,381,1,826,"H3","540252",8,20236,20236,231457,0
2008,381,2,826,"H3","540252",8,182516,182516,1399193,0
2008,381,2,757,"H3","540259",8,43836,43836,254049,0
2008,381,2,826,"H3","540259",8,49270,49270,221759,0
2008,381,1,757,"H3","540261",8,214,214,21483,0
2008,381,2,757,"H3","540261",8,4053,4053,74075,0
2008,381,1,826,"H3","540261",8,103022,103022,924828,0
2008,381,2,826,"H3","540261",8,35606,35606,192181,0
2008,381,2,757,"H3","540262",8,20618,20618,278098,0
2008,381,2,826,"H3","540262",8,34,34,280,0
2008,381,1,757,"H3","540269",8,111,111,2900,0
2008,381,2,757,"H3","540269",8,1833,1833,97493,0
2008,381,1,826,"H3","540269",8,8715,8715,514069,0
2008,381,2,826,"H3","540269",8,74889,74889,307298,0
2008,381,1,757,"H3","5403",8,586,586,18408,0
2008,381,2,757,"H3","5403",8,19726,19726,450077,0
2008,381,1,826,"H3","5403",8,21807,21807,164005,0
2008,381,2,826,"H3","5403",8,217552,217552,1607519,0
2008,381,2,757,"H3","540310",8,1495,1495,73046,0
2008,381,1,826,"H3","540310",8,21454,21454,155883,0
2008,381,2,826,"H3","540310",8,11245,11245,89621,0
2008,381,2,757,"H3","540331",8,3953,3953,55445,0
2008,381,2,826,"H3","540331",8,9070,9070,87060,0
2008,381,2,757,"H3","540332",8,4993,4993,78424,0
2008,381,2,826,"H3","540332",8,35,35,324,0
2008,381,1,757,"H3","540333",8,20,20,1907,0
2008,381,2,757,"H3","540333",8,197,197,12314,0
2008,381,2,826,"H3","540333",8,176556,176556,1151781,0
2008,381,2,757,"H3","540339",8,4863,4863,101591,0
2008,381,1,826,"H3","540339",8,175,175,2029,0
2008,381,2,826,"H3","540339",8,1038,1038,15297,0
2008,381,2,757,"H3","540341",8,1507,1507,44167,0
2008,381,2,826,"H3","540341",8,4654,4654,95344,0
2008,381,2,757,"H3","540342",8,78,78,1840,0
2008,381,2,826,"H3","540342",8,81,81,1619,0
2008,381,1,757,"H3","540349",8,566,566,16501,0
2008,381,2,757,"H3","540349",8,2640,2640,83250,0
2008,381,1,826,"H3","540349",8,178,178,6092,0
2008,381,2,826,"H3","540349",8,14873,14873,166472,0
2008,381,1,757,"H3","5404",8,127631,127631,1647267,0
2008,381,2,757,"H3","5404",8,386040,386040,4046179,0
2008,381,1,826,"H3","5404",8,119508,119508,1551329,0
2008,381,2,826,"H3","5404",8,274072,274072,1978170,0
2008,381,1,757,"H3","540411",8,62,62,5754,0
2008,381,2,757,"H3","540411",8,10276,10276,106612,0
2008,381,1,826,"H3","540411",8,3398,3398,67573,0
2008,381,2,826,"H3","540411",8,95,95,2000,0
2008,381,2,757,"H3","540412",8,2175,2175,19138,0
2008,381,2,826,"H3","540412",8,64686,64686,277342,0
2008,381,1,757,"H3","540419",8,87137,87137,1557035,0
2008,381,2,757,"H3","540419",8,320313,320313,3467600,0
2008,381,1,826,"H3","540419",8,10738,10738,666386,0
2008,381,2,826,"H3","540419",8,182925,182925,1446093,0
2008,381,1,757,"H3","540490",8,40432,40432,84477,0
2008,381,2,757,"H3","540490",8,53276,53276,452828,0
2008,381,1,826,"H3","540490",8,105372,105372,817371,0
2008,381,2,826,"H3","540490",8,26366,26366,252735,0
2008,381,2,757,"H3","5405",8,430,430,10355,0
2008,381,1,826,"H3","5405",8,559,559,24253,0
2008,381,2,757,"H3","540500",8,430,430,10355,0
2008,381,1,826,"H3","540500",8,559,559,24253,0
2008,381,2,757,"H3","5406",8,4496,4496,186215,0
2008,381,1,826,"H3","5406",8,377,377,3741,0
2008,381,2,826,"H3","5406",8,3483,3483,118312,0
2008,381,2,757,"H3","540600",8,4496,4496,186215,0
2008,381,1,826,"H3","540600",8,377,377,3741,0
2008,381,2,826,"H3","540600",8,3483,3483,118312,0
2008,381,1,757,"H3","5407",8,90323,90323,5202633,0
2008,381,2,757,"H3","5407",8,767388,767388,16679928,6
2008,381,1,826,"H3","5407",8,1261802,1261802,14863880,6
2008,381,2,826,"H3","5407",8,1505351,1505351,41516775,6
2008,381,1,757,"H3","540710",8,1041,1041,66940,0
2008,381,2,757,"H3","540710",8,54458,54458,1137399,0
2008,381,1,826,"H3","540710",8,468776,468776,8044664,6
2008,381,2,826,"H3","540710",8,173492,173492,5818752,6
2008,381,1,757,"H3","540720",8,291,291,2686,0
2008,381,2,757,"H3","540720",8,351592,351592,2033670,0
2008,381,1,826,"H3","540720",8,40753,40753,132996,6
2008,381,2,826,"H3","540720",8,128710,128710,1309459,6
2008,381,2,757,"H3","540730",8,43625,43625,239546,0
2008,381,1,826,"H3","540730",8,9689,9689,96256,6
2008,381,2,826,"H3","540730",8,35,35,297,6
2008,381,1,757,"H3","540741",8,665,665,48460,0
2008,381,2,757,"H3","540741",8,31285,31285,676527,0
2008,381,1,826,"H3","540741",8,58977,58977,434982,6
2008,381,2,826,"H3","540741",8,6640,6640,148358,6
2008,381,1,757,"H3","540742",8,38370,38370,1475019,0
2008,381,2,757,"H3","540742",8,34383,34383,1364305,0
2008,381,1,826,"H3","540742",8,65522,65522,1150353,6
2008,381,2,826,"H3","540742",8,33621,33621,1019991,6
2008,381,1,757,"H3","540743",8,79,79,8018,0
2008,381,2,757,"H3","540743",8,1204,1204,88898,0
2008,381,1,826,"H3","540743",8,28612,28612,266972,6
2008,381,2,826,"H3","540743",8,4879,4879,86401,6
2008,381,1,757,"H3","540744",8,15,15,4740,0
2008,381,2,757,"H3","540744",8,2641,2641,121531,0
2008,381,1,826,"H3","540744",8,233,233,4512,6
2008,381,2,826,"H3","540744",8,2245,2245,65157,6
2008,381,1,757,"H3","540751",8,924,924,74506,0
2008,381,2,757,"H3","540751",8,9040,9040,246842,0
2008,381,1,826,"H3","540751",8,117,117,855,6
2008,381,2,826,"H3","540751",8,21395,21395,338870,6
2008,381,1,757,"H3","540752",8,5293,5293,387835,0
2008,381,2,757,"H3","540752",8,57108,57108,2123076,0
2008,381,1,826,"H3","540752",8,333706,333706,2843395,6
2008,381,2,826,"H3","540752",8,49583,49583,1538970,6
2008,381,1,757,"H3","540753",8,9087,9087,409347,0
2008,381,2,757,"H3","540753",8,18960,18960,1468353,0
2008,381,1,826,"H3","540753",8,16750,16750,118031,6
2008,381,2,826,"H3","540753",8,37069,37069,1963268,6
2008,381,1,757,"H3","540754",8,301,301,29845,0
2008,381,2,757,"H3","540754",8,225,225,21033,6
2008,381,1,826,"H3","540754",8,5987,5987,115047,6
2008,381,2,826,"H3","540754",8,68077,68077,987447,6
2008,381,1,757,"H3","540761",8,12743,12743,1112418,0
2008,381,2,757,"H3","540761",8,57486,57486,2052517,0
2008,381,1,826,"H3","540761",8,59712,59712,534415,6
2008,381,2,826,"H3","540761",8,223491,223491,7390440,6
2008,381,1,757,"H3","540769",8,177,177,37088,0
2008,381,2,757,"H3","540769",8,6326,6326,331363,0
2008,381,1,826,"H3","540769",8,6890,6890,61301,6
2008,381,2,826,"H3","540769",8,48571,48571,1303497,6
2008,381,1,757,"H3","540771",8,508,508,14671,0
2008,381,2,757,"H3","540771",8,1120,1120,21086,0
2008,381,1,826,"H3","540771",8,14981,14981,106857,6
2008,381,2,826,"H3","540771",8,174,174,3057,6
2008,381,1,757,"H3","540772",8,10534,10534,631641,0
2008,381,2,757,"H3","540772",8,11967,11967,661560,0
2008,381,1,826,"H3","540772",8,25595,25595,235412,6
2008,381,2,826,"H3","540772",8,26309,26309,1332447,6
2008,381,1,757,"H3","540773",8,26,26,3587,0
2008,381,2,757,"H3","540773",8,22771,22771,1736193,0
2008,381,1,826,"H3","540773",8,27681,27681,216109,6
2008,381,2,826,"H3","540773",8,15079,15079,617198,6
2008,381,1,757,"H3","540774",8,808,808,92415,0
2008,381,2,757,"H3","540774",8,1347,1347,47197,0
2008,381,2,826,"H3","540774",8,529,529,28223,6
2008,381,1,757,"H3","540781",8,50,50,6402,0
2008,381,2,757,"H3","540781",8,106,106,28888,0
2008,381,2,826,"H3","540781",8,368,368,3926,6
2008,381,1,757,"H3","540782",8,2484,2484,185934,0
2008,381,2,757,"H3","540782",8,6599,6599,172805,0
2008,381,1,826,"H3","540782",8,5451,5451,22074,6
2008,381,2,826,"H3","540782",8,25333,25333,618383,6
2008,381,2,757,"H3","540783",8,690,690,25445,0
2008,381,1,826,"H3","540783",8,53805,53805,206280,6
2008,381,2,826,"H3","540783",8,241235,241235,5186260,6
2008,381,1,757,"H3","540784",8,224,224,4803,0
2008,381,2,757,"H3","540784",8,1945,1945,35485,0
2008,381,1,826,"H3","540784",8,472,472,3368,6
2008,381,2,826,"H3","540784",8,49,49,1772,6
2008,381,1,757,"H3","540791",8,37,37,4637,0
2008,381,2,757,"H3","540791",8,1191,1191,22293,6
2008,381,1,826,"H3","540791",8,288,288,2169,6
2008,381,2,826,"H3","540791",8,40778,40778,296090,6
2008,381,1,757,"H3","540792",8,3625,3625,244127,0
2008,381,2,757,"H3","540792",8,26577,26577,1069888,0
2008,381,1,826,"H3","540792",8,24837,24837,137368,6
2008,381,2,826,"H3","540792",8,115774,115774,3577898,6
2008,381,1,757,"H3","540793",8,2542,2542,307384,0
2008,381,2,757,"H3","540793",8,9978,9978,664895,0
2008,381,1,826,"H3","540793",8,12711,12711,126288,6
2008,381,2,826,"H3","540793",8,188287,188287,6492410,6
2008,381,1,757,"H3","540794",8,499,499,50132,0
2008,381,2,757,"H3","540794",8,14764,14764,289132,0
2008,381,1,826,"H3","540794",8,256,256,4176,6
2008,381,2,826,"H3","540794",8,53628,53628,1388206,6
2008,381,1,757,"H3","5408",8,39636,39636,2631257,0
2008,381,2,757,"H3","5408",8,292990,292990,13046346,0
2008,381,1,826,"H3","5408",8,161139,161139,1384349,6
2008,381,2,826,"H3","5408",8,680940,680940,21048173,6
2008,381,1,757,"H3","540810",8,4,4,19862,0
2008,381,2,757,"H3","540810",8,1147,1147,67351,0
2008,381,1,826,"H3","540810",8,1296,1296,9150,6
2008,381,2,826,"H3","540810",8,3453,3453,73178,6
2008,381,1,757,"H3","540821",8,914,914,22195,0
2008,381,2,757,"H3","540821",8,3346,3346,106279,0
2008,381,2,826,"H3","540821",8,18701,18701,277018,6
2008,381,1,757,"H3","540822",8,15021,15021,862975,0
2008,381,2,757,"H3","540822",8,204380,204380,8731663,0
2008,381,1,826,"H3","540822",8,111693,111693,934430,6
2008,381,2,826,"H3","540822",8,204061,204061,4859991,6
2008,381,1,757,"H3","540823",8,4519,4519,123196,0
2008,381,2,757,"H3","540823",8,62889,62889,3159122,0
2008,381,1,826,"H3","540823",8,24351,24351,161473,6
2008,381,2,826,"H3","540823",8,27085,27085,1038051,6
2008,381,1,757,"H3","540824",8,17134,17134,1391734,0
2008,381,2,757,"H3","540824",8,2291,2291,110171,0
2008,381,2,826,"H3","540824",8,45965,45965,1925891,6
2008,381,1,757,"H3","540831",8,628,628,50965,0
2008,381,2,757,"H3","540831",8,3382,3382,226625,0
2008,381,1,826,"H3","540831",8,7413,7413,80660,6
2008,381,2,826,"H3","540831",8,75908,75908,460347,6
2008,381,1,757,"H3","540832",8,123,123,15993,0
2008,381,2,757,"H3","540832",8,10174,10174,383493,0
2008,381,1,826,"H3","540832",8,10856,10856,118606,6
2008,381,2,826,"H3","540832",8,232415,232415,9393696,6
2008,381,1,757,"H3","540833",8,1088,1088,64508,0
2008,381,2,757,"H3","540833",8,3449,3449,176693,0
2008,381,1,826,"H3","540833",8,4898,4898,63877,6
2008,381,2,826,"H3","540833",8,63846,63846,2770225,6
2008,381,1,757,"H3","540834",8,205,205,79830,0
2008,381,2,757,"H3","540834",8,1932,1932,84949,0
2008,381,1,826,"H3","540834",8,633,633,16153,6
2008,381,2,826,"H3","540834",8,9507,9507,249777,6
2008,381,1,757,"H3","55",1,,,9817190,0
2008,381,2,757,"H3","55",1,,,13346806,0
2008,381,1,826,"H3","55",1,,,23331141,0
2008,381,2,826,"H3","55",1,,,98843605,0
2008,381,1,757,"H3","5501",8,187224,187224,1963670,0
2008,381,1,826,"H3","5501",8,109343,109343,642928,0
2008,381,2,826,"H3","5501",8,2289,2289,29771,0
2008,381,1,757,"H3","550110",8,187196,187196,1822909,0
2008,381,1,826,"H3","550110",8,10576,10576,35107,0
2008,381,2,826,"H3","550110",8,2289,2289,29771,0
2008,381,1,826,"H3","550120",8,25851,25851,26570,0
2008,381,1,826,"H3","550130",8,72916,72916,581251,0
2008,381,1,757,"H3","550190",8,28,28,140761,0
2008,381,2,757,"H3","5502",8,625,625,45207,0
2008,381,1,826,"H3","5502",8,2469021,2469021,12090884,0
2008,381,2,826,"H3","5502",8,11828,11828,70867,0
2008,381,2,757,"H3","550200",8,625,625,45207,0
2008,381,1,826,"H3","550200",8,2469021,2469021,12090884,0
2008,381,2,826,"H3","550200",8,11828,11828,70867,0
2008,381,1,757,"H3","5503",8,593506,593506,4630695,0
2008,381,2,757,"H3","5503",8,34956,34956,103520,0
2008,381,1,826,"H3","5503",8,1803175,1803175,4685988,0
2008,381,2,826,"H3","5503",8,64472,64472,382516,0
2008,381,2,757,"H3","550311",8,321,321,8441,0
2008,381,1,826,"H3","550311",8,874,874,118762,0
2008,381,2,826,"H3","550311",8,88,88,2439,0
2008,381,1,757,"H3","550319",8,508795,508795,4158973,0
2008,381,2,757,"H3","550319",8,1944,1944,9797,0
2008,381,1,826,"H3","550319",8,26024,26024,86640,0
2008,381,2,826,"H3","550319",8,31134,31134,305990,0
2008,381,1,757,"H3","550320",8,21618,21618,159324,0
2008,381,1,826,"H3","550320",8,743913,743913,1375791,0
2008,381,1,826,"H3","550330",8,689686,689686,2270499,0
2008,381,1,757,"H3","550340",8,63093,63093,312398,0
2008,381,2,757,"H3","550340",8,32352,32352,78053,0
2008,381,1,826,"H3","550340",8,303159,303159,665885,0
2008,381,2,826,"H3","550340",8,33211,33211,73575,0
2008,381,2,757,"H3","550390",8,339,339,7229,0
2008,381,1,826,"H3","550390",8,39519,39519,168411,0
2008,381,2,826,"H3","550390",8,39,39,512,0
2008,381,1,826,"H3","5504",8,342257,342257,950262,0
2008,381,2,826,"H3","5504",8,92865,92865,600995,0
2008,381,1,826,"H3","550410",8,26619,26619,46270,0
2008,381,2,826,"H3","550410",8,92865,92865,600995,0
2008,381,1,826,"H3","550490",8,315638,315638,903992,0
2008,381,1,757,"H3","5505",8,1226165,1226165,1552817,0
2008,381,2,757,"H3","5505",8,9973,9973,10590,0
2008,381,1,826,"H3","5505",8,793705,793705,1032782,0
2008,381,2,826,"H3","5505",8,548143,548143,1096384,0
2008,381,1,757,"H3","550510",8,1226165,1226165,1552817,0
2008,381,2,757,"H3","550510",8,9973,9973,10590,0
2008,381,1,826,"H3","550510",8,752287,752287,976457,0
2008,381,2,826,"H3","550510",8,548143,548143,1096384,0
2008,381,1,826,"H3","550520",8,41418,41418,56325,0
2008,381,1,757,"H3","5506",8,3649,3649,3160,0
2008,381,2,757,"H3","5506",8,27,27,5026,0
2008,381,1,826,"H3","5506",8,2294,2294,13574,0
2008,381,2,826,"H3","5506",8,2164,2164,6036,0
2008,381,2,757,"H3","550620",8,27,27,5026,0
2008,381,2,826,"H3","550620",8,2164,2164,6036,0
2008,381,1,826,"H3","550630",8,2018,2018,10898,0
2008,381,1,757,"H3","550690",8,3649,3649,3160,0
2008,381,1,826,"H3","550690",8,276,276,2677,0
2008,381,2,757,"H3","5507",8,11810,11810,53498,0
2008,381,1,826,"H3","5507",8,266,266,1214,0
2008,381,2,757,"H3","550700",8,11810,11810,53498,0
2008,381,1,826,"H3","550700",8,266,266,1214,0
2008,381,2,757,"H3","5508",8,19929,19929,419886,0
2008,381,1,826,"H3","5508",8,1166,1166,31730,0
2008,381,2,826,"H3","5508",8,62653,62653,333532,0
2008,381,2,757,"H3","550810",8,3071,3071,111591,0
2008,381,1,826,"H3","550810",8,1166,1166,31730,0
2008,381,2,757,"H3","550820",8,16858,16858,308295,0
2008,381,2,826,"H3","550820",8,62653,62653,333532,0
2008,381,1,757,"H3","5509",8,1866,1866,37966,0
2008,381,2,757,"H3","5509",8,251031,251031,2685767,0
2008,381,1,826,"H3","5509",8,8145,8145,78525,0
2008,381,2,826,"H3","5509",8,2970031,2970031,25532670,0
2008,381,2,757,"H3","550911",8,175,175,8062,0
2008,381,2,826,"H3","550911",8,96041,96041,3273817,0
2008,381,2,757,"H3","550912",8,760,760,24816,0
2008,381,1,826,"H3","550912",8,1988,1988,12274,0
2008,381,2,826,"H3","550912",8,105425,105425,4101528,0
2008,381,1,757,"H3","550921",8,295,295,3891,0
2008,381,2,757,"H3","550921",8,141099,141099,1162509,0
2008,381,2,826,"H3","550921",8,185161,185161,1518345,0
2008,381,2,757,"H3","550922",8,56249,56249,676888,0
2008,381,2,826,"H3","550922",8,156677,156677,940066,0
2008,381,1,757,"H3","550931",8,214,214,5698,0
2008,381,2,757,"H3","550931",8,2199,2199,35356,0
2008,381,2,826,"H3","550931",8,672210,672210,5115240,0
2008,381,1,757,"H3","550932",8,249,249,2393,0
2008,381,2,757,"H3","550932",8,1505,1505,26238,0
2008,381,2,826,"H3","550932",8,131004,131004,1002082,0
2008,381,2,757,"H3","550941",8,29363,29363,302723,0
2008,381,2,826,"H3","550941",8,69747,69747,371006,0
2008,381,2,826,"H3","550942",8,25121,25121,498489,0
2008,381,1,826,"H3","550951",8,541,541,6298,0
2008,381,2,826,"H3","550951",8,322,322,2151,0
2008,381,2,757,"H3","550952",8,721,721,16027,0
2008,381,1,826,"H3","550952",8,5447,5447,58324,0
2008,381,2,826,"H3","550952",8,4587,4587,36457,0
2008,381,2,757,"H3","550953",8,3111,3111,58647,0
2008,381,1,826,"H3","550953",8,27,27,122,0
2008,381,2,826,"H3","550953",8,8179,8179,62048,0
2008,381,2,826,"H3","550959",8,13,13,134,0
2008,381,1,757,"H3","550961",8,1108,1108,25983,0
2008,381,2,757,"H3","550961",8,5315,5315,112947,0
2008,381,1,826,"H3","550961",8,122,122,1410,0
2008,381,2,826,"H3","550961",8,236788,236788,2207626,0
2008,381,2,826,"H3","550962",8,952347,952347,3550500,0
2008,381,2,757,"H3","550969",8,619,619,24826,0
2008,381,2,826,"H3","550969",8,30633,30633,288639,0
2008,381,2,757,"H3","550991",8,902,902,29976,0
2008,381,2,826,"H3","550991",8,290623,290623,2439687,0
2008,381,2,826,"H3","550992",8,77,77,1180,0
2008,381,2,757,"H3","550999",8,9013,9013,206751,0
2008,381,1,826,"H3","550999",8,20,20,98,0
2008,381,2,826,"H3","550999",8,5076,5076,123676,0
2008,381,1,757,"H3","5510",8,26117,26117,298138,0
2008,381,2,757,"H3","5510",8,16151,16151,212357,0
2008,381,1,826,"H3","5510",8,2564,2564,90910,0
2008,381,2,826,"H3","5510",8,479022,479022,2527434,0
2008,381,1,757,"H3","551011",8,25212,25212,284173,0
2008,381,2,757,"H3","551011",8,9928,9928,108881,0
2008,381,1,826,"H3","551011",8,1808,1808,84418,0
2008,381,2,826,"H3","551011",8,436088,436088,1967858,0
2008,381,2,757,"H3","551012",8,2079,2079,63541,0
2008,381,2,826,"H3","551012",8,20976,20976,158340,0
2008,381,2,826,"H3","551020",8,11327,11327,175562,0
2008,381,1,757,"H3","551030",8,148,148,1492,0
2008,381,2,757,"H3","551030",8,106,106,1502,0
2008,381,2,826,"H3","551030",8,380,380,5195,0
2008,381,1,757,"H3","551090",8,757,757,12473,0
2008,381,2,757,"H3","551090",8,4038,4038,38433,0
2008,381,1,826,"H3","551090",8,756,756,6491,0
2008,381,2,826,"H3","551090",8,10251,10251,220480,0
2008,381,1,757,"H3","5511",8,80,80,2079,0
2008,381,2,757,"H3","5511",8,35455,35455,859306,0
2008,381,1,826,"H3","5511",8,2102,2102,26650,0
2008,381,2,826,"H3","5511",8,6605,6605,213910,0
2008,381,1,757,"H3","551110",8,80,80,2079,0
2008,381,2,757,"H3","551110",8,12882,12882,242862,0
2008,381,1,826,"H3","551110",8,272,272,2744,0
2008,381,2,826,"H3","551110",8,1748,1748,49928,0
2008,381,2,757,"H3","551120",8,18381,18381,491948,0
2008,381,1,826,"H3","551120",8,1736,1736,22634,0
2008,381,2,826,"H3","551120",8,971,971,24664,0
2008,381,2,757,"H3","551130",8,4192,4192,124496,0
2008,381,1,826,"H3","551130",8,94,94,1272,0
2008,381,2,826,"H3","551130",8,3886,3886,139318,0
2008,381,1,757,"H3","5512",1,,3590,177854,4
2008,381,2,757,"H3","5512",1,,223872,5305562,0
2008,381,1,826,"H3","5512",1,,,737064,0
2008,381,2,826,"H3","5512",1,,144640,3232539,4
2008,381,2,757,"H3","551211",8,15216,15216,420689,0
2008,381,1,826,"H3","551211",8,12545,12545,80231,6
2008,381,2,826,"H3","551211",8,11082,11082,331989,6
2008,381,1,757,"H3","551219",8,762,762,59818,0
2008,381,2,757,"H3","551219",8,17949,17949,621553,0
2008,381,1,826,"H3","551219",8,43108,43108,425407,6
2008,381,2,826,"H3","551219",8,77753,77753,1742849,6
2008,381,2,757,"H3","551221",8,475,475,10181,0
2008,381,1,826,"H3","551221",8,11,11,156,6
2008,381,2,826,"H3","551221",8,15,15,382,6
2008,381,1,757,"H3","551229",8,2456,2456,58598,6
2008,381,2,757,"H3","551229",8,174553,174553,3842276,0
2008,381,1,826,"H3","551229",8,7064,7064,131003,6
2008,381,2,826,"H3","551229",8,31414,31414,740459,6
2008,381,2,757,"H3","551291",8,8571,8571,193129,0
2008,381,1,826,"H3","551291",8,4,4,78,6
2008,381,2,826,"H3","551291",8,191,191,5250,6
2008,381,1,757,"H3","551299",1,,372,59437,0
2008,381,2,757,"H3","551299",8,7108,7108,217735,0
2008,381,1,826,"H3","551299",1,,,100189,0
2008,381,2,826,"H3","551299",8,24185,24185,411610,6
2008,381,1,757,"H3","5513",8,192,192,1617,0
2008,381,2,757,"H3","5513",8,65617,65617,1244673,6
2008,381,1,826,"H3","5513",8,6145,6145,25393,6
2008,381,2,826,"H3","5513",8,366799,366799,2224382,6
2008,381,2,757,"H3","551311",8,346,346,5912,0
2008,381,1,826,"H3","551311",8,2186,2186,8093,6
2008,381,2,826,"H3","551311",8,306248,306248,1693145,6
2008,381,1,826,"H3","551312",8,27,27,90,6
2008,381,2,826,"H3","551312",8,73,73,1570,6
2008,381,1,826,"H3","551313",8,69,69,242,6
2008,381,2,826,"H3","551313",8,107,107,5772,6
2008,381,1,757,"H3","551319",8,192,192,1617,0
2008,381,2,757,"H3","551319",8,825,825,26921,0
2008,381,1,826,"H3","551319",8,37,37,176,6
2008,381,2,826,"H3","551319",8,875,875,8790,6
2008,381,2,757,"H3","551321",8,53397,53397,969789,0
2008,381,1,826,"H3","551321",8,2191,2191,10628,6
2008,381,2,757,"H3","551323",8,3677,3677,51446,0
2008,381,2,826,"H3","551323",8,1017,1017,17357,6
2008,381,2,757,"H3","551329",8,530,530,25447,0
2008,381,2,826,"H3","551329",8,47966,47966,313810,6
2008,381,2,757,"H3","551331",8,51,51,2198,0
2008,381,2,826,"H3","551331",8,1556,1556,49104,6
2008,381,2,757,"H3","551339",8,1863,1863,41138,0
2008,381,1,826,"H3","551339",8,58,58,332,6
2008,381,2,826,"H3","551339",8,2413,2413,58868,6
2008,381,2,757,"H3","551341",8,3427,3427,33432,6
2008,381,2,826,"H3","551341",8,4907,4907,57421,6
2008,381,2,757,"H3","551349",8,1501,1501,88390,0
2008,381,1,826,"H3","551349",8,1575,1575,5832,6
2008,381,2,826,"H3","551349",8,410,410,6670,6
2008,381,1,826,"H3","551411",8,85,85,289,6
2008,381,2,826,"H3","551411",8,14414,14414,73970,6
2008,381,2,757,"H3","551412",8,30877,30877,271092,0
2008,381,1,826,"H3","551412",8,477,477,1636,6
2008,381,2,826,"H3","551412",8,16102,16102,104568,6
2008,381,1,757,"H3","551419",8,40,40,4835,0
2008,381,1,826,"H3","551419",8,105,105,342,6
2008,381,2,826,"H3","551419",8,8575,8575,67865,6
2008,381,1,757,"H3","551421",8,1748,1748,63793,0
2008,381,2,757,"H3","551421",8,137,137,6996,0
2008,381,2,826,"H3","551421",8,4399,4399,122749,6
2008,381,1,757,"H3","551422",8,360,360,3151,0
2008,381,2,757,"H3","551422",8,54551,54551,566736,0
2008,381,1,826,"H3","551422",8,36366,36366,175744,6
2008,381,2,826,"H3","551422",8,70808,70808,638306,6
2008,381,2,826,"H3","551423",8,3418,3418,43913,6
2008,381,1,757,"H3","551429",8,30,30,2906,0
2008,381,2,757,"H3","551429",8,2721,2721,76269,0
2008,381,1,826,"H3","551429",8,1974,1974,10651,6
2008,381,2,826,"H3","551429",8,82108,82108,1564576,6
2008,381,1,757,"H3","551430",8,37,37,6418,0
2008,381,2,757,"H3","551430",8,8440,8440,203564,0
2008,381,1,826,"H3","551430",8,12978,12978,32013,6
2008,381,2,826,"H3","551430",8,192945,192945,3833418,6
2008,381,1,826,"H3","551441",8,1058,1058,4475,6
2008,381,2,826,"H3","551441",8,49,49,1454,6
2008,381,2,757,"H3","551442",8,153,153,1854,0
2008,381,1,826,"H3","551442",8,7360,7360,70182,6
2008,381,2,826,"H3","551442",8,1489,1489,15099,6
2008,381,1,757,"H3","551449",8,214,214,16489,0
2008,381,2,757,"H3","551449",8,228,228,12032,0
2008,381,1,757,"H3","5515",1,,630,26238,0
2008,381,2,757,"H3","5515",1,,14123,529531,0
2008,381,1,826,"H3","5515",1,,,573887,0
2008,381,2,826,"H3","5515",1,,1063959,16855718,4
2008,381,2,757,"H3","551511",8,243,243,19482,0
2008,381,1,826,"H3","551511",8,11163,11163,58723,6
2008,381,2,826,"H3","551511",8,116304,116304,1397403,6
2008,381,1,757,"H3","551512",8,630,630,26238,0
2008,381,2,757,"H3","551512",8,1482,1482,119359,0
2008,381,1,826,"H3","551512",8,6345,6345,41431,6
2008,381,2,826,"H3","551512",8,107817,107817,2052404,6
2008,381,2,757,"H3","551513",8,1222,1222,44884,0
2008,381,1,826,"H3","551513",8,2618,2618,63937,6
2008,381,2,826,"H3","551513",8,102077,102077,2211047,6
2008,381,2,757,"H3","551519",8,972,972,26338,0
2008,381,1,826,"H3","551519",8,3098,3098,25377,6
2008,381,2,826,"H3","551519",8,52345,52345,702330,6
2008,381,2,757,"H3","551521",8,254,254,29255,0
2008,381,1,826,"H3","551521",8,5271,5271,28589,6
2008,381,2,826,"H3","551521",8,375932,375932,4902532,6
2008,381,2,757,"H3","551522",8,7290,7290,174826,0
2008,381,1,826,"H3","551522",8,80,80,1388,6
2008,381,2,826,"H3","551522",8,134898,134898,2605643,6
2008,381,2,757,"H3","551529",8,2148,2148,65052,0
2008,381,1,826,"H3","551529",8,18271,18271,111754,6
2008,381,2,826,"H3","551529",8,131589,131589,2213403,6
2008,381,2,757,"H3","551591",8,219,219,10153,0
2008,381,1,826,"H3","551591",1,,,141228,0
2008,381,2,826,"H3","551591",8,28989,28989,544575,6
2008,381,2,757,"H3","551599",8,293,293,40182,0
2008,381,1,826,"H3","551599",8,12718,12718,101461,6
2008,381,2,826,"H3","551599",8,14007,14007,226381,6
2008,381,2,826,"H3","5514",8,395022,395022,6477905,6
2008,381,1,826,"H3","5514",8,63393,63393,303555,6
2008,381,2,826,"H3","551321",8,1226,1226,11876,6
2008,381,2,826,"H3","551449",8,716,716,11988,6
2008,381,1,826,"H3","551449",8,2991,2991,8222,6
2008,381,2,757,"H3","5514",8,97107,97107,1138542,0
2008,381,1,757,"H3","5514",8,2429,2429,97592,0
2008,381,1,757,"H3","5516",8,37081,37081,1025364,6
2008,381,2,757,"H3","5516",8,21088,21088,733340,6
2008,381,1,826,"H3","5516",8,60538,60538,804504,6
2008,381,2,826,"H3","5516",8,1446957,1446957,38109873,6
2008,381,1,757,"H3","551611",8,36729,36729,979832,0
2008,381,2,757,"H3","551611",8,11725,11725,299898,0
2008,381,1,826,"H3","551611",8,828,828,6039,6
2008,381,2,826,"H3","551611",8,5789,5789,69502,6
2008,381,1,757,"H3","551612",8,102,102,8723,0
2008,381,2,757,"H3","551612",8,334,334,15873,0
2008,381,1,826,"H3","551612",8,1051,1051,7199,6
2008,381,2,826,"H3","551612",8,33893,33893,807483,6
2008,381,2,757,"H3","551613",8,403,403,18059,0
2008,381,1,826,"H3","551613",8,1639,1639,31383,6
2008,381,2,826,"H3","551613",8,77738,77738,3067259,6
2008,381,1,826,"H3","551614",8,2522,2522,35894,6
2008,381,2,826,"H3","551614",8,6235,6235,155699,6
2008,381,1,757,"H3","551621",8,60,60,2743,0
2008,381,2,757,"H3","551621",8,958,958,36980,0
2008,381,2,826,"H3","551621",8,27,27,878,6
2008,381,1,757,"H3","551622",8,76,76,11056,0
2008,381,2,757,"H3","551622",8,970,970,46673,0
2008,381,1,826,"H3","551622",8,8229,8229,61984,6
2008,381,2,826,"H3","551622",8,139654,139654,2313574,6
2008,381,1,757,"H3","551623",8,38,38,4851,0
2008,381,2,757,"H3","551623",8,529,529,45858,0
2008,381,1,826,"H3","551623",8,12235,12235,170666,6
2008,381,2,826,"H3","551623",8,321785,321785,8207393,6
2008,381,1,826,"H3","551624",8,579,579,10672,6
2008,381,2,826,"H3","551624",8,749,749,45780,6
2008,381,2,826,"H3","551631",8,1826,1826,34851,6
2008,381,2,757,"H3","551632",8,734,734,7199,0
2008,381,1,826,"H3","551632",8,520,520,4240,6
2008,381,2,826,"H3","551632",8,27105,27105,1147783,6
2008,381,2,757,"H3","551633",8,83,83,2326,0
2008,381,1,826,"H3","551633",8,1693,1693,93746,6
2008,381,2,826,"H3","551633",8,20448,20448,814633,6
2008,381,2,757,"H3","551634",8,269,269,22293,0
2008,381,1,826,"H3","551634",8,4,4,91,6
2008,381,2,826,"H3","551634",8,427,427,21470,6
2008,381,1,826,"H3","551641",8,478,478,2473,6
2008,381,2,826,"H3","551641",8,2934,2934,26592,6
2008,381,2,757,"H3","551642",8,164,164,6127,0
2008,381,1,826,"H3","551642",8,2067,2067,17336,6
2008,381,2,826,"H3","551642",8,17628,17628,390344,6
2008,381,1,757,"H3","551643",8,12,12,2016,6
2008,381,2,757,"H3","551643",8,579,579,12900,0
2008,381,1,826,"H3","551643",8,5871,5871,116493,6
2008,381,2,826,"H3","551643",8,159196,159196,5277463,6
2008,381,2,757,"H3","551644",8,701,701,30376,0
2008,381,1,826,"H3","551644",8,36,36,574,6
2008,381,2,826,"H3","551644",8,292,292,9813,6
2008,381,2,757,"H3","551691",8,1073,1073,38084,6
2008,381,1,826,"H3","551691",8,2653,2653,23143,6
2008,381,2,826,"H3","551691",8,9138,9138,97340,6
2008,381,2,757,"H3","551692",8,916,916,32703,0
2008,381,1,826,"H3","551692",8,10536,10536,115272,6
2008,381,2,826,"H3","551692",8,57163,57163,1616417,6
2008,381,1,757,"H3","551693",8,35,35,14473,0
2008,381,2,757,"H3","551693",8,683,683,65899,0
2008,381,1,826,"H3","551693",8,8446,8446,97121,6
2008,381,2,826,"H3","551693",8,561684,561684,13955449,6
2008,381,1,757,"H3","551694",8,29,29,1669,0
2008,381,2,757,"H3","551694",8,967,967,52095,0
2008,381,1,826,"H3","551694",8,1152,1152,10177,6
2008,381,2,826,"H3","551694",8,3247,3247,50149,6
2008,381,1,757,"H3","56",1,,,17729733,0
2008,381,2,757,"H3","56",1,,,64096807,0
2008,381,1,826,"H3","56",1,,,17913431,0
2008,381,2,826,"H3","56",1,,,131708692,0
2008,381,1,757,"H3","5601",8,135623,135623,1257668,0
2008,381,2,757,"H3","5601",8,2248095,2248095,24039475,0
2008,381,1,826,"H3","5601",8,127392,127392,1820238,0
2008,381,2,826,"H3","5601",8,2034749,2034749,18933211,0
2008,381,1,757,"H3","560110",8,559,559,5010,0
2008,381,2,757,"H3","560110",8,53090,53090,232512,0
2008,381,1,826,"H3","560110",8,5779,5779,56140,0
2008,381,2,826,"H3","560110",8,1040736,1040736,12709501,0
2008,381,1,757,"H3","560121",8,41329,41329,414813,0
2008,381,2,757,"H3","560121",8,133901,133901,797157,0
2008,381,1,826,"H3","560121",8,25738,25738,205270,0
2008,381,2,826,"H3","560121",8,645754,645754,3156520,0
2008,381,1,757,"H3","560122",8,282,282,2818,0
2008,381,2,757,"H3","560122",8,2010133,2010133,22740264,0
2008,381,1,826,"H3","560122",8,76111,76111,1442113,0
2008,381,2,826,"H3","560122",8,292314,292314,2686049,0
2008,381,1,757,"H3","560129",8,140,140,7350,0
2008,381,2,757,"H3","560129",8,50971,50971,269542,0
2008,381,2,826,"H3","560129",8,106,106,295,0
2008,381,1,757,"H3","560130",8,93313,93313,827677,0
2008,381,1,826,"H3","560130",8,19764,19764,116715,0
2008,381,2,826,"H3","560130",8,55839,55839,380845,0
2008,381,1,757,"H3","5602",8,9044,9044,21976,0
2008,381,2,757,"H3","5602",8,773303,773303,2863641,0
2008,381,1,826,"H3","5602",8,260010,260010,1460951,0
2008,381,2,826,"H3","5602",8,3210697,3210697,13720991,0
2008,381,1,757,"H3","560210",8,9010,9010,17972,0
2008,381,2,757,"H3","560210",8,652307,652307,1983083,0
2008,381,1,826,"H3","560210",8,258939,258939,1446977,0
2008,381,2,826,"H3","560210",8,3066796,3066796,12453160,0
2008,381,2,757,"H3","560221",8,8842,8842,199917,0
2008,381,1,826,"H3","560221",8,19,19,394,0
2008,381,2,826,"H3","560221",8,20447,20447,332332,0
2008,381,1,757,"H3","560229",8,30,30,2493,0
2008,381,2,757,"H3","560229",8,24345,24345,150425,0
2008,381,1,826,"H3","560229",8,21,21,123,0
2008,381,2,826,"H3","560229",8,72415,72415,402712,0
2008,381,1,757,"H3","560290",8,4,4,1511,0
2008,381,2,757,"H3","560290",8,87809,87809,530217,0
2008,381,1,826,"H3","560290",8,1031,1031,13457,0
2008,381,2,826,"H3","560290",8,51039,51039,532786,0
2008,381,1,757,"H3","5603",8,2496474,2496474,12660921,0
2008,381,2,757,"H3","5603",8,5839503,5839503,32529502,0
2008,381,1,826,"H3","5603",8,897176,897176,9462687,0
2008,381,2,826,"H3","5603",8,21062970,21062970,85248757,0
2008,381,1,757,"H3","560311",8,296742,296742,1202478,0
2008,381,2,757,"H3","560311",8,1463915,1463915,5421744,0
2008,381,1,826,"H3","560311",8,166421,166421,1619925,0
2008,381,2,826,"H3","560311",8,7438701,7438701,24447767,0
2008,381,1,757,"H3","560312",8,494016,494016,3075391,0
2008,381,2,757,"H3","560312",8,1529949,1529949,9369300,0
2008,381,1,826,"H3","560312",8,70930,70930,714656,0
2008,381,2,826,"H3","560312",8,8876499,8876499,37482383,0
2008,381,1,757,"H3","560313",8,1081403,1081403,6014437,0
2008,381,2,757,"H3","560313",8,1350738,1350738,5673165,0
2008,381,1,826,"H3","560313",8,338315,338315,4443186,0
2008,381,2,826,"H3","560313",8,954972,954972,5307269,0
2008,381,1,757,"H3","560314",8,614565,614565,2291810,0
2008,381,2,757,"H3","560314",8,1205807,1205807,9538713,0
2008,381,1,826,"H3","560314",8,167687,167687,1073850,0
2008,381,2,826,"H3","560314",8,1758518,1758518,9578256,0
2008,381,2,757,"H3","560391",8,30851,30851,1336495,0
2008,381,1,826,"H3","560391",8,111,111,969,0
2008,381,2,826,"H3","560391",8,591510,591510,1984447,0
2008,381,2,757,"H3","560392",8,13022,13022,63448,0
2008,381,1,826,"H3","560392",8,107520,107520,1124279,0
2008,381,2,826,"H3","560392",8,601032,601032,2002237,0
2008,381,1,757,"H3","560393",8,6878,6878,44180,0
2008,381,2,757,"H3","560393",8,5951,5951,83777,0
2008,381,1,826,"H3","560393",8,6008,6008,74287,0
2008,381,2,826,"H3","560393",8,649115,649115,2679912,0
2008,381,1,757,"H3","560394",8,2870,2870,32626,0
2008,381,2,757,"H3","560394",8,239270,239270,1042860,0
2008,381,1,826,"H3","560394",8,40184,40184,411533,0
2008,381,2,826,"H3","560394",8,192623,192623,1766486,0
2008,381,1,757,"H3","5604",8,1155,1155,32568,0
2008,381,2,757,"H3","5604",8,11466,11466,144715,0
2008,381,1,826,"H3","5604",8,1279,1279,25335,0
2008,381,2,826,"H3","5604",8,446560,446560,4616707,0
2008,381,1,757,"H3","560410",8,1155,1155,32568,0
2008,381,2,757,"H3","560410",8,7679,7679,91240,0
2008,381,1,826,"H3","560410",8,704,704,5373,0
2008,381,2,826,"H3","560410",8,307943,307943,2503840,0
2008,381,2,757,"H3","560490",8,3787,3787,53475,0
2008,381,1,826,"H3","560490",8,575,575,19963,0
2008,381,2,826,"H3","560490",8,138617,138617,2112866,0
2008,381,2,757,"H3","5605",8,1435,1435,105119,0
2008,381,1,826,"H3","5605",8,27369,27369,2766404,0
2008,381,2,826,"H3","5605",8,2080,2080,72973,0
2008,381,2,757,"H3","560500",8,1435,1435,105119,0
2008,381,1,826,"H3","560500",8,27369,27369,2766404,0
2008,381,2,826,"H3","560500",8,2080,2080,72973,0
2008,381,1,757,"H3","5606",8,62336,62336,3377658,0
2008,381,2,757,"H3","5606",8,72621,72621,1699101,0
2008,381,1,826,"H3","5606",8,61,61,6208,0
2008,381,2,826,"H3","5606",8,335304,335304,5518950,0
2008,381,1,757,"H3","560600",8,62336,62336,3377658,0
2008,381,2,757,"H3","560600",8,72621,72621,1699101,0
2008,381,1,826,"H3","560600",8,61,61,6208,0
2008,381,2,826,"H3","560600",8,335304,335304,5518950,0
2008,381,1,757,"H3","5607",8,38326,38326,305786,0
2008,381,2,757,"H3","5607",8,175936,175936,976005,0
2008,381,1,826,"H3","5607",8,38740,38740,534149,0
2008,381,2,826,"H3","5607",8,146284,146284,1087684,0
2008,381,1,826,"H3","560721",8,30,30,44,0
2008,381,2,826,"H3","560721",8,35,35,167,0
2008,381,2,826,"H3","560729",8,1233,1233,9559,0
2008,381,2,757,"H3","560741",8,135805,135805,665393,0
2008,381,2,757,"H3","560749",8,7324,7324,28010,0
2008,381,1,826,"H3","560749",8,1993,1993,7026,0
2008,381,2,826,"H3","560749",8,25924,25924,134242,0
2008,381,1,757,"H3","560750",8,35583,35583,286290,0
2008,381,2,757,"H3","560750",8,18385,18385,152479,0
2008,381,1,826,"H3","560750",8,31631,31631,480244,0
2008,381,2,826,"H3","560750",8,60298,60298,642044,0
2008,381,1,757,"H3","560790",8,2743,2743,19496,0
2008,381,2,757,"H3","560790",8,14422,14422,130123,0
2008,381,1,826,"H3","560790",8,5086,5086,46836,0
2008,381,2,826,"H3","560790",8,58794,58794,301670,0
2008,381,1,757,"H3","5608",8,1000,1000,5403,0
2008,381,2,757,"H3","5608",8,245598,245598,1593634,0
2008,381,1,826,"H3","5608",8,9298,9298,76319,0
2008,381,2,826,"H3","5608",8,230244,230244,1494303,0
2008,381,1,757,"H3","560811",8,1000,1000,5403,0
2008,381,2,757,"H3","560811",8,38315,38315,193743,0
2008,381,1,826,"H3","560811",8,4672,4672,15699,0
2008,381,2,826,"H3","560811",8,90105,90105,889575,0
2008,381,2,757,"H3","560819",8,185883,185883,1111472,0
2008,381,1,826,"H3","560819",8,4153,4153,58382,0
2008,381,2,826,"H3","560819",8,129205,129205,481819,0
2008,381,2,757,"H3","560890",8,21400,21400,288420,0
2008,381,1,826,"H3","560890",8,473,473,2238,0
2008,381,2,826,"H3","560890",8,10934,10934,122909,0
2008,381,1,757,"H3","5609",8,1688,1688,67752,0
2008,381,2,757,"H3","5609",8,12312,12312,145614,0
2008,381,1,826,"H3","5609",8,1079,1079,24331,0
2008,381,2,826,"H3","5609",8,7286,7286,94977,0
2008,381,1,757,"H3","560900",8,1688,1688,67752,0
2008,381,2,757,"H3","560900",8,12312,12312,145614,0
2008,381,1,826,"H3","560900",8,1079,1079,24331,0
2008,381,2,826,"H3","560900",8,7286,7286,94977,0
2008,381,1,757,"H3","57",1,,,4927124,0
2008,381,2,757,"H3","57",1,,,6966499,0
2008,381,1,826,"H3","57",1,,,6566287,0
2008,381,2,826,"H3","57",1,,,16913659,0
2008,381,1,757,"H3","5701",2,351,1099,69307,0
2008,381,2,757,"H3","5701",2,3190,10100,561836,0
2008,381,1,826,"H3","5701",2,1504,15430,224344,4
2008,381,2,826,"H3","5701",2,17754,28443,1652853,4
2008,381,1,757,"H3","570110",2,351,1099,69307,0
2008,381,2,757,"H3","570110",2,925,3380,291419,0
2008,381,1,826,"H3","570110",2,1155,7982,189820,4
2008,381,2,826,"H3","570110",2,16737,24840,1547311,4
2008,381,2,757,"H3","570190",2,2265,6720,270417,0
2008,381,1,826,"H3","570190",2,349,7448,34524,4
2008,381,2,826,"H3","570190",2,1017,3603,105542,4
2008,381,1,757,"H3","5702",2,25039,70664,1973728,0
2008,381,2,757,"H3","5702",2,55091,124449,1556473,0
2008,381,1,826,"H3","5702",2,61540,288546,2972933,4
2008,381,2,826,"H3","5702",2,45422,138028,1111874,4
2008,381,1,757,"H3","570210",2,5,48,1483,0
2008,381,2,757,"H3","570210",2,5786,10324,149227,0
2008,381,1,826,"H3","570210",2,36,216,1304,4
2008,381,2,826,"H3","570210",2,32,192,4745,4
2008,381,1,757,"H3","570220",2,498,3104,59751,0
2008,381,2,757,"H3","570220",2,16,366,14563,0
2008,381,1,826,"H3","570220",2,321,2592,4747,4
2008,381,2,826,"H3","570220",2,36,757,3895,4
2008,381,1,757,"H3","570231",2,4431,8302,396928,0
2008,381,2,757,"H3","570231",2,12495,26669,351441,0
2008,381,1,826,"H3","570231",2,56427,243316,2759128,4
2008,381,2,826,"H3","570231",2,10810,20987,334833,4
2008,381,1,757,"H3","570232",2,761,1228,53613,0
2008,381,2,757,"H3","570232",2,2185,4930,99389,0
2008,381,1,826,"H3","570232",2,412,2806,13658,4
2008,381,2,826,"H3","570232",2,72,20,361,4
2008,381,2,757,"H3","570239",2,31,119,12296,0
2008,381,1,826,"H3","570239",2,2160,26810,118110,4
2008,381,2,826,"H3","570239",2,1175,487,21864,4
2008,381,1,757,"H3","570241",2,212,894,34768,0
2008,381,2,757,"H3","570241",2,254,777,52825,0
2008,381,1,826,"H3","570241",2,566,1229,25874,4
2008,381,2,826,"H3","570241",2,1100,507,25641,4
2008,381,2,757,"H3","570242",2,8765,35963,227914,0
2008,381,1,826,"H3","570242",2,1154,5502,24378,4
2008,381,2,826,"H3","570242",2,23571,106475,617384,4
2008,381,2,757,"H3","570249",2,4706,7775,79515,0
2008,381,1,826,"H3","570249",2,333,822,3461,4
2008,381,1,757,"H3","570250",2,13882,34891,516431,0
2008,381,2,757,"H3","570250",2,912,3796,62717,0
2008,381,1,826,"H3","570250",2,67,2016,9375,4
2008,381,2,826,"H3","570250",2,1209,651,12854,4
2008,381,1,757,"H3","570291",2,4640,19902,828529,0
2008,381,2,757,"H3","570291",2,1374,4074,186867,0
2008,381,2,826,"H3","570291",2,48,279,9975,4
2008,381,2,757,"H3","570292",2,6175,8512,49252,0
2008,381,2,826,"H3","570292",2,4,414,1909,4
2008,381,1,757,"H3","570299",2,610,2295,82225,0
2008,381,2,757,"H3","570299",2,12392,21144,270467,0
2008,381,1,826,"H3","570299",2,64,3238,12898,4
2008,381,2,826,"H3","570299",2,7365,7260,78412,4
2008,381,1,757,"H3","5703",2,39917,96270,1386718,0
2008,381,2,757,"H3","5703",2,103699,182756,1809757,0
2008,381,1,826,"H3","5703",2,34034,266114,1414610,4
2008,381,2,826,"H3","5703",2,902313,1432907,10091190,4
2008,381,1,757,"H3","570310",2,17234,47071,899104,0
2008,381,2,757,"H3","570310",2,9561,16115,307592,0
2008,381,1,826,"H3","570310",2,3990,11389,144177,4
2008,381,2,826,"H3","570310",2,290280,189413,3862568,4
2008,381,1,757,"H3","570320",2,19160,43477,374136,0
2008,381,2,757,"H3","570320",2,40038,65795,549408,0
2008,381,1,826,"H3","570320",2,28214,229552,1177653,4
2008,381,2,826,"H3","570320",2,504132,863816,4972577,4
2008,381,1,757,"H3","570330",2,1884,2551,13686,0
2008,381,2,757,"H3","570330",2,42088,94105,858242,0
2008,381,1,826,"H3","570330",2,1830,25173,92780,4
2008,381,2,826,"H3","570330",2,107741,378659,1242810,4
2008,381,1,757,"H3","570390",2,1639,3171,99793,0
2008,381,2,757,"H3","570390",2,12012,6741,94516,0
2008,381,2,826,"H3","570390",2,160,1019,13234,4
2008,381,1,757,"H3","5704",2,108200,253858,1234663,0
2008,381,2,757,"H3","5704",2,249397,184174,748294,0
2008,381,1,826,"H3","5704",2,664,3336,11134,4
2008,381,2,826,"H3","5704",2,1540558,848720,2872390,4
2008,381,2,757,"H3","570410",2,316,1422,5131,0
2008,381,1,826,"H3","570410",2,561,2505,8598,4
2008,381,1,757,"H3","570490",2,108200,253858,1234663,0
2008,381,2,757,"H3","570490",2,249081,182752,743162,0
2008,381,1,826,"H3","570490",2,103,831,2536,4
2008,381,2,826,"H3","570490",2,1540558,848720,2872390,4
2008,381,1,757,"H3","5705",2,4219,6288,262708,0
2008,381,2,757,"H3","5705",2,135870,231341,2290139,0
2008,381,1,826,"H3","5705",2,35042,300239,1139855,4
2008,381,2,826,"H3","5705",2,97531,147729,1185352,4
2008,381,1,757,"H3","570500",2,4219,6288,262708,0
2008,381,2,757,"H3","570500",2,135870,231341,2290139,0
2008,381,1,826,"H3","570500",2,35042,300239,1139855,4
2008,381,2,826,"H3","570500",2,97531,147729,1185352,4
2008,381,1,757,"H3","58",1,,,11506337,0
2008,381,2,757,"H3","58",1,,,12478842,0
2008,381,1,826,"H3","58",1,,,7898112,0
2008,381,2,826,"H3","58",1,,,37498916,0
2008,381,1,757,"H3","5801",1,,8249,448274,4
2008,381,2,757,"H3","5801",1,,25197,1007933,4
2008,381,1,826,"H3","5801",1,,,1944588,0
2008,381,2,826,"H3","5801",1,,1167150,28005276,4
2008,381,1,757,"H3","580110",8,2339,2339,231263,0
2008,381,2,757,"H3","580110",8,575,575,11550,0
2008,381,1,826,"H3","580110",8,2170,2170,242036,6
2008,381,2,826,"H3","580110",8,5413,5413,294300,6
2008,381,2,757,"H3","580121",8,1402,1402,44503,0
2008,381,1,826,"H3","580121",8,710,710,5350,6
2008,381,2,826,"H3","580121",8,2186,2186,89731,6
2008,381,1,757,"H3","580122",8,489,489,17611,0
2008,381,2,757,"H3","580122",8,4251,4251,205782,0
2008,381,1,826,"H3","580122",8,39335,39335,276683,6
2008,381,2,826,"H3","580122",8,9373,9373,250878,6
2008,381,1,757,"H3","580123",8,1128,1128,18399,0
2008,381,2,757,"H3","580123",8,229,229,20860,0
2008,381,1,826,"H3","580123",8,3788,3788,25359,6
2008,381,2,826,"H3","580123",8,3003,3003,81325,6
2008,381,1,826,"H3","580124",1,,,4675,0
2008,381,2,826,"H3","580124",8,751,751,23146,6
2008,381,1,757,"H3","580125",8,516,516,15427,0
2008,381,2,757,"H3","580125",8,4276,4276,150667,0
2008,381,1,826,"H3","580125",8,25919,25919,290929,6
2008,381,2,826,"H3","580125",8,138263,138263,5161472,6
2008,381,2,757,"H3","580126",8,113,113,3742,0
2008,381,1,826,"H3","580126",8,7126,7126,58385,6
2008,381,2,826,"H3","580126",8,80062,80062,902461,6
2008,381,1,757,"H3","580131",8,130,130,6455,0
2008,381,2,757,"H3","580131",8,475,475,28220,6
2008,381,1,826,"H3","580131",8,273,273,1876,6
2008,381,2,826,"H3","580131",8,122,122,1070,6
2008,381,1,826,"H3","580132",8,1041,1041,7284,6
2008,381,2,826,"H3","580132",8,1620,1620,63497,6
2008,381,2,757,"H3","580133",8,452,452,25469,0
2008,381,1,826,"H3","580133",8,5668,5668,39115,6
2008,381,2,826,"H3","580133",8,2787,2787,86827,6
2008,381,1,757,"H3","580134",8,24,24,1592,0
2008,381,2,757,"H3","580134",8,16,16,1835,6
2008,381,1,826,"H3","580134",8,5915,5915,40090,6
2008,381,2,826,"H3","580134",8,754,754,17733,6
2008,381,1,757,"H3","580135",8,3240,3240,122387,6
2008,381,2,757,"H3","580135",8,9294,9294,184904,0
2008,381,1,826,"H3","580135",8,33287,33287,720406,6
2008,381,2,826,"H3","580135",8,638154,638154,13606539,6
2008,381,1,757,"H3","580136",8,115,115,20844,0
2008,381,2,757,"H3","580136",8,313,313,27852,0
2008,381,1,826,"H3","580136",8,7451,7451,70424,6
2008,381,2,826,"H3","580136",8,236661,236661,5761251,6
2008,381,1,757,"H3","580190",8,268,268,14297,0
2008,381,2,757,"H3","580190",8,3801,3801,302547,0
2008,381,1,826,"H3","580190",8,13772,13772,161974,6
2008,381,2,826,"H3","580190",8,48000,48000,1665045,6
2008,381,2,757,"H3","5802",8,89,89,1791,0
2008,381,1,826,"H3","5802",8,721,721,2684,6
2008,381,2,826,"H3","5802",8,24516,24516,118299,6
2008,381,1,826,"H3","580211",8,595,595,1891,6
2008,381,2,826,"H3","580211",8,23245,23245,77775,6
2008,381,2,757,"H3","580219",8,89,89,1791,0
2008,381,2,826,"H3","580219",8,1271,1271,40524,6
2008,381,1,826,"H3","580220",8,83,83,549,6
2008,381,1,826,"H3","580230",8,44,44,244,6
2008,381,1,757,"H3","5803",8,1750,1750,94808,0
2008,381,2,757,"H3","5803",8,1310,1310,38935,0
2008,381,1,826,"H3","5803",8,537,537,17633,6
2008,381,2,826,"H3","5803",8,4,4,54,6
2008,381,1,757,"H3","580300",8,1750,1750,94808,0
2008,381,2,757,"H3","580300",8,1310,1310,38935,0
2008,381,1,826,"H3","580300",8,537,537,17633,6
2008,381,2,826,"H3","580300",8,4,4,54,6
2008,381,1,757,"H3","5804",8,2579,2579,393451,0
2008,381,2,757,"H3","5804",8,5006,5006,420663,0
2008,381,1,826,"H3","5804",8,14620,14620,1222639,0
2008,381,2,826,"H3","5804",8,21141,21141,920730,0
2008,381,1,757,"H3","580410",8,2571,2571,386265,0
2008,381,2,757,"H3","580410",8,2579,2579,271994,0
2008,381,1,826,"H3","580410",8,7081,7081,453274,0
2008,381,2,826,"H3","580410",8,3354,3354,190692,0
2008,381,1,757,"H3","580421",8,7,7,5252,0
2008,381,2,757,"H3","580421",8,31,31,14869,0
2008,381,1,826,"H3","580421",8,3945,3945,503779,0
2008,381,2,826,"H3","580421",8,15889,15889,600595,0
2008,381,2,757,"H3","580429",8,2313,2313,124250,0
2008,381,1,826,"H3","580429",8,3594,3594,265586,0
2008,381,2,826,"H3","580429",8,1898,1898,129443,0
2008,381,1,757,"H3","580430",8,1,1,1934,0
2008,381,2,757,"H3","580430",8,83,83,9551,0
2008,381,1,757,"H3","5805",8,30,30,6387,0
2008,381,2,757,"H3","5805",8,5,5,1891,0
2008,381,1,826,"H3","5805",8,109,109,6080,0
2008,381,2,826,"H3","5805",8,89,89,21897,0
2008,381,1,757,"H3","580500",8,30,30,6387,0
2008,381,2,757,"H3","580500",8,5,5,1891,0
2008,381,1,826,"H3","580500",8,109,109,6080,0
2008,381,2,826,"H3","580500",8,89,89,21897,0
2008,381,1,757,"H3","5806",8,34445,34445,2907877,0
2008,381,2,757,"H3","5806",8,165359,165359,6902298,0
2008,381,1,826,"H3","5806",8,188521,188521,1357514,0
2008,381,2,826,"H3","5806",8,176613,176613,2065719,0
2008,381,1,757,"H3","580610",8,3484,3484,475870,0
2008,381,2,757,"H3","580610",8,689,689,84416,0
2008,381,1,826,"H3","580610",8,10469,10469,129558,0
2008,381,2,826,"H3","580610",8,1907,1907,48253,0
2008,381,1,757,"H3","580620",8,200,200,21622,0
2008,381,2,757,"H3","580620",8,2723,2723,48919,0
2008,381,1,826,"H3","580620",8,2010,2010,67048,0
2008,381,2,826,"H3","580620",8,72577,72577,373162,0
2008,381,1,757,"H3","580631",8,41,41,6554,0
2008,381,2,757,"H3","580631",8,4100,4100,167419,0
2008,381,1,826,"H3","580631",8,606,606,21552,0
2008,381,2,826,"H3","580631",8,1880,1880,64765,0
2008,381,1,757,"H3","580632",8,30669,30669,2395813,0
2008,381,2,757,"H3","580632",8,152560,152560,6386788,0
2008,381,1,826,"H3","580632",8,163057,163057,974585,0
2008,381,2,826,"H3","580632",8,93546,93546,1259059,0
2008,381,1,757,"H3","580639",8,51,51,8018,0
2008,381,2,757,"H3","580639",8,3318,3318,145418,0
2008,381,1,826,"H3","580639",8,929,929,34219,0
2008,381,2,826,"H3","580639",8,6664,6664,319229,0
2008,381,2,757,"H3","580640",8,1969,1969,69337,0
2008,381,1,826,"H3","580640",8,11450,11450,130552,0
2008,381,2,826,"H3","580640",8,39,39,1252,0
2008,381,1,757,"H3","5807",8,105,105,44045,0
2008,381,2,757,"H3","5807",8,19529,19529,3124600,0
2008,381,1,826,"H3","5807",8,29913,29913,1191121,0
2008,381,2,826,"H3","5807",8,8736,8736,1454502,0
2008,381,1,757,"H3","580710",8,91,91,34226,0
2008,381,2,757,"H3","580710",8,14901,14901,2623170,0
2008,381,1,826,"H3","580710",8,26857,26857,1087260,0
2008,381,2,826,"H3","580710",8,8574,8574,1423613,0
2008,381,1,757,"H3","580790",8,14,14,9819,0
2008,381,2,757,"H3","580790",8,4628,4628,501430,0
2008,381,1,826,"H3","580790",8,3056,3056,103860,0
2008,381,2,826,"H3","580790",8,162,162,30888,0
2008,381,1,757,"H3","5808",8,3661,3661,240457,0
2008,381,2,757,"H3","5808",8,12274,12274,514293,0
2008,381,1,826,"H3","5808",8,2966,2966,256356,0
2008,381,2,826,"H3","5808",8,37300,37300,1432484,0
2008,381,1,757,"H3","580810",8,3632,3632,224911,0
2008,381,1,826,"H3","580810",8,1427,1427,151238,0
2008,381,2,826,"H3","580810",8,1105,1105,68641,0
2008,381,1,757,"H3","580890",8,29,29,15546,0
2008,381,2,757,"H3","580890",8,12274,12274,514293,0
2008,381,1,826,"H3","580890",8,1539,1539,105118,0
2008,381,2,826,"H3","580890",8,36195,36195,1363843,0
2008,381,1,757,"H3","5809",8,1484,1484,150884,0
2008,381,1,826,"H3","5809",8,7,7,229,0
2008,381,2,826,"H3","5809",8,1024,1024,51788,0
2008,381,1,757,"H3","580900",8,1484,1484,150884,0
2008,381,1,826,"H3","580900",8,7,7,229,0
2008,381,2,826,"H3","580900",8,1024,1024,51788,0
2008,381,1,757,"H3","5810",8,14854,14854,7220153,0
2008,381,2,757,"H3","5810",8,2111,2111,252367,0
2008,381,1,826,"H3","5810",8,1905,1905,568010,0
2008,381,2,826,"H3","5810",8,19183,19183,2770187,0
2008,381,1,757,"H3","581010",8,7859,7859,3616935,0
2008,381,2,757,"H3","581010",8,178,178,46036,0
2008,381,1,826,"H3","581010",8,136,136,51771,0
2008,381,2,826,"H3","581010",8,155,155,54397,0
2008,381,1,757,"H3","581091",8,2350,2350,866747,0
2008,381,2,757,"H3","581091",8,497,497,47314,0
2008,381,1,826,"H3","581091",8,414,414,72710,0
2008,381,2,826,"H3","581091",8,2279,2279,121332,0
2008,381,1,757,"H3","581092",8,3655,3655,2128588,0
2008,381,2,757,"H3","581092",8,597,597,61199,0
2008,381,1,826,"H3","581092",8,610,610,266226,0
2008,381,2,826,"H3","581092",8,14002,14002,2235340,0
2008,381,1,757,"H3","581099",8,990,990,607883,0
2008,381,2,757,"H3","581099",8,839,839,97818,0
2008,381,1,826,"H3","581099",8,745,745,177303,0
2008,381,2,826,"H3","581099",8,2747,2747,359118,0
2008,381,2,757,"H3","5811",8,8412,8412,214072,0
2008,381,1,826,"H3","5811",8,384,384,4453,6
2008,381,2,826,"H3","5811",8,6051,6051,190972,6
2008,381,2,757,"H3","581100",8,8412,8412,214072,0
2008,381,1,826,"H3","581100",8,384,384,4453,6
2008,381,2,826,"H3","581100",8,6051,6051,190972,6
2008,381,1,757,"H3","59",1,,,19648617,0
2008,381,2,757,"H3","59",1,,,14868776,0
2008,381,1,826,"H3","59",1,,,44093497,0
2008,381,2,826,"H3","59",1,,,38633455,0
2008,381,1,757,"H3","5901",8,380,380,16044,0
2008,381,2,757,"H3","5901",8,251638,251638,1783287,0
2008,381,1,826,"H3","5901",8,23302,23302,169129,6
2008,381,2,826,"H3","5901",8,45480,45480,480749,6
2008,381,2,757,"H3","590110",8,5400,5400,119330,0
2008,381,1,826,"H3","590110",8,8353,8353,111297,6
2008,381,2,826,"H3","590110",8,14639,14639,165743,6
2008,381,1,757,"H3","590190",8,380,380,16044,0
2008,381,2,757,"H3","590190",8,246238,246238,1663957,0
2008,381,1,826,"H3","590190",8,14949,14949,57832,6
2008,381,2,826,"H3","590190",8,30841,30841,315006,6
2008,381,1,826,"H3","5902",8,31667,31667,200364,6
2008,381,2,826,"H3","5902",8,1808273,1808273,11711626,6
2008,381,1,826,"H3","590210",8,54,54,411,6
2008,381,2,826,"H3","590210",8,704104,704104,3158400,6
2008,381,1,826,"H3","590220",8,6180,6180,31674,6
2008,381,1,826,"H3","590290",8,25433,25433,168279,6
2008,381,2,826,"H3","590290",8,1104170,1104170,8553227,6
2008,381,1,757,"H3","5903",8,94126,94126,3740030,0
2008,381,2,757,"H3","5903",8,400050,400050,6814469,0
2008,381,1,826,"H3","5903",8,3229249,3229249,19229418,6
2008,381,2,826,"H3","5903",8,1053556,1053556,12909684,6
2008,381,1,757,"H3","590310",8,2306,2306,63066,0
2008,381,2,757,"H3","590310",8,108213,108213,1317315,0
2008,381,1,826,"H3","590310",8,1878828,1878828,8011707,6
2008,381,2,826,"H3","590310",8,222896,222896,1935173,6
2008,381,1,757,"H3","590320",8,39934,39934,1782372,0
2008,381,2,757,"H3","590320",8,130124,130124,2199900,0
2008,381,1,826,"H3","590320",8,776368,776368,7592372,6
2008,381,2,826,"H3","590320",8,194155,194155,3850054,6
2008,381,1,757,"H3","590390",8,51886,51886,1894591,0
2008,381,2,757,"H3","590390",8,161713,161713,3297254,0
2008,381,1,826,"H3","590390",8,574053,574053,3625339,6
2008,381,2,826,"H3","590390",8,636505,636505,7124457,6
2008,381,1,757,"H3","5904",2,176,1151,3885,0
2008,381,2,757,"H3","5904",2,111461,310635,1051565,0
2008,381,2,826,"H3","5904",2,20495,66470,214709,4
2008,381,1,757,"H3","590410",2,176,1151,3885,0
2008,381,2,757,"H3","590410",2,111295,310150,1027231,0
2008,381,2,826,"H3","590410",2,20495,66470,214709,4
2008,381,2,757,"H3","590490",2,166,485,24334,0
2008,381,1,757,"H3","5905",1,,2336,58058,0
2008,381,2,757,"H3","5905",1,,2598,203847,0
2008,381,1,826,"H3","5905",1,,362,12216,0
2008,381,2,826,"H3","5905",1,,25343,543551,0
2008,381,1,757,"H3","590500",1,,2336,58058,0
2008,381,2,757,"H3","590500",1,,2598,203847,0
2008,381,1,826,"H3","590500",1,,362,12216,0
2008,381,2,826,"H3","590500",1,,25343,543551,0
2008,381,1,757,"H3","5906",8,63222,63222,1234647,0
2008,381,2,757,"H3","5906",8,92708,92708,768915,0
2008,381,1,826,"H3","5906",8,382476,382476,2980614,0
2008,381,2,826,"H3","5906",8,441621,441621,3405278,0
2008,381,1,757,"H3","590610",8,4196,4196,178456,0
2008,381,2,757,"H3","590610",8,90375,90375,660062,0
2008,381,1,826,"H3","590610",8,309015,309015,2081030,0
2008,381,2,826,"H3","590610",8,239988,239988,1298238,0
2008,381,1,757,"H3","590691",8,845,845,19683,0
2008,381,2,826,"H3","590691",8,51,51,1028,0
2008,381,1,757,"H3","590699",8,58181,58181,1036509,0
2008,381,2,757,"H3","590699",8,2333,2333,108853,0
2008,381,1,826,"H3","590699",8,73461,73461,899584,0
2008,381,2,826,"H3","590699",8,201582,201582,2106013,0
2008,381,1,757,"H3","5907",8,126,126,1882,0
2008,381,2,757,"H3","5907",8,15193,15193,521245,0
2008,381,1,826,"H3","5907",8,187761,187761,1443753,6
2008,381,2,826,"H3","5907",8,56965,56965,833582,6
2008,381,1,757,"H3","590700",8,126,126,1882,0
2008,381,2,757,"H3","590700",8,15193,15193,521245,0
2008,381,1,826,"H3","590700",8,187761,187761,1443753,6
2008,381,2,826,"H3","590700",8,56965,56965,833582,6
2008,381,2,826,"H3","5908",8,22,22,157,0
2008,381,2,826,"H3","590800",8,22,22,157,0
2008,381,1,757,"H3","5909",8,16675,16675,277516,0
2008,381,1,826,"H3","5909",8,42591,42591,636682,0
2008,381,1,757,"H3","590900",8,16675,16675,277516,0
2008,381,1,826,"H3","590900",8,42591,42591,636682,0
2008,381,1,757,"H3","5910",8,182,182,44967,0
2008,381,2,757,"H3","5910",8,41349,41349,1225460,0
2008,381,1,826,"H3","5910",8,50892,50892,385876,0
2008,381,2,826,"H3","5910",8,214076,214076,2105991,0
2008,381,1,757,"H3","591000",8,182,182,44967,0
2008,381,2,757,"H3","591000",8,41349,41349,1225460,0
2008,381,1,826,"H3","591000",8,50892,50892,385876,0
2008,381,2,826,"H3","591000",8,214076,214076,2105991,0
2008,381,1,757,"H3","5911",8,159794,159794,14271589,0
2008,381,2,757,"H3","5911",8,129875,129875,2499989,0
2008,381,1,826,"H3","5911",8,600732,600732,16368259,6
2008,381,2,826,"H3","5911",8,95691,95691,6386308,6
2008,381,1,757,"H3","591110",8,48,48,7566,0
2008,381,2,757,"H3","591110",8,2511,2511,125850,0
2008,381,1,826,"H3","591110",8,298161,298161,8841394,0
2008,381,2,826,"H3","591110",8,24784,24784,254772,0
2008,381,1,757,"H3","591120",8,74371,74371,7685941,0
2008,381,2,757,"H3","591120",8,1316,1316,41198,0
2008,381,1,826,"H3","591120",8,134,134,14551,0
2008,381,2,826,"H3","591120",8,118,118,8568,0
2008,381,2,757,"H3","591131",8,764,764,149498,0
2008,381,1,826,"H3","591131",8,16167,16167,565207,6
2008,381,2,826,"H3","591131",8,7710,7710,915076,6
2008,381,1,757,"H3","591132",8,72327,72327,5577895,0
2008,381,2,757,"H3","591132",8,11400,11400,172052,0
2008,381,1,826,"H3","591132",8,4578,4578,132263,0
2008,381,2,826,"H3","591132",8,17636,17636,1557772,0
2008,381,1,757,"H3","591140",8,2817,2817,368963,0
2008,381,2,757,"H3","591140",8,1800,1800,99516,0
2008,381,1,826,"H3","591140",8,378,378,26711,0
2008,381,1,757,"H3","591190",8,10231,10231,631224,0
2008,381,2,757,"H3","591190",8,112084,112084,1911875,0
2008,381,1,826,"H3","591190",8,281314,281314,6788134,0
2008,381,2,826,"H3","591190",8,45443,45443,3650120,0
2008,381,1,757,"H3","60",1,,,5664413,0
2008,381,2,757,"H3","60",1,,,13114691,0
2008,381,1,826,"H3","60",1,,,5455584,0
2008,381,2,826,"H3","60",1,,,30051582,0
2008,381,1,757,"H3","6001",8,841,841,17216,0
2008,381,2,757,"H3","6001",8,73272,73272,1063723,0
2008,381,1,826,"H3","6001",8,1007,1007,37403,0
2008,381,2,826,"H3","6001",8,218292,218292,3169028,0
2008,381,1,757,"H3","600110",8,355,355,6907,0
2008,381,2,757,"H3","600110",8,57255,57255,734259,0
2008,381,1,826,"H3","600110",8,35,35,1041,0
2008,381,2,826,"H3","600110",8,23945,23945,356881,0
2008,381,2,757,"H3","600121",8,365,365,7811,0
2008,381,1,826,"H3","600121",8,131,131,5891,0
2008,381,2,826,"H3","600121",8,34172,34172,310905,0
2008,381,2,757,"H3","600122",8,3708,3708,42875,0
2008,381,1,826,"H3","600122",8,2,2,48,0
2008,381,2,826,"H3","600122",8,412,412,7229,0
2008,381,2,757,"H3","600129",8,28,28,1740,0
2008,381,2,826,"H3","600129",8,292,292,2701,0
2008,381,2,757,"H3","600191",8,990,990,28137,0
2008,381,2,826,"H3","600191",8,100954,100954,1689163,0
2008,381,1,757,"H3","600192",8,486,486,10309,0
2008,381,2,757,"H3","600192",8,10742,10742,226055,0
2008,381,1,826,"H3","600192",8,839,839,30423,0
2008,381,2,826,"H3","600192",8,58414,58414,795768,0
2008,381,2,757,"H3","600199",8,184,184,22847,0
2008,381,2,826,"H3","600199",8,103,103,6379,0
2008,381,1,757,"H3","6002",8,261,261,12174,0
2008,381,2,757,"H3","6002",8,11061,11061,312821,0
2008,381,1,826,"H3","6002",8,22219,22219,525783,0
2008,381,2,826,"H3","6002",8,12152,12152,199848,0
2008,381,2,757,"H3","600240",8,4425,4425,137282,0
2008,381,1,826,"H3","600240",8,16428,16428,470377,0
2008,381,2,826,"H3","600240",8,4177,4177,78031,0
2008,381,1,757,"H3","600290",8,261,261,12174,0
2008,381,2,757,"H3","600290",8,6636,6636,175540,0
2008,381,1,826,"H3","600290",8,5791,5791,55406,0
2008,381,2,826,"H3","600290",8,7975,7975,121817,0
2008,381,1,757,"H3","6003",8,46,46,4687,0
2008,381,2,757,"H3","6003",8,3465,3465,206521,0
2008,381,1,826,"H3","6003",8,2076,2076,45815,0
2008,381,2,826,"H3","6003",8,282,282,18755,0
2008,381,2,757,"H3","600310",8,402,402,51779,0
2008,381,1,826,"H3","600310",8,68,68,17230,0
2008,381,2,826,"H3","600310",8,6,6,317,0
2008,381,2,757,"H3","600320",8,56,56,11534,0
2008,381,1,826,"H3","600320",8,1436,1436,10118,0
2008,381,1,757,"H3","600330",8,46,46,4687,0
2008,381,2,757,"H3","600330",8,2277,2277,123002,0
2008,381,1,826,"H3","600330",8,64,64,2398,0
2008,381,2,826,"H3","600330",8,231,231,16579,0
2008,381,1,826,"H3","600340",8,60,60,3295,0
2008,381,2,826,"H3","600340",8,24,24,706,0
2008,381,2,757,"H3","600390",8,730,730,20205,0
2008,381,1,826,"H3","600390",8,448,448,12774,0
2008,381,2,826,"H3","600390",8,21,21,1153,0
2008,381,1,757,"H3","6004",8,30706,30706,2086596,0
2008,381,2,757,"H3","6004",8,126435,126435,4440176,0
2008,381,1,826,"H3","6004",8,25047,25047,760479,0
2008,381,2,826,"H3","6004",8,395085,395085,9872686,0
2008,381,1,757,"H3","600410",8,29734,29734,1984476,0
2008,381,2,757,"H3","600410",8,125215,125215,4167419,0
2008,381,1,826,"H3","600410",8,22726,22726,715161,0
2008,381,2,826,"H3","600410",8,389340,389340,9700380,0
2008,381,1,757,"H3","600490",8,972,972,102120,0
2008,381,2,757,"H3","600490",8,1220,1220,272757,0
2008,381,1,826,"H3","600490",8,2321,2321,45318,0
2008,381,2,826,"H3","600490",8,5745,5745,172306,0
2008,381,1,757,"H3","6005",8,79851,79851,3201289,0
2008,381,2,757,"H3","6005",8,257064,257064,3865284,0
2008,381,1,826,"H3","6005",8,102851,102851,2608431,0
2008,381,2,826,"H3","6005",8,1384432,1384432,7292782,0
2008,381,1,757,"H3","600521",8,5232,5232,96809,0
2008,381,1,826,"H3","600521",8,127,127,5486,0
2008,381,2,826,"H3","600521",8,18,18,179,0
2008,381,1,757,"H3","600522",8,32,32,5201,0
2008,381,2,757,"H3","600522",8,79,79,9470,0
2008,381,1,826,"H3","600522",8,85,85,9772,0
2008,381,1,757,"H3","600524",8,120,120,2555,0
2008,381,2,757,"H3","600524",8,8644,8644,317766,0
2008,381,2,826,"H3","600524",8,61,61,862,0
2008,381,2,757,"H3","600531",8,224595,224595,2868946,0
2008,381,1,826,"H3","600531",8,43383,43383,575448,0
2008,381,2,826,"H3","600531",8,1341228,1341228,6231809,0
2008,381,1,757,"H3","600532",8,74378,74378,3066486,0
2008,381,2,757,"H3","600532",8,8040,8040,248502,0
2008,381,1,826,"H3","600532",8,58382,58382,1997083,0
2008,381,2,826,"H3","600532",8,22901,22901,444420,0
2008,381,1,826,"H3","600533",8,469,469,8639,0
2008,381,1,757,"H3","600534",8,35,35,23848,0
2008,381,2,757,"H3","600534",8,401,401,16886,0
2008,381,1,826,"H3","600534",8,39,39,985,0
2008,381,2,826,"H3","600534",8,8666,8666,413470,0
2008,381,1,757,"H3","600542",8,41,41,3503,0
2008,381,2,826,"H3","600542",8,10378,10378,160460,0
2008,381,2,826,"H3","600543",8,23,23,590,0
2008,381,2,757,"H3","600544",8,14849,14849,383200,0
2008,381,2,826,"H3","600544",8,441,441,21834,0
2008,381,1,757,"H3","600590",8,13,13,2887,0
2008,381,2,757,"H3","600590",8,456,456,20514,0
2008,381,1,826,"H3","600590",8,366,366,11018,0
2008,381,2,826,"H3","600590",8,716,716,19159,0
2008,381,1,757,"H3","6006",8,5778,5778,342451,0
2008,381,2,757,"H3","6006",8,77866,77866,3226166,0
2008,381,1,826,"H3","6006",8,25471,25471,795457,0
2008,381,2,826,"H3","6006",8,343410,343410,7233135,0
2008,381,1,757,"H3","600610",8,400,400,1896,0
2008,381,2,757,"H3","600610",8,8792,8792,782886,0
2008,381,1,826,"H3","600610",8,683,683,17351,0
2008,381,2,826,"H3","600610",8,12205,12205,560314,0
2008,381,2,757,"H3","600621",8,20,20,3760,0
2008,381,1,826,"H3","600621",8,13,13,88,0
2008,381,2,826,"H3","600621",8,9151,9151,65787,0
2008,381,1,757,"H3","600622",8,2569,2569,181404,0
2008,381,2,757,"H3","600622",8,11995,11995,722647,0
2008,381,1,826,"H3","600622",8,3883,3883,238499,0
2008,381,2,826,"H3","600622",8,3464,3464,138929,0
2008,381,1,757,"H3","600623",8,119,119,1512,0
2008,381,2,757,"H3","600623",8,1864,1864,127493,0
2008,381,2,826,"H3","600623",8,1907,1907,91503,0
2008,381,1,826,"H3","600624",8,65,65,1539,0
2008,381,2,826,"H3","600624",8,2823,2823,119089,0
2008,381,2,757,"H3","600631",8,6825,6825,36036,0
2008,381,1,826,"H3","600631",8,209,209,2153,0
2008,381,2,826,"H3","600631",8,26395,26395,387524,0
2008,381,1,757,"H3","600632",8,2122,2122,72013,0
2008,381,2,757,"H3","600632",8,17722,17722,579665,0
2008,381,1,826,"H3","600632",8,17617,17617,373766,0
2008,381,2,826,"H3","600632",8,106678,106678,2362990,0
2008,381,2,757,"H3","600633",8,833,833,158148,0
2008,381,1,826,"H3","600633",8,1072,1072,113257,0
2008,381,2,826,"H3","600633",8,4692,4692,127092,0
2008,381,1,757,"H3","600634",8,230,230,79890,0
2008,381,1,826,"H3","600634",8,4,4,5060,0
2008,381,2,826,"H3","600634",8,20180,20180,540881,0
2008,381,2,757,"H3","600641",8,75,75,1810,0
2008,381,2,826,"H3","600641",8,3126,3126,42168,0
2008,381,1,757,"H3","600642",8,338,338,5737,0
2008,381,2,757,"H3","600642",8,3022,3022,102840,0
2008,381,1,826,"H3","600642",8,25,25,1203,0
2008,381,2,826,"H3","600642",8,13783,13783,716065,0
2008,381,2,757,"H3","600643",8,1464,1464,113618,0
2008,381,2,826,"H3","600643",8,3138,3138,115071,0
2008,381,2,757,"H3","600644",8,1350,1350,75005,0
2008,381,2,826,"H3","600644",8,8228,8228,275329,0
2008,381,2,757,"H3","600690",8,23904,23904,522258,0
2008,381,1,826,"H3","600690",8,1900,1900,42542,0
2008,381,2,826,"H3","600690",8,127640,127640,1690393,0
2008,381,1,757,"H3","61",1,,,24116651,0
2008,381,2,757,"H3","61",1,,,308155671,0
2008,381,1,826,"H3","61",1,,,165989964,0
2008,381,2,826,"H3","61",1,,,572617298,0
2008,381,1,757,"H3","6101",5,543,399,114758,0
2008,381,2,757,"H3","6101",5,32334,22482,2050350,0
2008,381,1,826,"H3","6101",5,103085,129000,2729902,4
2008,381,2,826,"H3","6101",5,76166,46479,3908912,4
2008,381,1,757,"H3","610120",5,216,123,26334,0
2008,381,2,757,"H3","610120",5,2108,1832,247134,0
2008,381,1,826,"H3","610120",5,45625,79664,1647362,4
2008,381,2,826,"H3","610120",5,54066,23799,2095384,4
2008,381,1,757,"H3","610130",5,47,51,9766,0
2008,381,2,757,"H3","610130",5,3222,3591,216127,0
2008,381,1,826,"H3","610130",5,55165,43528,809455,4
2008,381,2,826,"H3","610130",5,15024,17252,816004,4
2008,381,1,757,"H3","610190",5,280,225,78658,0
2008,381,2,757,"H3","610190",5,27004,17059,1587089,0
2008,381,1,826,"H3","610190",5,2295,5808,273084,4
2008,381,2,826,"H3","610190",5,7076,5428,997523,4
2008,381,1,757,"H3","6102",5,1528,1596,552148,0
2008,381,2,757,"H3","6102",5,25036,15618,3710138,0
2008,381,1,826,"H3","6102",5,170588,72370,2423522,4
2008,381,2,826,"H3","6102",5,42300,40559,4421029,4
2008,381,1,757,"H3","610210",5,1074,1321,431653,0
2008,381,2,757,"H3","610210",5,9576,5925,2199291,0
2008,381,1,826,"H3","610210",5,46178,19381,923378,4
2008,381,2,826,"H3","610210",5,12381,12153,2465507,4
2008,381,1,757,"H3","610220",5,125,44,24372,0
2008,381,2,757,"H3","610220",5,4141,3587,407640,0
2008,381,1,826,"H3","610220",5,41145,22164,612467,4
2008,381,2,826,"H3","610220",5,5711,13293,455020,4
2008,381,1,757,"H3","610230",5,47,68,31115,0
2008,381,2,757,"H3","610230",5,7923,3981,751428,0
2008,381,1,826,"H3","610230",5,81431,29450,818832,4
2008,381,2,826,"H3","610230",5,22478,11890,936149,4
2008,381,1,757,"H3","610290",5,282,163,65007,0
2008,381,2,757,"H3","610290",5,3396,2125,351779,0
2008,381,1,826,"H3","610290",5,1834,1376,68846,4
2008,381,2,826,"H3","610290",5,1730,3223,564353,4
2008,381,1,757,"H3","6103",5,3531,1499,356667,0
2008,381,2,757,"H3","6103",5,136954,79634,13213181,0
2008,381,1,826,"H3","6103",5,394160,227327,4748964,4
2008,381,2,826,"H3","6103",5,336415,226188,10928869,4
2008,381,2,757,"H3","610310",5,5860,4936,467601,0
2008,381,1,826,"H3","610310",5,3640,17811,702152,4
2008,381,2,826,"H3","610310",5,21798,42769,2551661,4
2008,381,1,757,"H3","610322",5,29,6,2276,0
2008,381,2,757,"H3","610322",5,464,175,22418,0
2008,381,1,826,"H3","610322",5,2963,7565,117960,4
2008,381,2,826,"H3","610322",5,44541,32368,826891,4
2008,381,2,757,"H3","610323",5,860,439,59271,0
2008,381,1,826,"H3","610323",5,203,1444,12077,4
2008,381,2,826,"H3","610323",5,26163,3277,226114,4
2008,381,1,757,"H3","610329",5,151,44,20512,0
2008,381,2,757,"H3","610329",5,10683,4239,1142101,0
2008,381,1,826,"H3","610329",5,266,2234,57717,4
2008,381,2,826,"H3","610329",5,49860,8721,927485,4
2008,381,1,757,"H3","610331",5,40,47,23080,0
2008,381,2,757,"H3","610331",5,2067,1439,287913,0
2008,381,1,826,"H3","610331",5,2091,2889,206215,4
2008,381,2,826,"H3","610331",5,4228,2900,726406,4
2008,381,1,757,"H3","610332",5,1,1,1551,0
2008,381,2,757,"H3","610332",5,8683,7406,1996394,0
2008,381,1,826,"H3","610332",5,67779,14915,451856,4
2008,381,2,826,"H3","610332",5,3904,1360,301914,4
2008,381,1,757,"H3","610333",5,97,65,6985,0
2008,381,2,757,"H3","610333",5,1945,1219,46931,0
2008,381,1,826,"H3","610333",5,2941,11862,181680,4
2008,381,2,826,"H3","610333",5,4827,9336,377521,4
2008,381,1,757,"H3","610339",5,71,89,34946,0
2008,381,2,757,"H3","610339",5,20207,22447,7033324,0
2008,381,1,826,"H3","610339",5,7802,3017,264446,4
2008,381,2,826,"H3","610339",5,705,422,133059,4
2008,381,2,757,"H3","610341",5,99,60,26953,0
2008,381,1,826,"H3","610341",5,4301,1266,55085,4
2008,381,2,826,"H3","610341",5,4621,1995,240170,4
2008,381,1,757,"H3","610342",5,979,412,137277,0
2008,381,2,757,"H3","610342",5,51874,20618,864396,0
2008,381,1,826,"H3","610342",5,207493,92660,1803060,4
2008,381,2,826,"H3","610342",5,52304,33051,1432669,4
2008,381,1,757,"H3","610343",5,333,93,12924,0
2008,381,2,757,"H3","610343",5,15307,6392,486730,0
2008,381,1,826,"H3","610343",5,87774,63364,803083,4
2008,381,2,826,"H3","610343",5,114916,79705,2767953,4
2008,381,1,757,"H3","610349",5,1830,742,117117,0
2008,381,2,757,"H3","610349",5,18905,10264,779147,0
2008,381,1,826,"H3","610349",5,6907,8300,93632,4
2008,381,2,826,"H3","610349",5,8548,10283,417026,4
2008,381,1,757,"H3","6104",5,17425,7819,2662163,0
2008,381,2,757,"H3","6104",5,337463,122784,25470274,0
2008,381,1,826,"H3","6104",5,285696,207516,7260393,4
2008,381,2,826,"H3","6104",5,1016351,378287,41180011,4
2008,381,2,757,"H3","610413",5,3107,1884,302049,0
2008,381,1,826,"H3","610413",5,351,1224,22687,4
2008,381,2,826,"H3","610413",5,8894,11703,576620,4
2008,381,1,757,"H3","610419",5,21,17,3246,0
2008,381,2,757,"H3","610419",5,1682,1053,172574,0
2008,381,1,826,"H3","610419",5,53410,12471,503901,4
2008,381,2,826,"H3","610419",5,7689,9751,794993,4
2008,381,1,757,"H3","610422",5,478,401,19132,0
2008,381,2,757,"H3","610422",5,4426,1046,210173,0
2008,381,1,826,"H3","610422",5,6232,15453,274221,4
2008,381,2,826,"H3","610422",5,3362,2635,115853,4
2008,381,1,757,"H3","610423",5,343,68,14210,0
2008,381,2,757,"H3","610423",5,369,327,99450,0
2008,381,1,826,"H3","610423",5,312,1801,17507,4
2008,381,2,826,"H3","610423",5,164831,17119,1164552,4
2008,381,1,757,"H3","610429",5,977,632,210613,0
2008,381,2,757,"H3","610429",5,1783,1000,412448,0
2008,381,1,826,"H3","610429",5,84,194,18658,4
2008,381,2,826,"H3","610429",5,12725,4024,298945,4
2008,381,1,757,"H3","610431",5,103,65,31984,0
2008,381,2,757,"H3","610431",5,8244,3955,1791393,0
2008,381,1,826,"H3","610431",5,1589,5061,348929,4
2008,381,2,826,"H3","610431",5,11602,5215,1493570,4
2008,381,1,757,"H3","610432",5,227,86,46276,0
2008,381,2,757,"H3","610432",5,9197,4241,1073398,0
2008,381,1,826,"H3","610432",5,5733,9379,307065,4
2008,381,2,826,"H3","610432",5,10489,5448,790591,4
2008,381,1,757,"H3","610433",5,99,61,13153,0
2008,381,2,757,"H3","610433",5,6620,4988,1821528,0
2008,381,1,826,"H3","610433",5,2155,7681,160870,4
2008,381,2,826,"H3","610433",5,94553,50775,2517160,4
2008,381,1,757,"H3","610439",5,30,25,11420,0
2008,381,2,757,"H3","610439",5,3875,1763,808856,0
2008,381,1,757,"H3","610441",5,1154,499,292576,0
2008,381,2,757,"H3","610441",5,26122,11708,5204248,0
2008,381,1,826,"H3","610441",5,4302,9087,677364,4
2008,381,2,826,"H3","610441",5,33160,20236,4536935,4
2008,381,1,757,"H3","610442",5,327,254,88399,0
2008,381,2,757,"H3","610442",5,15496,6042,945143,0
2008,381,1,826,"H3","610442",5,21262,26704,867885,4
2008,381,2,826,"H3","610442",5,69937,34184,3088661,4
2008,381,1,757,"H3","610443",5,830,302,77307,0
2008,381,2,757,"H3","610443",5,27879,11509,3750531,0
2008,381,1,757,"H3","610444",5,3512,1751,1474965,0
2008,381,2,757,"H3","610444",5,42557,16487,3044816,0
2008,381,1,826,"H3","610444",5,10663,12714,704256,4
2008,381,2,826,"H3","610444",5,181806,60278,12113537,4
2008,381,1,757,"H3","610449",5,239,99,92293,0
2008,381,2,757,"H3","610449",5,13552,6635,1622947,0
2008,381,1,826,"H3","610449",5,10580,4675,640974,4
2008,381,2,826,"H3","610449",5,22654,16365,2730419,4
2008,381,1,757,"H3","610451",5,58,33,10341,0
2008,381,2,757,"H3","610451",5,1747,466,86142,0
2008,381,1,826,"H3","610451",5,215,744,39728,4
2008,381,2,826,"H3","610451",5,11643,4548,975221,4
2008,381,1,757,"H3","610452",5,254,101,17899,0
2008,381,2,757,"H3","610452",5,447,136,21593,0
2008,381,1,826,"H3","610452",5,5637,4952,122099,4
2008,381,2,826,"H3","610452",5,16284,11818,519943,4
2008,381,2,757,"H3","610453",5,2236,750,74710,0
2008,381,1,826,"H3","610453",5,234,226,8294,4
2008,381,2,826,"H3","610453",5,44979,13758,1354160,4
2008,381,1,757,"H3","610459",5,123,28,38274,0
2008,381,2,757,"H3","610459",5,5020,2029,326386,0
2008,381,1,826,"H3","610459",5,1527,791,43426,4
2008,381,2,826,"H3","610459",5,14326,3195,692327,4
2008,381,1,757,"H3","610461",5,32,15,11639,0
2008,381,2,757,"H3","610461",5,1136,538,198497,0
2008,381,1,826,"H3","610461",5,2817,2988,246085,4
2008,381,2,826,"H3","610461",5,2593,1104,307229,4
2008,381,1,757,"H3","610462",5,7205,2663,170687,0
2008,381,2,757,"H3","610462",5,59379,19068,1409475,0
2008,381,1,826,"H3","610462",5,87918,59196,1096255,4
2008,381,2,826,"H3","610462",5,85056,34712,1389818,4
2008,381,1,757,"H3","610463",5,1305,689,30668,0
2008,381,2,826,"H3","610443",5,75672,25416,3085839,4
2008,381,1,826,"H3","610443",5,31525,15915,674303,4
2008,381,2,826,"H3","610439",5,5710,1640,607113,4
2008,381,1,826,"H3","610439",5,2641,2920,154475,4
2008,381,2,757,"H3","610463",5,67071,18980,1396714,0
2008,381,1,826,"H3","610463",5,36144,12531,310691,4
2008,381,2,826,"H3","610463",5,126257,40617,1612188,4
2008,381,1,757,"H3","610469",5,108,30,7080,0
2008,381,2,757,"H3","610469",5,35518,8179,697202,0
2008,381,1,826,"H3","610469",5,365,809,20719,4
2008,381,2,826,"H3","610469",5,12129,3747,414336,4
2008,381,1,757,"H3","6105",5,4421,1345,339133,0
2008,381,2,757,"H3","6105",5,178741,51060,7755494,0
2008,381,1,826,"H3","6105",5,1242179,608197,13751904,4
2008,381,2,826,"H3","6105",5,988023,254961,24157931,4
2008,381,1,757,"H3","610510",5,4151,1243,312529,0
2008,381,2,757,"H3","610510",5,151539,42048,5980065,0
2008,381,1,826,"H3","610510",5,1180667,584663,13159156,4
2008,381,2,826,"H3","610510",5,917788,235351,22690543,4
2008,381,1,757,"H3","610520",5,15,3,1871,0
2008,381,2,757,"H3","610520",5,5131,2013,178824,0
2008,381,1,826,"H3","610520",5,54988,20353,412229,4
2008,381,2,826,"H3","610520",5,43830,12319,779753,4
2008,381,1,757,"H3","610590",5,255,99,24733,0
2008,381,2,757,"H3","610590",5,22071,6999,1596605,0
2008,381,1,826,"H3","610590",5,6524,3181,180519,4
2008,381,2,826,"H3","610590",5,26405,7291,687635,4
2008,381,1,757,"H3","6106",5,4200,1261,154324,0
2008,381,2,757,"H3","6106",5,166819,35777,4996788,0
2008,381,1,826,"H3","6106",5,281839,90600,3222647,4
2008,381,2,826,"H3","6106",5,360757,235782,10224300,4
2008,381,1,757,"H3","610610",5,1229,608,77990,0
2008,381,2,757,"H3","610610",5,116918,25464,3061667,0
2008,381,1,826,"H3","610610",5,192617,58856,1793514,4
2008,381,2,826,"H3","610610",5,168792,126466,4580452,4
2008,381,1,757,"H3","610620",5,2765,595,53691,0
2008,381,2,757,"H3","610620",5,37373,6935,1090566,0
2008,381,1,826,"H3","610620",5,83644,28318,1184512,4
2008,381,2,826,"H3","610620",5,160053,97995,3948675,4
2008,381,1,757,"H3","610690",5,206,58,22643,0
2008,381,2,757,"H3","610690",5,12528,3378,844555,0
2008,381,1,826,"H3","610690",5,5578,3426,244621,4
2008,381,2,826,"H3","610690",5,31912,11322,1695172,4
2008,381,1,757,"H3","6107",5,603,89,14489,0
2008,381,2,757,"H3","6107",5,228542,28108,3000435,0
2008,381,1,826,"H3","6107",5,92353,46085,838357,4
2008,381,2,826,"H3","6107",5,1274042,556126,9328472,4
2008,381,1,757,"H3","610711",5,533,57,10892,0
2008,381,2,757,"H3","610711",5,108186,14375,1612937,0
2008,381,1,826,"H3","610711",5,85891,35336,717001,4
2008,381,2,826,"H3","610711",5,1196424,533669,8740022,4
2008,381,2,757,"H3","610712",5,57174,5800,464509,0
2008,381,1,826,"H3","610712",5,641,1449,26976,4
2008,381,2,826,"H3","610712",5,66388,9270,368988,4
2008,381,2,757,"H3","610719",5,27351,1509,118381,0
2008,381,1,826,"H3","610719",5,658,495,4687,4
2008,381,2,826,"H3","610719",5,1206,1355,25808,4
2008,381,1,757,"H3","610721",5,70,32,3597,0
2008,381,2,757,"H3","610721",5,32039,4928,632461,0
2008,381,1,826,"H3","610721",5,292,499,5903,4
2008,381,2,826,"H3","610721",5,3949,5838,73592,4
2008,381,2,757,"H3","610722",5,623,253,20316,0
2008,381,1,826,"H3","610722",5,3481,3943,34984,4
2008,381,2,826,"H3","610722",5,2457,711,18953,4
2008,381,2,757,"H3","610729",5,111,90,16183,0
2008,381,1,826,"H3","610729",5,71,180,2581,4
2008,381,2,826,"H3","610729",5,542,1963,28053,4
2008,381,2,757,"H3","610791",5,586,312,10194,0
2008,381,1,826,"H3","610791",5,1053,2740,26789,4
2008,381,2,826,"H3","610791",5,2429,2513,43864,4
2008,381,2,757,"H3","610799",5,2472,841,125455,0
2008,381,1,826,"H3","610799",5,266,1442,19437,4
2008,381,2,826,"H3","610799",5,647,808,29192,4
2008,381,1,757,"H3","6108",5,8537,2137,80238,0
2008,381,2,757,"H3","6108",5,776699,54953,5848879,0
2008,381,1,826,"H3","6108",5,360223,115123,1975349,4
2008,381,2,826,"H3","6108",5,4464872,,19809972,0
2008,381,2,757,"H3","610811",5,11178,1435,316284,0
2008,381,1,826,"H3","610811",5,116,23,1504,4
2008,381,2,826,"H3","610811",5,19340,3834,355571,4
2008,381,2,757,"H3","610819",5,4997,1153,122646,0
2008,381,1,826,"H3","610819",5,114,34,1079,4
2008,381,2,826,"H3","610819",5,2280,2309,103980,4
2008,381,1,757,"H3","610821",5,28,24,5204,0
2008,381,2,757,"H3","610821",5,222994,10036,766569,0
2008,381,1,826,"H3","610821",5,191456,39442,938641,4
2008,381,2,826,"H3","610821",5,412838,147311,2903712,4
2008,381,1,757,"H3","610822",5,682,38,24240,0
2008,381,2,757,"H3","610822",5,300062,14569,2248812,0
2008,381,1,826,"H3","610822",5,114291,3698,214739,4
2008,381,2,826,"H3","610822",5,3954126,295917,15367232,4
2008,381,2,757,"H3","610829",5,54376,3917,127057,0
2008,381,1,826,"H3","610829",5,307,197,6064,4
2008,381,2,826,"H3","610829",5,33957,6108,245882,4
2008,381,1,757,"H3","610831",5,7707,2026,41004,0
2008,381,2,757,"H3","610831",5,45848,10644,1020935,0
2008,381,1,826,"H3","610831",5,1219,1295,18148,4
2008,381,2,826,"H3","610831",5,14386,8243,216824,4
2008,381,1,757,"H3","610832",5,64,33,1893,0
2008,381,2,757,"H3","610832",5,17985,4771,725171,0
2008,381,1,826,"H3","610832",5,492,437,7487,4
2008,381,2,826,"H3","610832",5,7569,4459,228511,4
2008,381,2,757,"H3","610839",5,81706,2413,109196,0
2008,381,1,826,"H3","610839",5,335,144,4186,4
2008,381,2,826,"H3","610839",5,5922,,139745,0
2008,381,2,757,"H3","610891",5,2232,534,10915,0
2008,381,1,826,"H3","610891",5,51082,68800,752318,4
2008,381,2,826,"H3","610891",5,1458,881,29272,4
2008,381,1,757,"H3","610892",5,5,1,3856,0
2008,381,2,757,"H3","610892",5,17422,2939,126089,0
2008,381,1,826,"H3","610892",5,737,799,18540,4
2008,381,2,826,"H3","610892",5,9021,3580,141203,4
2008,381,1,757,"H3","610899",5,51,15,4042,0
2008,381,2,757,"H3","610899",5,17899,2542,275206,0
2008,381,1,826,"H3","610899",5,74,253,12644,4
2008,381,2,826,"H3","610899",5,3975,1624,78041,4
2008,381,1,757,"H3","6109",5,76124,13880,1552528,0
2008,381,2,757,"H3","6109",5,1712619,301078,40658998,0
2008,381,1,826,"H3","6109",5,8128564,1733763,37266416,4
2008,381,2,826,"H3","6109",5,4410284,1387444,82634788,4
2008,381,1,757,"H3","610910",5,52832,10238,1106428,0
2008,381,2,757,"H3","610910",5,1068606,192337,22655702,0
2008,381,1,826,"H3","610910",5,8016330,1680342,35404351,4
2008,381,2,826,"H3","610910",5,3384097,1020546,60173139,4
2008,381,1,757,"H3","610990",5,23292,3642,446100,0
2008,381,2,757,"H3","610990",5,644013,108741,18003297,0
2008,381,1,826,"H3","610990",5,112234,53420,1862065,4
2008,381,2,826,"H3","610990",5,1026187,366898,22461649,4
2008,381,1,757,"H3","6110",5,113435,38856,11195919,0
2008,381,2,757,"H3","6110",5,2845504,815185,140634054,0
2008,381,1,826,"H3","6110",5,2188199,1616179,59453041,4
2008,381,2,826,"H3","6110",5,6446218,1780309,212112211,4
2008,381,1,757,"H3","611011",5,18935,7152,2881835,0
2008,381,2,757,"H3","611011",5,620690,186500,49472796,0
2008,381,1,826,"H3","611011",5,455435,285486,13106129,4
2008,381,2,826,"H3","611011",5,1777882,486395,61932499,4
2008,381,1,757,"H3","611012",5,8058,3282,1865824,0
2008,381,2,757,"H3","611012",5,100477,28974,12122985,0
2008,381,1,826,"H3","611012",5,75986,79903,11015013,4
2008,381,2,826,"H3","611012",5,158040,48408,21717008,4
2008,381,1,757,"H3","611019",5,3157,891,278858,0
2008,381,2,757,"H3","611019",5,46976,13067,2193362,0
2008,381,1,826,"H3","611019",5,14906,21753,727489,4
2008,381,2,826,"H3","611019",5,226694,39654,7868027,4
2008,381,1,757,"H3","611020",5,59642,17873,4575129,0
2008,381,2,757,"H3","611020",5,882074,242234,31676036,0
2008,381,1,826,"H3","611020",5,1280121,947702,26127303,4
2008,381,2,826,"H3","611020",5,1917490,548512,58578123,4
2008,381,1,757,"H3","611030",5,19913,7860,1252962,0
2008,381,2,757,"H3","611030",5,802560,215225,17713131,0
2008,381,1,826,"H3","611030",5,286328,261369,6494694,4
2008,381,2,826,"H3","611030",5,2206954,579373,50897298,4
2008,381,1,757,"H3","611090",5,3730,1798,341310,0
2008,381,2,757,"H3","611090",5,392727,129185,27455744,0
2008,381,1,826,"H3","611090",5,75423,19967,1982413,4
2008,381,2,826,"H3","611090",5,159158,77968,11119256,4
2008,381,1,757,"H3","6111",8,1005,1005,100054,0
2008,381,2,757,"H3","6111",8,75908,75908,4416333,0
2008,381,1,826,"H3","6111",8,45288,45288,2015218,6
2008,381,2,826,"H3","6111",8,54499,54499,3682775,6
2008,381,1,757,"H3","611120",8,990,990,92344,0
2008,381,2,757,"H3","611120",8,38875,38875,2462507,0
2008,381,1,826,"H3","611120",8,41446,41446,1788018,6
2008,381,2,826,"H3","611120",8,47195,47195,3075199,6
2008,381,2,757,"H3","611130",8,32372,32372,1430172,0
2008,381,1,826,"H3","611130",8,614,614,44136,0
2008,381,2,826,"H3","611130",8,2207,2207,146860,6
2008,381,1,757,"H3","611190",8,15,15,7710,0
2008,381,2,757,"H3","611190",8,4661,4661,523654,0
2008,381,1,826,"H3","611190",8,3228,3228,183065,6
2008,381,2,826,"H3","611190",8,5097,5097,460715,6
2008,381,1,757,"H3","6112",1,,409,187837,0
2008,381,2,757,"H3","6112",1,,36660,3769427,0
2008,381,1,826,"H3","6112",1,,306162,6345683,4
2008,381,2,826,"H3","6112",1,,117446,8534137,4
2008,381,1,757,"H3","611211",5,103,68,2603,0
2008,381,2,757,"H3","611211",5,17675,9852,363704,0
2008,381,1,826,"H3","611211",5,145092,139553,1978165,4
2008,381,2,826,"H3","611211",5,6286,6669,284065,4
2008,381,2,757,"H3","611212",5,15635,6330,275164,0
2008,381,1,826,"H3","611212",5,44911,62335,674075,4
2008,381,2,826,"H3","611212",5,27479,18142,511339,4
2008,381,1,757,"H3","611219",5,1,2,2114,0
2008,381,2,757,"H3","611219",5,14255,5217,270116,0
2008,381,1,826,"H3","611219",5,4459,6365,65517,4
2008,381,2,826,"H3","611219",5,1811,7972,355211,4
2008,381,2,757,"H3","611220",1,,585,81077,0
2008,381,1,826,"H3","611220",1,,1,132,0
2008,381,2,826,"H3","611220",1,,90,17755,0
2008,381,1,757,"H3","611231",5,370,66,23466,0
2008,381,2,757,"H3","611231",5,38860,3060,463503,0
2008,381,1,826,"H3","611231",5,153452,52525,1598569,4
2008,381,2,826,"H3","611231",5,59410,22755,1499393,4
2008,381,1,757,"H3","611239",5,259,18,2167,0
2008,381,2,757,"H3","611239",5,5863,289,76946,0
2008,381,1,826,"H3","611239",5,20,18,405,4
2008,381,2,826,"H3","611239",5,6960,1165,93760,4
2008,381,1,757,"H3","611241",5,1801,233,140435,0
2008,381,2,757,"H3","611241",5,130780,9673,1701098,0
2008,381,1,826,"H3","611241",5,122475,41350,1929148,4
2008,381,2,826,"H3","611241",5,213866,60030,5682197,4
2008,381,1,757,"H3","611249",5,215,22,17050,0
2008,381,2,757,"H3","611249",5,26149,1654,537819,0
2008,381,1,826,"H3","611249",5,10398,4015,99671,4
2008,381,2,826,"H3","611249",5,2306,623,90416,4
2008,381,1,757,"H3","6113",8,68,68,19314,0
2008,381,2,757,"H3","6113",8,14925,14925,2065354,0
2008,381,1,826,"H3","6113",8,10687,10687,489065,0
2008,381,2,826,"H3","6113",8,4375,4375,279167,0
2008,381,1,757,"H3","611300",8,68,68,19314,0
2008,381,2,757,"H3","611300",8,14925,14925,2065354,0
2008,381,1,826,"H3","611300",8,10687,10687,489065,0
2008,381,2,826,"H3","611300",8,4375,4375,279167,0
2008,381,1,757,"H3","6114",8,10853,10853,1701655,0
2008,381,2,757,"H3","6114",8,147243,147243,10026661,0
2008,381,1,826,"H3","6114",8,37994,37994,2138774,0
2008,381,2,826,"H3","6114",8,106896,106896,7573093,0
2008,381,1,757,"H3","611420",8,276,276,75977,0
2008,381,2,757,"H3","611420",8,8816,8816,836390,0
2008,381,1,826,"H3","611420",8,4674,4674,442942,0
2008,381,2,826,"H3","611420",8,16342,16342,2103712,0
2008,381,1,757,"H3","611430",8,9704,9704,1390631,0
2008,381,2,757,"H3","611430",8,29539,29539,2298547,0
2008,381,1,826,"H3","611430",8,30144,30144,1016029,0
2008,381,2,826,"H3","611430",8,71532,71532,4509134,0
2008,381,1,757,"H3","611490",8,873,873,235047,0
2008,381,2,757,"H3","611490",8,108888,108888,6891723,0
2008,381,1,826,"H3","611490",8,3176,3176,679803,0
2008,381,2,826,"H3","611490",8,19022,19022,960247,0
2008,381,1,757,"H3","6115",8,40413,40413,4614770,0
2008,381,2,757,"H3","6115",8,771436,771436,33305072,6
2008,381,1,826,"H3","6115",8,149434,149434,2644516,6
2008,381,2,826,"H3","6115",8,3407452,3407452,106800683,6
2008,381,1,757,"H3","611510",8,24894,24894,3969252,0
2008,381,2,757,"H3","611510",8,102712,102712,5400117,0
2008,381,1,826,"H3","611510",8,7434,7434,208999,6
2008,381,2,826,"H3","611510",8,198937,198937,6032653,6
2008,381,1,757,"H3","611521",8,903,903,119665,0
2008,381,2,757,"H3","611521",8,197642,197642,9922217,0
2008,381,1,826,"H3","611521",8,2562,2562,39020,6
2008,381,2,826,"H3","611521",8,1687047,1687047,55929148,6
2008,381,1,757,"H3","611522",8,3913,3913,57687,0
2008,381,2,757,"H3","611522",8,8817,8817,579160,0
2008,381,1,826,"H3","611522",8,823,823,25556,6
2008,381,2,826,"H3","611522",8,233724,233724,9861115,6
2008,381,1,757,"H3","611529",8,21,21,7170,0
2008,381,2,757,"H3","611529",8,30511,30511,1472675,0
2008,381,1,826,"H3","611529",8,1891,1891,29925,6
2008,381,2,826,"H3","611529",8,176297,176297,5728634,6
2008,381,1,757,"H3","611530",8,100,100,32031,0
2008,381,2,757,"H3","611530",8,120778,120778,5015759,0
2008,381,1,826,"H3","611530",8,83142,83142,1623367,6
2008,381,2,826,"H3","611530",8,349962,349962,10667511,6
2008,381,2,757,"H3","611594",8,12252,12252,786849,0
2008,381,1,826,"H3","611594",8,2881,2881,35937,6
2008,381,2,826,"H3","611594",8,19220,19220,829779,6
2008,381,1,757,"H3","611595",8,7290,7290,147049,0
2008,381,2,757,"H3","611595",8,89846,89846,2440854,0
2008,381,1,826,"H3","611595",8,32873,32873,428041,6
2008,381,2,826,"H3","611595",8,377689,377689,6278069,6
2008,381,1,757,"H3","611596",8,902,902,216455,0
2008,381,2,757,"H3","611596",8,67145,67145,3125240,6
2008,381,1,826,"H3","611596",8,12666,12666,200898,6
2008,381,2,826,"H3","611596",8,350363,350363,10942409,6
2008,381,1,757,"H3","611599",8,2390,2390,65463,0
2008,381,2,757,"H3","611599",8,141733,141733,4562201,0
2008,381,1,826,"H3","611599",8,5163,5163,52772,6
2008,381,2,826,"H3","611599",8,14213,14213,531365,6
2008,381,1,757,"H3","6116",8,681,681,128708,0
2008,381,2,757,"H3","6116",8,18770,18770,1771877,6
2008,381,1,826,"H3","6116",8,89183,89183,1045314,6
2008,381,2,826,"H3","6116",8,18912,18912,1569308,6
2008,381,1,757,"H3","611610",8,234,234,11901,0
2008,381,2,757,"H3","611610",8,7224,7224,208232,0
2008,381,1,826,"H3","611610",8,64338,64338,626411,6
2008,381,2,826,"H3","611610",8,5118,5118,181930,6
2008,381,1,757,"H3","611691",8,63,63,24681,0
2008,381,2,757,"H3","611691",8,886,886,319543,0
2008,381,1,826,"H3","611691",8,2241,2241,102881,6
2008,381,2,826,"H3","611691",8,3944,3944,649435,6
2008,381,1,757,"H3","611692",8,23,23,11024,0
2008,381,2,757,"H3","611692",8,33,33,5256,6
2008,381,1,826,"H3","611692",8,3701,3701,18067,6
2008,381,2,826,"H3","611692",8,2313,2313,34977,6
2008,381,1,757,"H3","611693",8,265,265,76454,0
2008,381,2,757,"H3","611693",8,8615,8615,1038523,0
2008,381,1,826,"H3","611693",8,5086,5086,85345,6
2008,381,2,826,"H3","611693",8,4916,4916,488002,6
2008,381,1,757,"H3","611699",8,96,96,4649,0
2008,381,2,757,"H3","611699",8,2012,2012,200323,0
2008,381,1,826,"H3","611699",8,13816,13816,212610,6
2008,381,2,826,"H3","611699",8,2622,2622,214964,6
2008,381,1,757,"H3","6117",1,,1765,341946,0
2008,381,2,757,"H3","6117",1,,52628,5462356,0
2008,381,1,826,"H3","6117",1,,31834,2221910,0
2008,381,2,826,"H3","6117",1,,217759,16086797,0
2008,381,1,757,"H3","611710",5,19331,217,91829,2
2008,381,2,757,"H3","611710",5,1526191,21894,4098818,2
2008,381,1,826,"H3","611710",5,376248,25770,1787308,2
2008,381,2,826,"H3","611710",5,5519494,203684,14823441,2
2008,381,1,757,"H3","611780",8,63,63,35358,0
2008,381,2,757,"H3","611780",8,6824,6824,482377,0
2008,381,1,826,"H3","611780",8,3591,3591,246382,0
2008,381,2,826,"H3","611780",8,11813,11813,1011511,0
2008,381,1,757,"H3","611790",8,1485,1485,214759,0
2008,381,2,757,"H3","611790",8,23910,23910,881160,0
2008,381,1,826,"H3","611790",8,2473,2473,188220,0
2008,381,2,826,"H3","611790",8,2262,2262,251845,0
2008,381,1,757,"H3","62",1,,,118861933,0
2008,381,2,757,"H3","62",1,,,1510632825,0
2008,381,1,826,"H3","62",1,,,223790715,0
2008,381,2,826,"H3","62",1,,,741001874,0
2008,381,1,757,"H3","6201",5,18586,23627,4942046,0
2008,381,2,757,"H3","6201",5,214303,184550,34525797,0
2008,381,1,826,"H3","6201",5,263932,715509,21403274,4
2008,381,2,826,"H3","6201",5,454911,388449,51632417,4
2008,381,1,757,"H3","620111",5,11665,17043,3332703,0
2008,381,2,757,"H3","620111",5,21420,24447,8009217,0
2008,381,1,826,"H3","620111",5,5819,53427,2274571,4
2008,381,2,826,"H3","620111",5,58730,52769,11774719,4
2008,381,1,757,"H3","620112",5,1277,1326,338968,0
2008,381,2,757,"H3","620112",5,11504,10981,1841112,0
2008,381,1,826,"H3","620112",5,56477,247608,8476160,4
2008,381,2,826,"H3","620112",5,42081,38965,6677534,4
2008,381,1,757,"H3","620113",5,1050,1160,276786,0
2008,381,2,757,"H3","620113",5,33892,28118,4338445,0
2008,381,1,826,"H3","620113",5,26866,185487,4144735,4
2008,381,2,826,"H3","620113",5,108031,70412,9993391,4
2008,381,1,757,"H3","620119",5,98,179,41054,0
2008,381,2,757,"H3","620119",5,6306,5079,763780,0
2008,381,1,826,"H3","620119",5,4234,18503,593366,4
2008,381,2,826,"H3","620119",5,3738,4478,1223578,4
2008,381,1,757,"H3","620191",5,575,353,154967,0
2008,381,2,757,"H3","620191",5,3683,3237,845559,0
2008,381,1,826,"H3","620191",5,77221,26363,882555,4
2008,381,2,826,"H3","620191",5,3483,5364,1066762,4
2008,381,1,757,"H3","620192",5,817,778,205518,0
2008,381,2,757,"H3","620192",5,24517,21018,3848611,0
2008,381,1,826,"H3","620192",5,28274,88902,2504495,4
2008,381,2,826,"H3","620192",5,72820,82543,6159095,4
2008,381,1,757,"H3","620193",5,2834,2634,548183,0
2008,381,2,757,"H3","620193",5,75615,56958,5851051,0
2008,381,1,826,"H3","620193",5,64061,92691,2419935,4
2008,381,2,826,"H3","620193",5,160762,129317,14218964,4
2008,381,1,757,"H3","620199",5,270,154,43867,0
2008,381,2,757,"H3","620199",5,37366,34712,9028020,0
2008,381,1,826,"H3","620199",5,980,2529,107457,4
2008,381,2,826,"H3","620199",5,5266,4599,518374,4
2008,381,1,757,"H3","6202",5,11428,11695,3664117,0
2008,381,2,757,"H3","6202",5,342660,259693,60252819,0
2008,381,1,826,"H3","6202",5,163090,900868,30549006,4
2008,381,2,826,"H3","6202",5,435508,419249,75132439,4
2008,381,1,757,"H3","620211",5,3703,5257,1353864,0
2008,381,2,757,"H3","620211",5,68082,68712,16742606,0
2008,381,1,826,"H3","620211",5,18485,130683,6139212,4
2008,381,2,826,"H3","620211",5,119248,146673,28448741,4
2008,381,1,757,"H3","620212",5,1255,1349,472497,0
2008,381,2,757,"H3","620212",5,26745,22663,6071091,0
2008,381,1,826,"H3","620212",5,31763,235584,9049148,4
2008,381,2,826,"H3","620212",5,58679,60837,10650976,4
2008,381,1,757,"H3","620213",5,1695,1760,786344,0
2008,381,2,757,"H3","620213",5,38848,30659,6634817,0
2008,381,1,826,"H3","620213",5,43482,458497,12207017,4
2008,381,2,826,"H3","620213",5,81691,79158,14413320,4
2008,381,1,757,"H3","620219",5,449,463,246648,0
2008,381,2,757,"H3","620219",5,12134,9681,2250151,0
2008,381,1,826,"H3","620219",5,3757,10125,988172,4
2008,381,2,826,"H3","620219",5,20125,13666,4244866,4
2008,381,1,757,"H3","620291",5,23,13,6306,0
2008,381,2,757,"H3","620291",5,8406,8986,1576073,0
2008,381,1,826,"H3","620291",5,6505,6172,205800,4
2008,381,2,826,"H3","620291",5,10090,10458,1648351,4
2008,381,1,757,"H3","620292",5,1782,1123,259830,0
2008,381,2,757,"H3","620292",5,78895,39797,15550869,0
2008,381,1,826,"H3","620292",5,6936,11158,319704,4
2008,381,2,826,"H3","620292",5,32620,11690,2485034,4
2008,381,1,757,"H3","620293",5,2180,1494,446558,0
2008,381,2,757,"H3","620293",5,95345,69652,10565546,0
2008,381,1,826,"H3","620293",5,50672,43472,1402776,4
2008,381,2,826,"H3","620293",5,93839,75317,9693562,4
2008,381,1,757,"H3","620299",5,341,236,92070,0
2008,381,2,757,"H3","620299",5,14205,9543,861667,0
2008,381,1,826,"H3","620299",5,1490,5177,237177,4
2008,381,2,826,"H3","620299",5,19216,21450,3547588,4
2008,381,1,757,"H3","6203",5,419390,294077,63726566,0
2008,381,2,757,"H3","6203",5,9532050,4590425,877433245,0
2008,381,1,826,"H3","6203",5,1247602,2214066,49779095,4
2008,381,2,826,"H3","6203",5,2197296,2003708,169857732,4
2008,381,1,757,"H3","620311",5,63232,80033,17122750,0
2008,381,2,757,"H3","620311",5,394950,348231,81799647,0
2008,381,1,826,"H3","620311",5,2559,18769,1229111,4
2008,381,2,826,"H3","620311",5,110268,158619,42310003,4
2008,381,1,757,"H3","620312",5,1716,2124,287836,0
2008,381,2,757,"H3","620312",5,9833,6394,1633166,0
2008,381,1,826,"H3","620312",5,453,1061,24581,4
2008,381,2,826,"H3","620312",5,5979,11651,870691,4
2008,381,1,757,"H3","620319",5,4085,5107,1345308,0
2008,381,2,757,"H3","620319",5,225195,120373,22365247,0
2008,381,1,826,"H3","620319",5,10007,25330,804131,4
2008,381,2,826,"H3","620319",5,42174,19528,3966305,4
2008,381,1,757,"H3","620322",5,3377,1288,219593,0
2008,381,2,757,"H3","620322",5,502201,270419,47540633,0
2008,381,1,826,"H3","620322",5,2428,3320,55298,4
2008,381,2,826,"H3","620322",5,1988,663,116070,4
2008,381,1,757,"H3","620323",5,439,236,82692,0
2008,381,2,757,"H3","620323",5,2528,1922,161190,0
2008,381,1,826,"H3","620323",5,13004,16689,256634,4
2008,381,2,826,"H3","620323",5,3357,11898,442060,4
2008,381,1,757,"H3","620329",5,6708,3862,687642,0
2008,381,2,757,"H3","620329",5,7181582,3132583,596703137,0
2008,381,1,826,"H3","620329",5,1025,1366,40164,4
2008,381,2,826,"H3","620329",5,3226,2114,423412,4
2008,381,1,757,"H3","620331",5,148267,104524,23446765,0
2008,381,2,757,"H3","620331",5,152597,128020,53832093,0
2008,381,1,826,"H3","620331",5,2032,6584,633148,4
2008,381,2,826,"H3","620331",5,36972,41618,14371981,4
2008,381,1,757,"H3","620332",5,31152,22854,5240673,0
2008,381,2,757,"H3","620332",5,67727,37000,6527831,0
2008,381,1,826,"H3","620332",5,11575,62674,1684573,4
2008,381,2,826,"H3","620332",5,49909,65486,7561067,4
2008,381,1,757,"H3","620333",5,2539,2127,569170,0
2008,381,2,757,"H3","620333",5,27417,22425,6568624,0
2008,381,1,826,"H3","620333",5,4944,21155,511761,4
2008,381,2,826,"H3","620333",5,11125,10208,1901363,4
2008,381,1,757,"H3","620339",5,24908,16992,4106125,0
2008,381,2,757,"H3","620339",5,31368,21946,6827568,0
2008,381,1,826,"H3","620339",5,1181,4026,263225,4
2008,381,2,826,"H3","620339",5,20462,17791,4367670,4
2008,381,1,757,"H3","620341",5,77100,29548,6969400,0
2008,381,2,757,"H3","620341",5,83880,41569,8557496,0
2008,381,1,826,"H3","620341",5,45985,12070,634121,4
2008,381,2,826,"H3","620341",5,59518,64468,6524521,4
2008,381,1,757,"H3","620342",5,45248,21342,3042815,0
2008,381,2,757,"H3","620342",5,715958,405067,38776872,0
2008,381,1,826,"H3","620342",5,1017887,1941061,41436097,4
2008,381,2,826,"H3","620342",5,1693311,1455615,80224483,4
2008,381,1,757,"H3","620343",5,1227,611,119677,0
2008,381,2,757,"H3","620343",5,55059,21001,2753733,0
2008,381,1,826,"H3","620343",5,118403,79205,1535695,4
2008,381,2,826,"H3","620343",5,113755,100871,3245181,4
2008,381,1,757,"H3","620349",5,9392,3429,486120,0
2008,381,2,757,"H3","620349",5,81755,33475,3386008,0
2008,381,1,826,"H3","620349",5,16119,20756,670557,4
2008,381,2,826,"H3","620349",5,45252,43179,3532925,4
2008,381,1,757,"H3","6204",5,95593,48966,16679772,0
2008,381,2,757,"H3","6204",5,2912996,1268658,274260812,0
2008,381,1,826,"H3","6204",5,575519,820933,36864223,4
2008,381,2,826,"H3","6204",5,2746329,1384802,227041442,4
2008,381,1,757,"H3","620411",5,3385,2300,784684,0
2008,381,2,757,"H3","620411",5,13357,10308,3402806,0
2008,381,1,826,"H3","620411",5,448,1366,126745,4
2008,381,2,826,"H3","620411",5,6476,4829,1505492,4
2008,381,1,757,"H3","620412",5,1008,605,173965,0
2008,381,2,757,"H3","620412",5,51442,24937,6552372,0
2008,381,1,826,"H3","620412",5,3305,4662,204562,4
2008,381,2,826,"H3","620412",5,31813,6793,1489542,4
2008,381,1,757,"H3","620413",5,104,123,26125,0
2008,381,2,757,"H3","620413",5,17047,9507,1259164,0
2008,381,1,826,"H3","620413",5,1279,914,58484,4
2008,381,2,826,"H3","620413",5,7391,7532,1344135,4
2008,381,1,757,"H3","620419",5,129,75,34006,0
2008,381,2,757,"H3","620419",5,77274,37681,10533630,0
2008,381,1,826,"H3","620419",5,632,2151,206016,4
2008,381,2,826,"H3","620419",5,9288,14396,4196791,4
2008,381,1,757,"H3","620421",5,258,156,56579,0
2008,381,2,757,"H3","620421",5,999,463,234615,0
2008,381,1,826,"H3","620421",5,475,1446,163727,4
2008,381,2,826,"H3","620421",5,12193,3375,1459548,4
2008,381,1,757,"H3","620422",5,1703,654,209735,0
2008,381,2,757,"H3","620422",5,73959,37716,10189868,0
2008,381,1,826,"H3","620422",5,812,5104,151007,4
2008,381,2,826,"H3","620422",5,6106,3961,838873,4
2008,381,1,757,"H3","620423",5,15,6,5077,0
2008,381,2,757,"H3","620423",5,9015,2562,177124,0
2008,381,1,826,"H3","620423",5,1680,1807,109381,4
2008,381,2,826,"H3","620423",5,25860,15055,1471258,4
2008,381,1,757,"H3","620429",5,1498,653,214482,0
2008,381,2,757,"H3","620429",5,290227,111038,22330786,0
2008,381,1,826,"H3","620429",5,3431,1276,125717,4
2008,381,2,826,"H3","620429",5,29654,22351,4769826,4
2008,381,1,757,"H3","620431",5,5876,3952,1309618,0
2008,381,2,757,"H3","620431",5,55940,39535,13152065,0
2008,381,1,826,"H3","620431",5,2606,7342,652527,4
2008,381,2,826,"H3","620431",5,64045,38896,12526516,4
2008,381,1,757,"H3","620432",5,4713,3151,1303385,0
2008,381,2,757,"H3","620432",5,71492,48983,12342923,0
2008,381,1,826,"H3","620432",5,12148,24817,1155218,4
2008,381,2,826,"H3","620432",5,67958,38803,7930566,4
2008,381,1,757,"H3","620433",5,1202,644,184429,0
2008,381,2,757,"H3","620433",5,39688,25739,4888602,0
2008,381,1,826,"H3","620433",5,2922,14125,521667,4
2008,381,2,826,"H3","620433",5,48580,28370,4569961,4
2008,381,1,757,"H3","620439",5,1642,795,284025,0
2008,381,2,757,"H3","620439",5,47141,26092,7872604,0
2008,381,1,826,"H3","620439",5,2664,9093,677451,4
2008,381,2,826,"H3","620439",5,64406,28512,8115721,4
2008,381,1,757,"H3","620441",5,3245,1110,1277086,0
2008,381,2,757,"H3","620441",5,39104,21186,9411615,0
2008,381,1,826,"H3","620441",5,2766,5407,687343,4
2008,381,2,826,"H3","620441",5,30554,16171,6704095,4
2008,381,1,757,"H3","620442",5,3335,1617,672463,0
2008,381,2,757,"H3","620442",5,60197,27354,11228575,0
2008,381,1,826,"H3","620442",5,58458,62702,3572814,4
2008,381,2,826,"H3","620442",5,214138,77104,17954996,4
2008,381,1,757,"H3","620443",5,1232,869,241309,0
2008,381,2,757,"H3","620443",5,327449,146666,38269298,0
2008,381,1,826,"H3","620443",5,25842,34586,2066137,4
2008,381,2,826,"H3","620443",5,127546,50381,11752334,4
2008,381,1,757,"H3","620444",5,3277,2353,766563,0
2008,381,2,757,"H3","620444",5,191368,53581,6499940,0
2008,381,1,826,"H3","620444",5,3306,10729,646126,4
2008,381,2,826,"H3","620444",5,92407,59966,12471727,4
2008,381,1,757,"H3","620449",5,10264,4877,3623420,0
2008,381,2,757,"H3","620449",5,103138,51552,28758298,0
2008,381,1,826,"H3","620449",5,22881,39505,4949251,4
2008,381,2,826,"H3","620449",5,119742,82520,31479150,4
2008,381,1,757,"H3","620451",5,2293,1022,336603,0
2008,381,2,757,"H3","620451",5,23896,10530,3374951,0
2008,381,1,826,"H3","620451",5,6342,21272,1466518,4
2008,381,2,826,"H3","620451",5,40951,15517,4360705,4
2008,381,1,757,"H3","620452",5,4661,1912,546300,0
2008,381,2,757,"H3","620452",5,62939,24866,5835087,0
2008,381,1,826,"H3","620452",5,41800,57988,2077388,4
2008,381,2,826,"H3","620452",5,156616,38684,7687049,4
2008,381,1,757,"H3","620453",5,1227,334,43512,0
2008,381,2,757,"H3","620453",5,34584,11825,1997480,0
2008,381,1,826,"H3","620453",5,4493,15466,556805,4
2008,381,2,826,"H3","620453",5,55669,25615,2982818,4
2008,381,1,757,"H3","620459",5,1764,728,292711,0
2008,381,2,757,"H3","620459",5,43626,16383,3960823,0
2008,381,1,826,"H3","620459",5,4229,7969,491611,4
2008,381,2,826,"H3","620459",5,118339,36808,8146431,4
2008,381,1,757,"H3","620461",5,3474,1543,430965,0
2008,381,2,757,"H3","620461",5,53722,26552,6819280,0
2008,381,1,826,"H3","620461",5,5422,12853,769331,4
2008,381,2,826,"H3","620461",5,52311,24064,5856946,4
2008,381,1,757,"H3","620462",5,31639,16202,2837284,0
2008,381,2,757,"H3","620462",5,834757,367357,48077250,0
2008,381,1,826,"H3","620462",5,314661,439828,14131440,4
2008,381,2,826,"H3","620462",5,1160871,604917,57185775,4
2008,381,1,757,"H3","620463",5,4557,1892,709795,0
2008,381,2,757,"H3","620463",5,135079,47146,4247525,0
2008,381,1,826,"H3","620463",5,43089,24115,708805,4
2008,381,2,826,"H3","620463",5,104221,109991,4170684,4
2008,381,1,757,"H3","620469",5,3092,1393,315650,0
2008,381,2,757,"H3","620469",5,255556,89099,12844128,0
2008,381,1,826,"H3","620469",5,9828,14410,588152,4
2008,381,2,826,"H3","620469",5,99194,30189,6070503,4
2008,381,1,757,"H3","6205",5,76344,24589,6482497,0
2008,381,2,757,"H3","6205",5,1035865,282019,61294291,0
2008,381,1,826,"H3","6205",5,316674,504186,14083908,4
2008,381,2,826,"H3","6205",5,1415716,570735,58625207,4
2008,381,1,757,"H3","620520",5,73734,23686,6270084,0
2008,381,2,757,"H3","620520",5,914599,252390,54561182,0
2008,381,1,826,"H3","620520",5,285228,464010,13249543,4
2008,381,2,826,"H3","620520",5,1286839,524433,53843759,4
2008,381,1,757,"H3","620530",5,417,158,10121,0
2008,381,2,757,"H3","620530",5,12226,3375,1017746,0
2008,381,1,826,"H3","620530",5,15068,24510,302558,4
2008,381,2,826,"H3","620530",5,12592,18403,549414,4
2008,381,1,757,"H3","620590",5,2193,745,202292,0
2008,381,2,757,"H3","620590",5,109040,26254,5715362,0
2008,381,1,826,"H3","620590",5,16378,15666,531807,4
2008,381,2,826,"H3","620590",5,116285,27899,4232034,4
2008,381,1,757,"H3","6206",5,14343,4331,1843973,0
2008,381,2,757,"H3","6206",5,427696,105190,30793837,0
2008,381,1,826,"H3","6206",5,220081,259816,12464485,4
2008,381,2,826,"H3","6206",5,737022,210287,36639268,4
2008,381,1,757,"H3","620610",5,2379,682,615928,0
2008,381,2,757,"H3","620610",5,36427,8912,7348428,0
2008,381,1,826,"H3","620610",5,5842,3558,503528,4
2008,381,2,826,"H3","620610",5,62370,18995,9250624,4
2008,381,1,757,"H3","620620",5,189,51,42902,0
2008,381,2,757,"H3","620620",5,5984,2053,1023056,0
2008,381,1,826,"H3","620620",5,490,605,52130,4
2008,381,2,826,"H3","620620",5,7886,3284,756116,4
2008,381,1,757,"H3","620630",5,8221,2773,1031935,0
2008,381,2,757,"H3","620630",5,306472,75035,18654569,0
2008,381,1,826,"H3","620630",5,191997,236751,11105626,4
2008,381,2,826,"H3","620630",5,450280,96526,18267748,4
2008,381,1,757,"H3","620640",5,1048,196,88930,0
2008,381,2,757,"H3","620640",5,40208,8659,1848529,0
2008,381,1,826,"H3","620640",5,13661,12089,461845,4
2008,381,2,826,"H3","620640",5,69545,63108,3473607,4
2008,381,1,757,"H3","620690",5,2506,629,64278,0
2008,381,2,757,"H3","620690",5,38605,10531,1919254,0
2008,381,1,826,"H3","620690",5,8091,6812,341356,4
2008,381,2,826,"H3","620690",5,146941,28374,4891173,4
2008,381,1,757,"H3","6207",1,,225,52365,0
2008,381,2,757,"H3","6207",1,,10066,1307242,0
2008,381,1,826,"H3","6207",1,,38460,592356,4
2008,381,2,826,"H3","6207",1,,19580,942062,4
2008,381,2,757,"H3","620711",5,8654,2011,127230,0
2008,381,1,826,"H3","620711",5,9577,9011,80400,4
2008,381,2,826,"H3","620711",5,7415,1728,138544,4
2008,381,1,757,"H3","620719",5,1334,133,31474,0
2008,381,2,757,"H3","620719",5,10186,1431,285839,0
2008,381,1,826,"H3","620719",5,1454,115,2051,4
2008,381,2,826,"H3","620719",5,7341,533,65943,4
2008,381,2,757,"H3","620721",5,20529,4263,617571,0
2008,381,1,826,"H3","620721",5,6725,27360,428523,4
2008,381,2,826,"H3","620721",5,2155,1265,74119,4
2008,381,1,826,"H3","620722",5,45,52,451,4
2008,381,2,826,"H3","620722",5,8,10,697,4
2008,381,1,757,"H3","620729",5,4,2,1533,0
2008,381,2,757,"H3","620729",5,354,194,52437,0
2008,381,1,826,"H3","620729",5,92,31,2630,4
2008,381,2,826,"H3","620729",5,394,901,64641,4
2008,381,1,757,"H3","620791",8,90,90,19358,0
2008,381,2,757,"H3","620791",8,1837,1837,171624,0
2008,381,1,826,"H3","620791",8,1400,1400,30567,0
2008,381,2,826,"H3","620791",8,14744,14744,479927,0
2008,381,2,757,"H3","620799",8,330,330,52541,0
2008,381,1,826,"H3","620799",8,491,491,47734,0
2008,381,2,826,"H3","620799",8,399,399,118190,0
2008,381,1,757,"H3","6208",1,,444,61934,0
2008,381,2,757,"H3","6208",1,,16119,1192503,0
2008,381,1,826,"H3","6208",1,,47794,809335,4
2008,381,2,826,"H3","6208",1,,46981,4157369,4
2008,381,2,757,"H3","620811",5,8160,502,83378,0
2008,381,1,826,"H3","620811",5,207,156,7256,4
2008,381,2,826,"H3","620811",5,9539,2609,434649,4
2008,381,1,757,"H3","620819",5,27,4,1906,0
2008,381,2,757,"H3","620819",5,1705,235,56151,0
2008,381,1,826,"H3","620819",5,652,333,42382,4
2008,381,2,826,"H3","620819",5,29816,5200,1081341,4
2008,381,1,757,"H3","620821",5,61,30,3301,0
2008,381,2,757,"H3","620821",5,6881,2761,306090,0
2008,381,1,826,"H3","620821",5,45362,38902,460986,4
2008,381,2,826,"H3","620821",5,4285,1932,153360,4
2008,381,2,757,"H3","620822",5,1953,594,30082,0
2008,381,1,826,"H3","620822",5,5318,3466,51139,4
2008,381,2,826,"H3","620822",5,6695,5676,190696,4
2008,381,1,757,"H3","620829",5,48,9,5674,0
2008,381,2,757,"H3","620829",5,3440,941,158413,0
2008,381,1,826,"H3","620829",5,123,32,3569,4
2008,381,2,826,"H3","620829",5,9602,16534,796059,4
2008,381,1,757,"H3","620891",8,25,25,5955,0
2008,381,2,757,"H3","620891",8,5378,5378,258498,0
2008,381,1,826,"H3","620891",8,1814,1814,69078,0
2008,381,2,826,"H3","620891",8,5443,5443,292594,0
2008,381,1,757,"H3","620892",8,190,190,6656,0
2008,381,2,757,"H3","620892",8,1209,1209,89455,0
2008,381,1,826,"H3","620892",8,2438,2438,114389,0
2008,381,2,826,"H3","620892",8,5970,5970,564737,0
2008,381,1,757,"H3","620899",8,186,186,38443,0
2008,381,2,757,"H3","620899",8,4499,4499,210436,0
2008,381,1,826,"H3","620899",8,653,653,60535,0
2008,381,2,826,"H3","620899",8,3617,3617,643932,0
2008,381,1,757,"H3","6209",8,1131,1131,135142,0
2008,381,2,757,"H3","6209",8,25761,25761,1571843,0
2008,381,1,826,"H3","6209",8,12745,12745,423683,0
2008,381,2,826,"H3","6209",8,56267,56267,5250793,0
2008,381,1,757,"H3","620920",8,809,809,54700,0
2008,381,2,757,"H3","620920",8,12484,12484,786940,0
2008,381,1,826,"H3","620920",8,7855,7855,312400,0
2008,381,2,826,"H3","620920",8,40139,40139,3490835,0
2008,381,2,757,"H3","620930",8,9711,9711,515253,0
2008,381,1,826,"H3","620930",8,3804,3804,45933,0
2008,381,2,826,"H3","620930",8,9731,9731,847668,0
2008,381,1,757,"H3","620990",8,322,322,80442,0
2008,381,2,757,"H3","620990",8,3566,3566,269650,0
2008,381,1,826,"H3","620990",8,1086,1086,65351,0
2008,381,2,826,"H3","620990",8,6397,6397,912291,0
2008,381,1,757,"H3","6210",1,,2082,447063,0
2008,381,2,757,"H3","6210",1,,321995,45394705,0
2008,381,1,826,"H3","6210",1,,276364,3770732,4
2008,381,2,826,"H3","6210",1,,72290,7886922,4
2008,381,1,757,"H3","621010",8,221,221,30864,0
2008,381,2,757,"H3","621010",8,50089,50089,2093650,0
2008,381,1,826,"H3","621010",8,252942,252942,2297577,0
2008,381,2,826,"H3","621010",8,11522,11522,354787,0
2008,381,1,757,"H3","621020",5,88,52,11216,0
2008,381,2,757,"H3","621020",5,50718,11388,3534686,0
2008,381,1,826,"H3","621020",5,851,5376,56904,4
2008,381,2,826,"H3","621020",5,3237,2545,443223,4
2008,381,1,757,"H3","621030",5,280,137,62545,0
2008,381,2,757,"H3","621030",5,44302,16943,2063601,0
2008,381,1,826,"H3","621030",5,923,4301,66730,4
2008,381,2,826,"H3","621030",5,886,1811,402091,4
2008,381,1,757,"H3","621040",8,682,682,59545,0
2008,381,2,757,"H3","621040",8,74697,74697,9839886,0
2008,381,1,826,"H3","621040",8,7725,7725,644906,0
2008,381,2,826,"H3","621040",8,47917,47917,5149083,0
2008,381,1,757,"H3","621050",8,990,990,282893,0
2008,381,2,757,"H3","621050",8,168878,168878,27862882,0
2008,381,1,826,"H3","621050",8,6020,6020,704614,0
2008,381,2,826,"H3","621050",8,8494,8494,1537737,0
2008,381,1,757,"H3","6211",1,,14545,2312004,0
2008,381,2,757,"H3","6211",1,,195766,18728431,0
2008,381,1,826,"H3","6211",1,,775055,8203372,4
2008,381,2,826,"H3","6211",1,,301614,22060556,4
2008,381,1,757,"H3","621111",5,237,45,27882,0
2008,381,2,757,"H3","621111",5,21921,2374,751204,0
2008,381,1,826,"H3","621111",5,26155,15845,456535,4
2008,381,2,826,"H3","621111",5,111856,46113,2540224,4
2008,381,1,757,"H3","621112",5,2746,254,174434,0
2008,381,2,757,"H3","621112",5,75407,5567,2991974,0
2008,381,1,826,"H3","621112",5,6037,2405,104879,4
2008,381,2,826,"H3","621112",5,19986,6997,1078170,4
2008,381,1,757,"H3","621120",5,1361,428,4615,0
2008,381,2,757,"H3","621120",5,30120,13514,1961697,0
2008,381,1,826,"H3","621120",5,6,34,855,4
2008,381,2,826,"H3","621120",5,6000,4097,321271,4
2008,381,1,757,"H3","621132",8,969,969,248614,0
2008,381,2,757,"H3","621132",8,30853,30853,2591570,0
2008,381,1,826,"H3","621132",8,677720,677720,4863156,6
2008,381,2,826,"H3","621132",8,24002,24002,1352905,6
2008,381,1,757,"H3","621133",8,9986,9986,730995,0
2008,381,2,757,"H3","621133",8,76496,76496,3240835,0
2008,381,1,826,"H3","621133",8,19064,19064,876884,6
2008,381,2,826,"H3","621133",8,160430,160430,10523125,6
2008,381,1,757,"H3","621139",8,1791,1791,543886,0
2008,381,2,757,"H3","621139",8,6804,6804,1183950,0
2008,381,1,826,"H3","621139",8,5348,5348,174954,0
2008,381,2,826,"H3","621139",8,5867,5867,743719,0
2008,381,1,757,"H3","621141",8,53,53,25030,0
2008,381,2,757,"H3","621141",8,1089,1089,346943,0
2008,381,1,826,"H3","621141",8,88,88,26804,0
2008,381,2,826,"H3","621141",8,1490,1490,321506,0
2008,381,1,757,"H3","621142",8,210,210,171183,0
2008,381,2,757,"H3","621142",8,9971,9971,984196,0
2008,381,1,826,"H3","621142",8,18408,18408,307974,6
2008,381,2,826,"H3","621142",8,12249,12249,1482323,6
2008,381,1,757,"H3","621143",8,188,188,76591,0
2008,381,2,757,"H3","621143",8,21399,21399,1801501,0
2008,381,1,826,"H3","621143",8,28831,28831,758673,6
2008,381,2,826,"H3","621143",8,27818,27818,2204208,6
2008,381,1,757,"H3","621149",8,621,621,308774,0
2008,381,2,757,"H3","621149",8,27699,27699,2874562,0
2008,381,1,826,"H3","621149",8,7311,7311,632659,0
2008,381,2,826,"H3","621149",8,12551,12551,1493106,0
2008,381,1,757,"H3","6212",8,309,309,84997,0
2008,381,2,757,"H3","6212",8,28836,28836,4969926,0
2008,381,1,826,"H3","6212",8,10154,10154,659975,6
2008,381,2,826,"H3","6212",8,92547,92547,7832613,6
2008,381,1,757,"H3","621210",8,274,274,80723,0
2008,381,2,757,"H3","621210",8,23647,23647,4143330,0
2008,381,1,826,"H3","621210",8,8691,8691,510178,6
2008,381,2,826,"H3","621210",8,75554,75554,6337565,6
2008,381,2,757,"H3","621220",8,216,216,39179,0
2008,381,1,826,"H3","621220",8,68,68,2567,6
2008,381,2,826,"H3","621220",8,10654,10654,345811,6
2008,381,2,757,"H3","621230",8,259,259,43852,0
2008,381,1,826,"H3","621230",8,95,95,4089,6
2008,381,2,826,"H3","621230",8,1032,1032,69050,6
2008,381,1,757,"H3","621290",8,35,35,4274,0
2008,381,2,757,"H3","621290",8,4714,4714,743565,0
2008,381,1,826,"H3","621290",8,1301,1301,143141,0
2008,381,2,826,"H3","621290",8,5307,5307,1080187,0
2008,381,1,757,"H3","6213",8,220,220,38262,0
2008,381,2,757,"H3","6213",8,1143,1143,89146,0
2008,381,1,826,"H3","6213",8,1751,1751,37590,6
2008,381,2,826,"H3","6213",8,5351,5351,589353,6
2008,381,1,757,"H3","621320",8,190,190,22293,0
2008,381,2,757,"H3","621320",8,105,105,10813,0
2008,381,1,826,"H3","621320",8,703,703,9064,6
2008,381,2,826,"H3","621320",8,260,260,37583,6
2008,381,1,757,"H3","621390",8,30,30,15969,0
2008,381,2,757,"H3","621390",8,1038,1038,78333,0
2008,381,1,826,"H3","621390",8,1048,1048,28526,6
2008,381,2,826,"H3","621390",8,5092,5092,551770,6
2008,381,1,757,"H3","6214",5,84524,8578,5747874,0
2008,381,2,757,"H3","6214",5,1119443,98229,27785008,0
2008,381,1,826,"H3","6214",5,242680,167897,11124413,4
2008,381,2,826,"H3","6214",5,2471265,206842,33044043,4
2008,381,1,757,"H3","621410",5,53395,4454,3691623,0
2008,381,2,757,"H3","621410",5,389280,32973,15169375,0
2008,381,1,826,"H3","621410",5,58197,23372,3031706,4
2008,381,2,826,"H3","621410",5,469563,38011,13127592,4
2008,381,1,757,"H3","621420",5,23635,3522,1689250,0
2008,381,2,757,"H3","621420",5,208727,26121,7108177,0
2008,381,1,826,"H3","621420",5,97076,92108,7252944,4
2008,381,2,826,"H3","621420",5,205575,39865,8956830,4
2008,381,1,757,"H3","621430",5,2046,159,68881,0
2008,381,2,757,"H3","621430",5,271290,14263,1721923,0
2008,381,1,826,"H3","621430",5,47814,23111,212880,4
2008,381,2,826,"H3","621430",5,1328110,76627,5552192,4
2008,381,1,757,"H3","621440",5,122,23,13247,0
2008,381,2,757,"H3","621440",5,47809,6021,634838,0
2008,381,1,826,"H3","621440",5,12465,15291,244526,4
2008,381,2,826,"H3","621440",5,221901,23934,2079490,4
2008,381,1,757,"H3","621490",5,5326,420,284873,0
2008,381,2,757,"H3","621490",5,202337,18851,3150694,0
2008,381,1,826,"H3","621490",5,27128,14015,382357,4
2008,381,2,826,"H3","621490",5,246116,28406,3327939,4
2008,381,1,757,"H3","6215",8,5536,5536,3197044,0
2008,381,2,757,"H3","6215",8,117054,117054,56157247,0
2008,381,1,826,"H3","6215",8,104337,104337,5647815,6
2008,381,2,826,"H3","6215",8,72604,72604,20948089,6
2008,381,1,757,"H3","621510",8,5350,5350,3136311,0
2008,381,2,757,"H3","621510",8,114777,114777,55332370,0
2008,381,1,826,"H3","621510",8,97833,97833,5538913,6
2008,381,2,826,"H3","621510",8,68966,68966,20442977,6
2008,381,1,757,"H3","621520",8,70,70,30372,0
2008,381,2,757,"H3","621520",8,613,613,221686,0
2008,381,1,826,"H3","621520",8,4807,4807,61432,6
2008,381,2,826,"H3","621520",8,1602,1602,142786,6
2008,381,1,757,"H3","621590",8,116,116,30361,0
2008,381,2,757,"H3","621590",8,1664,1664,603191,0
2008,381,1,826,"H3","621590",8,1697,1697,47470,6
2008,381,2,826,"H3","621590",8,2035,2035,362326,6
2008,381,1,757,"H3","6216",8,100,100,14543,0
2008,381,2,757,"H3","6216",8,3003,3003,234921,6
2008,381,1,826,"H3","6216",8,11783,11783,258691,6
2008,381,2,826,"H3","6216",8,54535,54535,2051551,6
2008,381,1,757,"H3","621600",8,100,100,14543,0
2008,381,2,757,"H3","621600",8,3003,3003,234921,6
2008,381,1,826,"H3","621600",8,11783,11783,258691,6
2008,381,2,826,"H3","621600",8,54535,54535,2051551,6
2008,381,1,757,"H3","6217",8,153808,153808,9431732,0
2008,381,2,757,"H3","6217",8,181174,181174,14641050,0
2008,381,1,826,"H3","6217",8,59938,59938,3047507,0
2008,381,2,826,"H3","6217",8,65043,65043,4443092,0
2008,381,1,757,"H3","621710",8,6010,6010,1627741,0
2008,381,2,757,"H3","621710",8,143367,143367,12031724,0
2008,381,1,826,"H3","621710",8,57602,57602,2909516,0
2008,381,2,826,"H3","621710",8,40306,40306,3583292,0
2008,381,1,757,"H3","621790",8,147798,147798,7803991,0
2008,381,2,757,"H3","621790",8,37807,37807,2609326,0
2008,381,1,826,"H3","621790",8,2336,2336,137991,0
2008,381,2,826,"H3","621790",8,24737,24737,859800,0
2008,381,1,757,"H3","63",1,,,11196288,0
2008,381,2,757,"H3","63",1,,,64001432,0
2008,381,1,826,"H3","63",1,,,25072991,0
2008,381,2,826,"H3","63",1,,,37214397,0
2008,381,1,757,"H3","6301",1,,480,37961,0
2008,381,2,757,"H3","6301",1,,107773,2582702,0
2008,381,1,826,"H3","6301",1,,60570,501013,4
2008,381,2,826,"H3","6301",1,,119735,2686381,4
2008,381,2,757,"H3","630110",5,748,2249,39784,0
2008,381,1,826,"H3","630110",5,73,15656,151976,4
2008,381,2,826,"H3","630110",5,726,2018,47872,4
2008,381,1,757,"H3","630120",8,329,329,29607,0
2008,381,2,757,"H3","630120",8,47004,47004,1632981,0
2008,381,1,826,"H3","630120",8,5501,5501,97479,6
2008,381,2,826,"H3","630120",8,97892,97892,2284727,6
2008,381,1,757,"H3","630130",8,18,18,2813,0
2008,381,2,757,"H3","630130",8,966,966,20332,0
2008,381,1,826,"H3","630130",8,6332,6332,71562,6
2008,381,2,826,"H3","630130",8,3834,3834,189607,6
2008,381,1,757,"H3","630140",8,126,126,3983,0
2008,381,2,757,"H3","630140",8,43388,43388,686513,0
2008,381,1,826,"H3","630140",8,11309,11309,53904,6
2008,381,2,826,"H3","630140",8,3737,3737,51176,6
2008,381,1,757,"H3","630190",8,7,7,1558,0
2008,381,2,757,"H3","630190",8,14166,14166,203092,0
2008,381,1,826,"H3","630190",8,21771,21771,126092,6
2008,381,2,826,"H3","630190",8,12254,12254,112999,6
2008,381,1,757,"H3","6302",8,8010,8010,388731,0
2008,381,2,757,"H3","6302",8,648616,648616,16995071,0
2008,381,1,826,"H3","6302",8,132895,132895,1884663,0
2008,381,2,826,"H3","6302",8,702002,702002,19188399,0
2008,381,2,757,"H3","630210",8,43845,43845,626013,0
2008,381,1,826,"H3","630210",8,1076,1076,46000,0
2008,381,2,826,"H3","630210",8,2323,2323,176121,0
2008,381,1,757,"H3","630221",8,320,320,27435,0
2008,381,2,757,"H3","630221",8,179309,179309,4350417,0
2008,381,1,826,"H3","630221",8,11107,11107,154836,0
2008,381,2,826,"H3","630221",8,376382,376382,8174058,0
2008,381,2,757,"H3","630222",8,85944,85944,2058361,0
2008,381,1,826,"H3","630222",8,268,268,32120,0
2008,381,2,826,"H3","630222",8,3196,3196,27693,0
2008,381,1,757,"H3","630229",8,431,431,6416,0
2008,381,2,757,"H3","630229",8,27731,27731,643007,0
2008,381,1,826,"H3","630229",8,57,57,1452,0
2008,381,2,826,"H3","630229",8,355,355,28831,0
2008,381,1,757,"H3","630231",8,3952,3952,179156,0
2008,381,2,757,"H3","630231",8,109804,109804,2749669,0
2008,381,1,826,"H3","630231",8,9459,9459,189299,0
2008,381,2,826,"H3","630231",8,121876,121876,6047182,0
2008,381,1,757,"H3","630232",8,94,94,17517,0
2008,381,2,757,"H3","630232",8,7736,7736,286406,0
2008,381,1,826,"H3","630232",8,22215,22215,264978,0
2008,381,2,826,"H3","630232",8,924,924,21575,0
2008,381,1,757,"H3","630239",8,109,109,7936,0
2008,381,2,757,"H3","630239",8,23592,23592,653747,0
2008,381,1,826,"H3","630239",8,338,338,10048,0
2008,381,2,826,"H3","630239",8,15314,15314,464983,0
2008,381,2,757,"H3","630240",8,110,110,14388,0
2008,381,1,826,"H3","630240",8,80,80,1564,0
2008,381,2,826,"H3","630240",8,145,145,8843,0
2008,381,1,757,"H3","630251",8,1356,1356,39569,0
2008,381,2,757,"H3","630253",8,3270,3270,66081,0
2008,381,1,826,"H3","630253",8,193,193,11814,0
2008,381,2,826,"H3","630253",8,420,420,25143,0
2008,381,1,757,"H3","630259",8,222,222,14165,0
2008,381,2,757,"H3","630259",8,15921,15921,377823,0
2008,381,1,826,"H3","630259",8,78,78,3204,0
2008,381,2,826,"H3","630259",8,4469,4469,180561,0
2008,381,1,757,"H3","630260",8,1498,1498,93093,0
2008,381,2,757,"H3","630260",8,41495,41495,1566897,0
2008,381,1,826,"H3","630260",8,64985,64985,833679,0
2008,381,2,826,"H3","630260",8,67649,67649,1596724,0
2008,381,1,757,"H3","630291",8,23,23,1749,0
2008,381,2,757,"H3","630291",8,19096,19096,552852,0
2008,381,1,826,"H3","630291",8,8832,8832,158513,0
2008,381,2,826,"H3","630291",8,12390,12390,441681,0
2008,381,2,757,"H3","630293",8,3882,3882,136126,0
2008,381,1,826,"H3","630293",8,9879,9879,95804,0
2008,381,2,826,"H3","630293",8,42618,42618,512085,0
2008,381,1,757,"H3","630299",8,5,5,1694,0
2008,381,2,757,"H3","630299",8,9829,9829,281249,0
2008,381,1,826,"H3","630299",8,2243,2243,22204,0
2008,381,2,826,"H3","630299",8,15387,15387,204462,0
2008,381,1,757,"H3","6303",8,3503,3503,174590,0
2008,381,2,757,"H3","6303",8,93124,93124,5021884,0
2008,381,1,826,"H3","6303",8,100012,100012,781749,6
2008,381,2,826,"H3","6303",8,19117,19117,897267,6
2008,381,1,757,"H3","630312",8,99,99,16865,0
2008,381,2,757,"H3","630312",8,1012,1012,127521,0
2008,381,1,826,"H3","630312",8,39,39,257,6
2008,381,2,826,"H3","630312",8,70,70,3549,6
2008,381,1,757,"H3","630319",8,210,210,8810,0
2008,381,2,757,"H3","630319",8,4018,4018,400357,0
2008,381,2,826,"H3","630251",8,38554,38554,1278455,0
2008,381,1,826,"H3","630251",8,2085,2085,59147,0
2008,381,2,757,"H3","630251",8,77052,77052,2632034,0
2008,381,1,826,"H3","630319",8,12056,12056,74808,6
2008,381,2,826,"H3","630319",8,1228,1228,108201,6
2008,381,2,757,"H3","630391",8,2429,2429,201837,0
2008,381,1,826,"H3","630391",8,40185,40185,318564,6
2008,381,2,826,"H3","630391",8,10952,10952,457821,6
2008,381,1,757,"H3","630392",8,2880,2880,138264,0
2008,381,2,757,"H3","630392",8,73154,73154,3580905,0
2008,381,1,826,"H3","630392",8,28800,28800,224167,6
2008,381,2,826,"H3","630392",8,5676,5676,288979,6
2008,381,1,757,"H3","630399",8,314,314,10651,0
2008,381,2,757,"H3","630399",8,12511,12511,711264,0
2008,381,1,826,"H3","630399",8,18932,18932,163953,6
2008,381,2,826,"H3","630399",8,1190,1190,38717,6
2008,381,1,757,"H3","6304",8,1017,1017,50846,0
2008,381,2,757,"H3","6304",8,73987,73987,1870348,0
2008,381,2,757,"H3","630411",8,346,346,11473,0
2008,381,2,826,"H3","630411",8,208,208,3045,6
2008,381,1,757,"H3","630419",8,5,5,7065,0
2008,381,2,757,"H3","630419",8,22411,22411,617283,0
2008,381,1,826,"H3","630419",8,10883,10883,58754,6
2008,381,2,826,"H3","630419",8,26439,26439,416466,6
2008,381,2,757,"H3","630491",8,3583,3583,62766,0
2008,381,1,826,"H3","630491",8,34,34,508,0
2008,381,2,826,"H3","630491",8,490,490,8040,0
2008,381,1,757,"H3","630492",8,35,35,8525,0
2008,381,2,757,"H3","630492",8,4726,4726,236752,0
2008,381,1,826,"H3","630492",8,446,446,8597,0
2008,381,2,826,"H3","630492",8,17342,17342,784373,0
2008,381,1,757,"H3","630493",8,938,938,23362,0
2008,381,2,757,"H3","630493",8,1479,1479,36118,0
2008,381,1,826,"H3","630493",8,944,944,24237,0
2008,381,2,826,"H3","630493",8,1715,1715,35163,0
2008,381,1,757,"H3","630499",8,39,39,11893,0
2008,381,2,757,"H3","630499",8,41442,41442,905957,0
2008,381,1,826,"H3","630499",8,4127,4127,86608,0
2008,381,2,826,"H3","630499",8,7804,7804,499430,0
2008,381,1,757,"H3","6305",8,31440,31440,127726,0
2008,381,2,757,"H3","6305",8,238296,238296,2605089,0
2008,381,1,826,"H3","6305",8,15249,15249,89970,0
2008,381,2,826,"H3","6305",8,58453,58453,1166112,0
2008,381,1,757,"H3","630510",8,8200,8200,2085,0
2008,381,2,757,"H3","630510",8,10782,10782,76314,0
2008,381,1,826,"H3","630510",8,3359,3359,19091,0
2008,381,2,826,"H3","630510",8,2066,2066,10658,0
2008,381,1,757,"H3","630520",8,718,718,24396,0
2008,381,2,757,"H3","630520",8,83122,83122,1292509,0
2008,381,1,826,"H3","630520",8,1745,1745,6518,0
2008,381,2,826,"H3","6304",8,53998,53998,1746519,6
2008,381,1,826,"H3","6304",8,16434,16434,178704,6
2008,381,2,826,"H3","630520",8,43447,43447,928667,0
2008,381,1,757,"H3","630532",8,21177,21177,74622,0
2008,381,2,757,"H3","630532",8,92687,92687,482760,0
2008,381,1,826,"H3","630532",8,5363,5363,31731,0
2008,381,2,826,"H3","630532",8,3656,3656,28394,0
2008,381,1,757,"H3","630533",8,792,792,17932,0
2008,381,2,757,"H3","630533",8,29397,29397,124756,0
2008,381,1,826,"H3","630533",8,3606,3606,12423,0
2008,381,2,826,"H3","630533",8,1553,1553,15401,0
2008,381,1,757,"H3","630539",8,553,553,8691,0
2008,381,2,757,"H3","630539",8,16183,16183,422269,0
2008,381,1,826,"H3","630539",8,170,170,6218,0
2008,381,2,826,"H3","630539",8,7049,7049,169788,0
2008,381,2,757,"H3","630590",8,6125,6125,206481,0
2008,381,1,826,"H3","630590",8,1006,1006,13988,0
2008,381,2,826,"H3","630590",8,682,682,13205,0
2008,381,1,757,"H3","6306",8,8334,8334,120177,0
2008,381,2,757,"H3","6306",8,386695,386695,5443993,0
2008,381,1,826,"H3","6306",8,9980,9980,1097274,0
2008,381,2,826,"H3","6306",8,332991,332991,3785139,6
2008,381,1,757,"H3","630612",8,2418,2418,26575,0
2008,381,2,757,"H3","630612",8,243304,243304,2791567,0
2008,381,1,826,"H3","630612",8,2203,2203,55202,0
2008,381,2,826,"H3","630612",8,106787,106787,916399,0
2008,381,1,757,"H3","630619",8,3583,3583,42171,0
2008,381,2,757,"H3","630619",8,113739,113739,1719176,0
2008,381,1,826,"H3","630619",8,3930,3930,43423,0
2008,381,2,826,"H3","630619",8,43449,43449,528777,0
2008,381,1,757,"H3","630622",8,1904,1904,36267,0
2008,381,2,757,"H3","630622",8,12099,12099,324645,0
2008,381,1,826,"H3","630622",8,792,792,45508,0
2008,381,2,826,"H3","630622",8,75409,75409,772753,0
2008,381,1,757,"H3","630629",8,55,55,7794,0
2008,381,2,757,"H3","630629",8,13936,13936,375072,0
2008,381,1,826,"H3","630629",8,770,770,44252,0
2008,381,2,826,"H3","630629",8,21152,21152,467625,0
2008,381,1,757,"H3","630630",8,12,12,3296,0
2008,381,2,757,"H3","630630",8,376,376,134742,0
2008,381,1,826,"H3","630630",8,1658,1658,897678,0
2008,381,2,826,"H3","630630",8,1413,1413,472142,0
2008,381,2,757,"H3","630640",8,259,259,11194,0
2008,381,2,826,"H3","630640",8,64,64,573,6
2008,381,1,757,"H3","630691",8,12,12,1505,0
2008,381,2,757,"H3","630691",8,453,453,8574,0
2008,381,1,826,"H3","630691",8,10,10,95,0
2008,381,2,826,"H3","630691",8,74806,74806,464367,0
2008,381,1,757,"H3","630699",8,350,350,2570,0
2008,381,2,757,"H3","630699",8,2529,2529,79023,0
2008,381,1,826,"H3","630699",8,617,617,11115,0
2008,381,2,826,"H3","630699",8,9911,9911,162505,0
2008,381,1,757,"H3","6307",8,18342,18342,453600,0
2008,381,2,757,"H3","6307",8,636620,636620,28071379,0
2008,381,1,826,"H3","6307",8,493676,493676,18963512,0
2008,381,2,826,"H3","6307",8,744013,744013,5233532,0
2008,381,1,757,"H3","630710",8,14921,14921,114802,0
2008,381,2,757,"H3","630710",8,261362,261362,1036839,0
2008,381,1,826,"H3","630710",8,24938,24938,352580,0
2008,381,2,826,"H3","630710",8,624315,624315,2704669,0
2008,381,2,757,"H3","630720",8,7469,7469,149186,0
2008,381,1,826,"H3","630720",8,9540,9540,326651,0
2008,381,2,826,"H3","630720",8,791,791,79839,0
2008,381,1,757,"H3","630790",8,3421,3421,338798,0
2008,381,2,757,"H3","630790",8,367789,367789,26885354,0
2008,381,1,826,"H3","630790",8,459198,459198,18284282,0
2008,381,2,826,"H3","630790",8,118907,118907,2449023,0
2008,381,1,757,"H3","6308",8,140,140,9014,0
2008,381,2,757,"H3","6308",8,38803,38803,849963,0
2008,381,1,826,"H3","6308",8,1612,1612,92814,0
2008,381,2,826,"H3","6308",8,59429,59429,489994,0
2008,381,1,757,"H3","630800",8,140,140,9014,0
2008,381,2,757,"H3","630800",8,38803,38803,849963,0
2008,381,1,826,"H3","630800",8,1612,1612,92814,0
2008,381,2,826,"H3","630800",8,59429,59429,489994,0
2008,381,1,757,"H3","6309",8,8147861,8147861,8009694,0
2008,381,2,757,"H3","6309",8,13540,13540,34600,0
2008,381,1,826,"H3","6309",8,49775,49775,80439,0
2008,381,2,826,"H3","6309",8,17808,17808,331701,0
2008,381,1,757,"H3","630900",8,8147861,8147861,8009694,0
2008,381,2,757,"H3","630900",8,13540,13540,34600,0
2008,381,1,826,"H3","630900",8,49775,49775,80439,0
2008,381,2,826,"H3","630900",8,17808,17808,331701,0
2008,381,1,757,"H3","6310",8,1944423,1944423,1823950,0
2008,381,2,757,"H3","6310",8,707150,707150,526404,0
2008,381,1,826,"H3","6310",8,204822,204822,520988,0
2008,381,2,826,"H3","6310",8,83213,83213,70632,0
2008,381,1,757,"H3","631010",8,144248,144248,79708,0
2008,381,2,757,"H3","631010",8,537271,537271,364307,0
2008,381,1,826,"H3","631010",8,156469,156469,493351,0
2008,381,2,826,"H3","631010",8,50712,50712,48226,0
2008,381,1,757,"H3","631090",8,1800175,1800175,1744242,0
2008,381,2,757,"H3","631090",8,169879,169879,162097,0
2008,381,1,826,"H3","631090",8,48353,48353,27636,0
2008,381,2,826,"H3","631090",8,32501,32501,22406,0
2008,381,1,757,"H3","64",1,,,48820553,0
2008,381,2,757,"H3","64",1,,,697936841,0
2008,381,1,826,"H3","64",1,,,85890263,0
2008,381,2,826,"H3","64",1,,,617111749,0
2008,381,1,757,"H3","6401",6,234,407,35850,0
2008,381,2,757,"H3","6401",6,296014,330084,2981593,0
2008,381,1,826,"H3","6401",6,31908,372840,1525755,4
2008,381,2,826,"H3","6401",6,750217,1322859,7142483,4
2008,381,2,757,"H3","640110",6,8232,13312,202712,0
2008,381,1,826,"H3","640110",6,5077,108136,363100,4
2008,381,2,826,"H3","640110",6,61527,53609,825492,4
2008,381,1,757,"H3","640192",6,227,402,34010,0
2008,381,2,757,"H3","640192",6,262513,308520,2670716,0
2008,381,1,826,"H3","640192",6,4675,57994,284326,4
2008,381,2,826,"H3","640192",6,656276,1229673,5938977,4
2008,381,1,757,"H3","640199",6,7,5,1840,0
2008,381,2,757,"H3","640199",6,25269,8252,108164,0
2008,381,1,826,"H3","640199",6,22156,206710,878329,4
2008,381,2,826,"H3","640199",6,32414,39577,378014,4
2008,381,1,757,"H3","6402",6,30021,30630,2181651,0
2008,381,2,757,"H3","6402",6,1364917,1199397,47739966,0
2008,381,1,826,"H3","6402",6,253187,557815,5541779,4
2008,381,2,826,"H3","6402",6,1938265,1211015,33419219,4
2008,381,1,757,"H3","640212",6,1011,6000,233084,0
2008,381,2,757,"H3","640212",6,137562,534800,13309413,0
2008,381,1,826,"H3","640212",6,14,240,5289,4
2008,381,2,826,"H3","640212",6,18291,96909,2446831,4
2008,381,1,757,"H3","640219",6,13054,10477,97618,0
2008,381,2,757,"H3","640219",6,68161,54070,2038593,0
2008,381,1,826,"H3","640219",6,11227,55201,680730,4
2008,381,2,826,"H3","640219",6,93420,76630,2864427,4
2008,381,1,757,"H3","640220",6,86,34,12608,0
2008,381,2,757,"H3","640220",6,40128,26837,388386,0
2008,381,1,826,"H3","640220",6,59574,50661,298465,4
2008,381,2,826,"H3","640220",6,60960,25150,925305,4
2008,381,1,757,"H3","640291",6,2164,1396,109525,0
2008,381,2,757,"H3","640291",6,82271,73215,4548867,0
2008,381,1,826,"H3","640291",6,1967,4466,57963,4
2008,381,2,826,"H3","640291",6,271913,394195,7937700,4
2008,381,1,757,"H3","640299",6,13706,12723,1728816,0
2008,381,2,757,"H3","640299",6,1036795,510475,27454708,0
2008,381,1,826,"H3","640299",6,180405,447247,4499332,4
2008,381,2,826,"H3","640299",6,1493681,618132,19244956,4
2008,381,1,757,"H3","6403",6,536239,541721,39710275,0
2008,381,2,757,"H3","6403",6,7441357,6128551,557302668,0
2008,381,1,826,"H3","6403",6,1262402,2551483,64548101,4
2008,381,2,826,"H3","6403",6,11588549,6394177,503721390,4
2008,381,2,757,"H3","640312",6,12980,12685,382291,0
2008,381,1,826,"H3","640312",6,35,115,6795,4
2008,381,2,826,"H3","640312",6,1469,3712,269415,4
2008,381,1,757,"H3","640319",6,3524,1393,220709,0
2008,381,2,757,"H3","640319",6,323222,343911,33930372,0
2008,381,1,826,"H3","640319",6,289587,354218,7861942,4
2008,381,2,826,"H3","640319",6,761652,460703,32031183,4
2008,381,1,757,"H3","640320",6,107,39,20132,0
2008,381,2,757,"H3","640320",6,19004,17719,1349706,0
2008,381,1,826,"H3","640320",6,1260,3221,88321,4
2008,381,2,826,"H3","640320",6,5689,11464,677140,4
2008,381,1,757,"H3","640340",6,728,1328,53448,0
2008,381,2,757,"H3","640340",6,193915,285179,6455164,0
2008,381,1,826,"H3","640340",6,27127,72199,768654,4
2008,381,2,826,"H3","640340",6,599179,1029883,17030171,4
2008,381,1,757,"H3","640351",6,14952,17204,3499521,0
2008,381,2,757,"H3","640351",6,634455,566677,85019681,0
2008,381,1,826,"H3","640351",6,18389,121477,4214917,4
2008,381,2,826,"H3","640351",6,409555,242575,30294354,4
2008,381,1,757,"H3","640359",6,101008,88987,15229958,0
2008,381,2,757,"H3","640359",6,2348012,1626002,224788275,0
2008,381,1,826,"H3","640359",6,249037,565265,17903151,4
2008,381,2,826,"H3","640359",6,2648482,1236219,160926073,4
2008,381,1,757,"H3","640391",6,69768,76252,3020229,0
2008,381,2,757,"H3","640391",6,679956,682842,33938346,0
2008,381,1,826,"H3","640391",6,167200,511044,11298267,4
2008,381,2,826,"H3","640391",6,1322750,989598,68797957,4
2008,381,1,757,"H3","640399",6,346152,356518,17666279,0
2008,381,2,757,"H3","640399",6,3229813,2593536,171438833,0
2008,381,1,826,"H3","640399",6,509767,923944,22406054,4
2008,381,2,826,"H3","640399",6,5839773,2420023,193695096,4
2008,381,1,757,"H3","6404",6,43357,34688,5327203,0
2008,381,2,757,"H3","6404",6,1590903,1188911,63987334,0
2008,381,1,826,"H3","6404",6,278635,415278,6092383,4
2008,381,2,826,"H3","6404",6,1237948,716136,38169969,4
2008,381,1,757,"H3","640411",6,247,135,14762,0
2008,381,2,757,"H3","640411",6,119367,102546,3933942,0
2008,381,1,826,"H3","640411",6,117246,213362,3224987,4
2008,381,2,826,"H3","640411",6,570379,162663,10494714,4
2008,381,1,757,"H3","640419",6,27248,23358,2859423,0
2008,381,2,757,"H3","640419",6,1316373,994356,42400488,0
2008,381,1,826,"H3","640419",6,145958,187808,2418279,4
2008,381,2,826,"H3","640419",6,613763,505722,20604585,4
2008,381,1,757,"H3","640420",6,15862,11195,2453017,0
2008,381,2,757,"H3","640420",6,155163,92009,17652904,0
2008,381,1,826,"H3","640420",6,15431,14108,449117,4
2008,381,2,826,"H3","640420",6,53806,47751,7070671,4
2008,381,1,757,"H3","6405",6,14511,8465,1210435,0
2008,381,2,757,"H3","6405",6,300590,163427,12955800,0
2008,381,1,826,"H3","6405",6,160669,180763,2019905,4
2008,381,2,826,"H3","6405",6,430513,296084,15201170,4
2008,381,1,757,"H3","640510",6,7610,3560,217351,0
2008,381,2,757,"H3","640510",6,46278,26572,848073,0
2008,381,1,826,"H3","640510",6,3304,30247,444422,4
2008,381,2,826,"H3","640510",6,161951,76089,4618742,4
2008,381,1,757,"H3","640520",6,639,241,39939,0
2008,381,2,757,"H3","640520",6,46917,17766,710363,0
2008,381,1,826,"H3","640520",6,150705,95208,871102,4
2008,381,2,826,"H3","640520",6,126017,102900,4108924,4
2008,381,1,757,"H3","640590",6,6262,4664,953145,0
2008,381,2,757,"H3","640590",6,207395,119089,11397364,0
2008,381,1,826,"H3","640590",6,6660,55308,704381,4
2008,381,2,826,"H3","640590",6,142545,117095,6473505,4
2008,381,1,757,"H3","6406",8,15653,15653,355140,0
2008,381,2,757,"H3","6406",8,371733,371733,12969481,0
2008,381,1,826,"H3","6406",8,58359,58359,1291350,0
2008,381,2,826,"H3","6406",8,238896,238896,4667834,6
2008,381,1,757,"H3","640610",8,192,192,5985,0
2008,381,2,757,"H3","640610",8,15674,15674,2337161,0
2008,381,1,826,"H3","640610",8,36666,36666,677862,0
2008,381,2,826,"H3","640610",8,2902,2902,204578,0
2008,381,1,757,"H3","640620",8,3325,3325,58051,0
2008,381,2,757,"H3","640620",8,170703,170703,2288625,0
2008,381,1,826,"H3","640620",8,7358,7358,44717,0
2008,381,2,826,"H3","640620",8,85712,85712,494964,0
2008,381,2,757,"H3","640691",8,78,78,2826,0
2008,381,2,826,"H3","640691",8,386,386,11603,0
2008,381,1,757,"H3","640699",8,12136,12136,291105,0
2008,381,2,757,"H3","640699",8,185278,185278,8340868,0
2008,381,1,826,"H3","640699",8,14335,14335,568770,0
2008,381,2,826,"H3","640699",8,149896,149896,3956689,6
2008,381,1,757,"H3","65",1,,,804014,0
2008,381,2,757,"H3","65",1,,,18412140,0
2008,381,1,826,"H3","65",1,,,6359916,0
2008,381,2,826,"H3","65",1,,,29123182,0
2008,381,2,757,"H3","6501",8,166,166,13860,6
2008,381,1,826,"H3","6501",8,35,35,521,6
2008,381,2,826,"H3","6501",8,735,735,48360,6
2008,381,2,757,"H3","650100",8,166,166,13860,6
2008,381,1,826,"H3","650100",8,35,35,521,6
2008,381,2,826,"H3","650100",8,735,735,48360,6
2008,381,1,826,"H3","6502",1,,121,2302,4
2008,381,2,826,"H3","6502",1,,,26997,0
2008,381,1,826,"H3","650200",8,121,121,2302,6
2008,381,2,826,"H3","650200",1,,,26997,0
2008,381,1,757,"H3","6504",8,8,8,5326,0
2008,381,2,757,"H3","6504",8,3381,3381,220838,0
2008,381,1,826,"H3","6504",8,22915,22915,295174,6
2008,381,2,826,"H3","6504",8,7235,7235,746319,6
2008,381,1,757,"H3","650400",8,8,8,5326,0
2008,381,2,757,"H3","650400",8,3381,3381,220838,0
2008,381,1,826,"H3","650400",8,22915,22915,295174,6
2008,381,2,826,"H3","650400",8,7235,7235,746319,6
2008,381,1,757,"H3","6505",8,1878,1878,576152,0
2008,381,2,757,"H3","6505",8,58791,58791,8222276,0
2008,381,1,826,"H3","6505",8,187942,187942,3272650,6
2008,381,2,826,"H3","6505",8,104629,104629,8661790,6
2008,381,2,757,"H3","650510",8,140,140,4021,0
2008,381,1,826,"H3","650510",8,678,678,20142,0
2008,381,2,826,"H3","650510",8,6,6,203,0
2008,381,1,757,"H3","650590",8,1878,1878,576152,0
2008,381,2,757,"H3","650590",8,58651,58651,8218254,0
2008,381,1,826,"H3","650590",8,187264,187264,3252507,6
2008,381,2,826,"H3","650590",8,104623,104623,8661587,6
2008,381,1,757,"H3","6506",1,,2374,215050,0
2008,381,2,757,"H3","6506",1,,144339,9928345,0
2008,381,1,826,"H3","6506",1,,82240,1715059,4
2008,381,2,826,"H3","6506",1,,282450,17954533,4
2008,381,1,757,"H3","650610",5,2298,2320,190855,0
2008,381,2,757,"H3","650610",5,199989,138695,9086682,0
2008,381,1,826,"H3","650610",5,170116,51802,1339536,4
2008,381,2,826,"H3","650610",5,269726,268391,17042627,4
2008,381,2,757,"H3","650691",8,1592,1592,242616,0
2008,381,1,826,"H3","650691",8,22699,22699,262607,6
2008,381,2,826,"H3","650691",8,1540,1540,46768,6
2008,381,1,757,"H3","650699",8,54,54,24195,0
2008,381,2,757,"H3","650699",8,4052,4052,599046,0
2008,381,1,826,"H3","650699",8,7739,7739,112917,6
2008,381,2,826,"H3","650699",8,12519,12519,865138,6
2008,381,1,757,"H3","6507",8,76,76,7487,0
2008,381,2,757,"H3","6507",8,466,466,26821,0
2008,381,1,826,"H3","6507",8,6063,6063,232603,0
2008,381,2,826,"H3","6507",8,7293,7293,622279,0
2008,381,1,757,"H3","650700",8,76,76,7487,0
2008,381,2,757,"H3","650700",8,466,466,26821,0
2008,381,1,826,"H3","650700",8,6063,6063,232603,0
2008,381,2,826,"H3","650700",8,7293,7293,622279,0
2008,381,1,757,"H3","66",1,,,34637,0
2008,381,2,757,"H3","66",1,,,1511202,0
2008,381,1,826,"H3","66",1,,,1471307,0
2008,381,2,826,"H3","66",1,,,2624690,0
2008,381,1,757,"H3","6601",5,4915,2173,31074,0
2008,381,2,757,"H3","6601",5,150021,134859,1456450,0
2008,381,1,826,"H3","6601",5,49193,230829,1020727,4
2008,381,2,826,"H3","6601",5,140373,129651,1934892,4
2008,381,1,757,"H3","660110",5,14,440,17470,0
2008,381,2,757,"H3","660110",5,25265,92755,769028,0
2008,381,1,757,"H3","660191",5,3800,1230,2790,0
2008,381,2,757,"H3","660191",5,20266,6376,70646,0
2008,381,1,826,"H3","660191",5,28848,128363,622628,4
2008,381,2,826,"H3","660191",5,21240,5301,138736,4
2008,381,1,757,"H3","660199",5,1101,503,10814,0
2008,381,2,757,"H3","660199",5,104490,35728,616776,0
2008,381,1,826,"H3","660199",5,18183,68319,295306,4
2008,381,2,826,"H3","660199",5,116275,104122,1634685,4
2008,381,1,757,"H3","6602",1,,14,3564,0
2008,381,2,757,"H3","6602",1,,1131,20677,0
2008,381,1,826,"H3","6602",1,,860,20345,0
2008,381,2,826,"H3","6602",1,,1745,66991,0
2008,381,1,757,"H3","660200",1,,14,3564,0
2008,381,2,757,"H3","660200",5,5956,1131,20677,2
2008,381,1,826,"H3","660200",1,,860,20345,0
2008,381,2,826,"H3","660200",5,19298,1745,66991,2
2008,381,2,757,"H3","6603",8,5558,5558,34076,0
2008,381,1,826,"H3","6603",8,48147,48147,167050,0
2008,381,2,826,"H3","6603",8,23033,23033,285679,0
2008,381,2,757,"H3","660320",8,2312,2312,9937,0
2008,381,1,826,"H3","660320",8,48135,48135,166913,0
2008,381,2,826,"H3","660320",8,15965,15965,79277,0
2008,381,2,757,"H3","660390",8,3246,3246,24139,0
2008,381,1,826,"H3","660390",8,12,12,137,0
2008,381,2,826,"H3","660390",8,7068,7068,206402,0
2008,381,1,757,"H3","67",1,,,51512,0
2008,381,2,757,"H3","67",1,,,1203867,0
2008,381,1,826,"H3","67",1,,,206145,0
2008,381,2,826,"H3","67",1,,,939894,0
2008,381,1,826,"H3","6701",8,411,411,12664,0
2008,381,2,826,"H3","6701",8,256,256,12453,0
2008,381,1,826,"H3","670100",8,411,411,12664,0
2008,381,2,826,"H3","660110",5,2858,20228,161470,4
2008,381,1,826,"H3","660110",5,2162,34147,102794,4
2008,381,2,826,"H3","670100",8,256,256,12453,0
2008,381,2,757,"H3","6702",8,44601,44601,555453,0
2008,381,1,826,"H3","6702",8,3428,3428,59879,0
2008,381,2,826,"H3","6702",8,10901,10901,174455,0
2008,381,2,757,"H3","670210",8,22395,22395,139824,0
2008,381,1,826,"H3","670210",8,1746,1746,27313,0
2008,381,2,826,"H3","670210",8,2455,2455,37191,0
2008,381,2,757,"H3","670290",8,22206,22206,415628,0
2008,381,1,826,"H3","670290",8,1682,1682,32565,0
2008,381,2,826,"H3","670290",8,8446,8446,137264,0
2008,381,2,757,"H3","6703",8,460,460,348652,0
2008,381,2,826,"H3","6703",8,157,157,265617,0
2008,381,2,757,"H3","670300",8,460,460,348652,0
2008,381,2,826,"H3","670300",8,157,157,265617,0
2008,381,1,757,"H3","6704",8,154,154,51512,6
2008,381,2,757,"H3","6704",8,3176,3176,299763,0
2008,381,1,826,"H3","6704",8,2812,2812,133602,0
2008,381,2,826,"H3","6704",8,11512,11512,487369,0
2008,381,2,757,"H3","670411",8,2108,2108,93096,0
2008,381,1,826,"H3","670411",8,934,934,19195,0
2008,381,2,826,"H3","670411",8,10420,10420,266124,0
2008,381,2,757,"H3","670419",8,47,47,6538,0
2008,381,1,826,"H3","670419",8,1844,1844,110889,0
2008,381,2,826,"H3","670419",8,1078,1078,214966,0
2008,381,1,757,"H3","670420",8,70,70,43661,0
2008,381,2,757,"H3","670420",8,971,971,190131,0
2008,381,1,826,"H3","670420",8,24,24,1261,0
2008,381,2,826,"H3","670420",8,14,14,6280,0
2008,381,1,757,"H3","670490",8,84,84,7851,6
2008,381,2,757,"H3","670490",8,50,50,9998,0
2008,381,1,826,"H3","670490",8,10,10,2257,0
2008,381,1,757,"H3","68",1,,,15929523,0
2008,381,2,757,"H3","68",1,,,183502505,0
2008,381,1,826,"H3","68",1,,,93586813,0
2008,381,2,826,"H3","68",1,,,206347280,0
2008,381,1,757,"H3","6801",8,123548,123548,63690,0
2008,381,2,757,"H3","6801",8,28872254,28872254,9516319,0
2008,381,1,826,"H3","6801",8,26640,26640,8801,0
2008,381,2,826,"H3","6801",8,1777535,1777535,822404,0
2008,381,1,757,"H3","680100",8,123548,123548,63690,0
2008,381,2,757,"H3","680100",8,28872254,28872254,9516319,0
2008,381,1,826,"H3","680100",8,26640,26640,8801,0
2008,381,2,826,"H3","680100",8,1777535,1777535,822404,0
2008,381,1,757,"H3","6802",8,1165792,1165792,1337668,0
2008,381,2,757,"H3","6802",8,90590918,90590918,120598946,0
2008,381,1,826,"H3","6802",8,2161938,2161938,952224,0
2008,381,2,826,"H3","6802",8,51672251,51672251,102414200,0
2008,381,2,757,"H3","680210",8,822229,822229,578044,0
2008,381,1,826,"H3","680210",8,24540,24540,5459,0
2008,381,2,826,"H3","680210",8,885296,885296,1501315,0
2008,381,1,757,"H3","680221",8,94040,94040,77203,0
2008,381,2,757,"H3","680221",8,4493972,4493972,6744566,0
2008,381,1,826,"H3","680221",8,7,7,9,0
2008,381,2,826,"H3","680221",8,3229392,3229392,8169112,0
2008,381,1,757,"H3","680223",8,103630,103630,128670,0
2008,381,2,757,"H3","680223",8,10595029,10595029,11233837,0
2008,381,2,826,"H3","680223",8,5678812,5678812,7899542,0
2008,381,1,757,"H3","680229",8,72800,72800,30621,0
2008,381,2,757,"H3","680229",8,7394550,7394550,5686788,0
2008,381,2,826,"H3","680229",8,1171153,1171153,2004878,0
2008,381,1,757,"H3","680291",8,27433,27433,66192,0
2008,381,2,757,"H3","680291",8,7122667,7122667,14252406,0
2008,381,1,826,"H3","680291",8,1952710,1952710,723136,0
2008,381,2,826,"H3","680291",8,12760084,12760084,32007834,0
2008,381,1,757,"H3","680292",8,100,100,1872,0
2008,381,2,757,"H3","680292",8,1652933,1652933,2937630,0
2008,381,1,826,"H3","680292",8,9725,9725,19879,0
2008,381,2,826,"H3","680292",8,771318,771318,1808907,0
2008,381,1,757,"H3","680293",8,764059,764059,928445,0
2008,381,2,757,"H3","680293",8,49928989,49928989,65909222,0
2008,381,1,826,"H3","680293",8,174907,174907,203710,0
2008,381,2,826,"H3","680293",8,25404259,25404259,44022948,0
2008,381,1,757,"H3","680299",8,103730,103730,104665,0
2008,381,2,757,"H3","680299",8,8580549,8580549,13256452,0
2008,381,1,826,"H3","680299",8,49,49,31,0
2008,381,2,826,"H3","680299",8,1771937,1771937,4999663,0
2008,381,1,757,"H3","6803",8,27200,27200,48893,0
2008,381,2,757,"H3","6803",8,4162475,4162475,2403712,0
2008,381,1,826,"H3","6803",8,1196299,1196299,5808066,0
2008,381,2,826,"H3","6803",8,2250196,2250196,2487151,0
2008,381,1,757,"H3","680300",8,27200,27200,48893,0
2008,381,2,757,"H3","680300",8,4162475,4162475,2403712,0
2008,381,1,826,"H3","680300",8,1196299,1196299,5808066,0
2008,381,2,826,"H3","680300",8,2250196,2250196,2487151,0
2008,381,1,757,"H3","6804",8,52652,52652,3264088,0
2008,381,2,757,"H3","6804",8,738663,738663,7064209,0
2008,381,1,826,"H3","6804",8,400815,400815,3963503,0
2008,381,2,826,"H3","6804",8,1053676,1053676,10222209,0
2008,381,1,757,"H3","680410",8,584,584,21083,0
2008,381,2,757,"H3","680410",8,5854,5854,103163,0
2008,381,1,826,"H3","680410",8,7342,7342,38014,0
2008,381,1,757,"H3","680421",8,17119,17119,989514,0
2008,381,2,757,"H3","680421",8,29599,29599,1792648,0
2008,381,1,826,"H3","680421",8,10153,10153,916409,0
2008,381,2,826,"H3","680421",8,28917,28917,3262138,0
2008,381,1,757,"H3","680422",8,34908,34908,2231103,0
2008,381,2,757,"H3","680422",8,681347,681347,4988562,0
2008,381,1,826,"H3","680422",8,382745,382745,2995311,0
2008,381,2,826,"H3","680422",8,1019451,1019451,6930967,0
2008,381,1,757,"H3","680423",8,6,6,9589,0
2008,381,2,757,"H3","680423",8,15647,15647,140230,0
2008,381,2,826,"H3","680423",8,2356,2356,16600,0
2008,381,1,757,"H3","680430",8,35,35,12798,0
2008,381,2,757,"H3","680430",8,6216,6216,39606,0
2008,381,1,826,"H3","680430",8,575,575,13768,0
2008,381,2,826,"H3","680430",8,2952,2952,12505,0
2008,381,1,757,"H3","6805",8,55286,55286,662937,0
2008,381,2,757,"H3","6805",8,546871,546871,8910200,0
2008,381,1,826,"H3","6805",8,1404134,1404134,27921285,0
2008,381,2,826,"H3","6805",8,2209455,2209455,12161648,0
2008,381,1,757,"H3","680510",8,16728,16728,108432,0
2008,381,2,757,"H3","680510",8,110022,110022,1732681,0
2008,381,1,826,"H3","680510",8,17360,17360,604024,0
2008,381,2,826,"H3","680510",8,268917,268917,3115842,0
2008,381,1,757,"H3","680520",8,31232,31232,178971,0
2008,381,2,757,"H3","680520",8,90344,90344,1419359,0
2008,381,1,826,"H3","680520",8,1003287,1003287,20867396,0
2008,381,2,826,"H3","680520",8,202301,202301,1874920,0
2008,381,1,757,"H3","680530",8,7326,7326,375534,0
2008,381,2,757,"H3","680530",8,346505,346505,5758161,0
2008,381,1,826,"H3","680530",8,383487,383487,6449864,0
2008,381,2,826,"H3","680530",8,1738237,1738237,7170886,0
2008,381,1,757,"H3","6806",8,3762426,3762426,5950308,0
2008,381,2,757,"H3","6806",8,2318613,2318613,4024926,0
2008,381,1,826,"H3","6806",8,5343814,5343814,9319836,0
2008,381,2,826,"H3","6806",8,613327,613327,3926761,0
2008,381,1,757,"H3","680610",8,3670033,3670033,4741678,0
2008,381,2,757,"H3","680610",8,167666,167666,414431,0
2008,381,1,826,"H3","680610",8,875738,875738,2592274,0
2008,381,2,826,"H3","680610",8,29796,29796,77448,0
2008,381,1,757,"H3","680620",8,2716,2716,7192,0
2008,381,2,757,"H3","680620",8,1638196,1638196,735077,0
2008,381,1,826,"H3","680620",8,766777,766777,1889420,0
2008,381,2,826,"H3","680620",8,2527,2527,549,0
2008,381,1,757,"H3","680690",8,89677,89677,1201438,0
2008,381,2,757,"H3","680690",8,512751,512751,2875418,0
2008,381,1,826,"H3","680690",8,3701299,3701299,4838142,0
2008,381,2,826,"H3","680690",8,581004,581004,3848764,0
2008,381,1,757,"H3","6807",8,410,410,2753,0
2008,381,2,757,"H3","6807",8,1574583,1574583,2177404,0
2008,381,1,826,"H3","6807",8,459222,459222,1683365,6
2008,381,2,826,"H3","6807",8,30941740,30941740,29170302,6
2008,381,1,757,"H3","680710",8,410,410,2753,0
2008,381,2,757,"H3","680710",8,1083152,1083152,1627854,0
2008,381,1,826,"H3","680710",8,406462,406462,1569187,6
2008,381,2,826,"H3","680710",8,29989042,29989042,28392940,6
2008,381,2,757,"H3","680790",8,491431,491431,549550,0
2008,381,1,826,"H3","680790",8,52760,52760,114178,0
2008,381,2,826,"H3","680790",8,952698,952698,777361,0
2008,381,2,757,"H3","6808",8,216619,216619,239266,0
2008,381,1,826,"H3","6808",8,307040,307040,225177,0
2008,381,2,826,"H3","6808",8,35655,35655,28956,0
2008,381,2,757,"H3","680800",8,216619,216619,239266,0
2008,381,1,826,"H3","680800",8,307040,307040,225177,0
2008,381,2,826,"H3","680800",8,35655,35655,28956,0
2008,381,1,757,"H3","6809",8,14803,14803,62608,6
2008,381,2,757,"H3","6809",8,1019185,1019185,1261469,0
2008,381,1,826,"H3","6809",8,151475,151475,62224,6
2008,381,2,826,"H3","6809",8,1660729,1660729,1168513,6
2008,381,2,757,"H3","680911",8,292678,292678,366975,0
2008,381,1,826,"H3","680911",8,60429,60429,12815,6
2008,381,2,826,"H3","680911",8,92946,92946,21816,6
2008,381,1,757,"H3","680919",8,11680,11680,8400,6
2008,381,2,757,"H3","680919",8,249958,249958,250411,0
2008,381,2,826,"H3","680919",8,1525432,1525432,614162,6
2008,381,1,757,"H3","680990",8,3123,3123,54208,0
2008,381,2,757,"H3","680990",8,476549,476549,644084,0
2008,381,1,826,"H3","680990",8,91046,91046,49408,0
2008,381,2,826,"H3","680990",8,42351,42351,532535,0
2008,381,1,757,"H3","6810",8,1820718,1820718,1310389,0
2008,381,2,757,"H3","6810",8,67432160,67432160,23217897,0
2008,381,1,826,"H3","6810",8,208021,208021,244726,0
2008,381,2,826,"H3","6810",8,21848283,21848283,20487437,6
2008,381,1,757,"H3","681011",8,280572,280572,73032,0
2008,381,2,757,"H3","681011",8,2967309,2967309,535811,0
2008,381,1,826,"H3","681011",8,34590,34590,69705,0
2008,381,2,826,"H3","681011",8,2107,2107,1568,0
2008,381,1,757,"H3","681019",8,132507,132507,90665,0
2008,381,2,757,"H3","681019",8,13003432,13003432,4187780,0
2008,381,2,826,"H3","681019",8,21050846,21050846,19458224,6
2008,381,1,757,"H3","681091",8,690337,690337,377226,0
2008,381,2,757,"H3","681091",8,43858146,43858146,15502089,0
2008,381,2,826,"H3","681091",8,25100,25100,8551,0
2008,381,1,757,"H3","681099",8,717302,717302,769466,0
2008,381,2,757,"H3","681099",8,7603273,7603273,2992218,0
2008,381,1,826,"H3","681099",8,173431,173431,175021,0
2008,381,2,826,"H3","681099",8,770230,770230,1019094,0
2008,381,1,757,"H3","6811",8,1166399,1166399,2800771,0
2008,381,2,757,"H3","6811",8,2040449,2040449,1309861,0
2008,381,1,826,"H3","6811",8,6726,6726,5581,0
2008,381,2,826,"H3","6811",8,12246940,12246940,5666192,0
2008,381,1,757,"H3","6812",8,923,923,125955,0
2008,381,1,826,"H3","6812",8,1977,1977,66501,0
2008,381,2,826,"H3","6812",8,42613,42613,3151289,0
2008,381,1,826,"H3","681280",8,1184,1184,41908,0
2008,381,2,826,"H3","681280",8,42264,42264,3071030,0
2008,381,1,757,"H3","681291",8,923,923,125955,0
2008,381,1,826,"H3","681291",8,52,52,1652,0
2008,381,2,826,"H3","681291",8,341,341,80029,0
2008,381,1,826,"H3","681299",8,741,741,22941,0
2008,381,2,826,"H3","681299",8,8,8,231,0
2008,381,1,757,"H3","6813",8,802,802,23904,0
2008,381,2,757,"H3","6813",8,3173,3173,192219,0
2008,381,1,826,"H3","6813",8,218261,218261,2059127,0
2008,381,2,826,"H3","6813",8,6954,6954,71220,0
2008,381,1,757,"H3","681320",8,131,131,1821,0
2008,381,2,757,"H3","681320",8,64,64,1913,0
2008,381,1,826,"H3","681320",8,10474,10474,80521,0
2008,381,2,826,"H3","681320",8,90,90,857,0
2008,381,1,757,"H3","681381",8,638,638,20336,0
2008,381,1,826,"H3","681381",8,199576,199576,1832504,0
2008,381,2,826,"H3","681381",8,2010,2010,19784,0
2008,381,1,757,"H3","681389",8,33,33,1747,0
2008,381,2,757,"H3","681389",8,3109,3109,190306,0
2008,381,1,826,"H3","681389",8,8211,8211,146102,0
2008,381,2,826,"H3","681389",8,4854,4854,50578,0
2008,381,1,757,"H3","6814",8,487,487,14705,0
2008,381,2,757,"H3","6814",8,4851,4851,102771,0
2008,381,1,826,"H3","6814",8,2431,2431,76419,0
2008,381,2,826,"H3","6814",8,582,582,14638,0
2008,381,1,757,"H3","681410",8,487,487,14705,0
2008,381,2,757,"H3","681410",8,1857,1857,14965,0
2008,381,1,826,"H3","681410",8,2411,2411,75754,0
2008,381,1,826,"H3","681189",8,5600,5600,5017,0
2008,381,2,757,"H3","681189",8,525807,525807,152533,0
2008,381,1,757,"H3","681189",8,3055,3055,11125,0
2008,381,1,826,"H3","681183",8,1126,1126,564,0
2008,381,2,757,"H3","681183",8,62319,62319,78269,0
2008,381,2,826,"H3","681182",8,17135,17135,79832,0
2008,381,2,757,"H3","681182",8,772208,772208,595270,0
2008,381,1,757,"H3","681182",8,1163344,1163344,2789645,0
2008,381,2,826,"H3","681181",8,12229805,12229805,5586360,0
2008,381,2,757,"H3","681181",8,549675,549675,360308,0
2008,381,2,757,"H3","681140",8,130440,130440,123482,0
2008,381,2,826,"H3","681410",8,489,489,11533,0
2008,381,2,757,"H3","681490",8,2994,2994,87806,0
2008,381,1,826,"H3","681490",8,20,20,665,0
2008,381,2,826,"H3","681490",8,93,93,3105,0
2008,381,1,757,"H3","6815",8,4248,4248,260854,0
2008,381,2,757,"H3","6815",8,492575,492575,2483305,0
2008,381,1,826,"H3","6815",8,514088,514088,35170157,0
2008,381,2,826,"H3","6815",8,95773,95773,4347403,0
2008,381,1,757,"H3","681510",8,3414,3414,228479,0
2008,381,2,757,"H3","681510",8,219867,219867,1772322,0
2008,381,1,826,"H3","681510",8,448311,448311,34146887,0
2008,381,2,826,"H3","681510",8,63967,63967,4255113,0
2008,381,2,757,"H3","681591",8,1970,1970,169353,0
2008,381,1,757,"H3","681599",8,834,834,32375,0
2008,381,2,757,"H3","681599",8,270738,270738,541629,0
2008,381,1,826,"H3","681599",8,65777,65777,1023270,0
2008,381,2,826,"H3","681599",8,31806,31806,92290,0
2008,381,1,757,"H3","69",1,,,5240662,0
2008,381,2,757,"H3","69",1,,,173113693,0
2008,381,1,826,"H3","69",1,,,31621429,0
2008,381,2,826,"H3","69",1,,,223731461,0
2008,381,2,757,"H3","6901",8,431821,431821,280063,0
2008,381,2,826,"H3","6901",8,145600,145600,138077,0
2008,381,2,757,"H3","690100",8,431821,431821,280063,0
2008,381,2,826,"H3","690100",8,145600,145600,138077,0
2008,381,1,757,"H3","6902",8,57775,57775,58930,0
2008,381,2,757,"H3","6902",8,1123139,1123139,971299,0
2008,381,1,826,"H3","6902",8,387888,387888,1817745,0
2008,381,2,826,"H3","6902",8,1116452,1116452,5761427,0
2008,381,1,757,"H3","690210",8,7,7,2017,0
2008,381,2,757,"H3","690210",8,372260,372260,53529,0
2008,381,2,757,"H3","690220",8,383708,383708,635423,0
2008,381,1,826,"H3","690220",8,216811,216811,981982,0
2008,381,2,826,"H3","690220",8,919027,919027,4515428,0
2008,381,1,757,"H3","690290",8,57768,57768,56913,0
2008,381,2,757,"H3","690290",8,367171,367171,282347,0
2008,381,1,826,"H3","690290",8,148462,148462,689222,0
2008,381,2,826,"H3","690290",8,197425,197425,1245999,0
2008,381,1,757,"H3","6903",8,179610,179610,1690838,0
2008,381,2,757,"H3","6903",8,82619,82619,826912,0
2008,381,1,757,"H3","690310",8,112,112,17499,0
2008,381,2,757,"H3","690310",8,474,474,22284,0
2008,381,1,826,"H3","690310",8,3852,3852,39405,0
2008,381,2,826,"H3","690310",8,836,836,32023,0
2008,381,1,757,"H3","690320",8,111674,111674,1332002,0
2008,381,2,757,"H3","690320",8,15705,15705,457896,0
2008,381,1,826,"H3","690320",8,684534,684534,4765940,0
2008,381,2,826,"H3","690320",8,60352,60352,171583,0
2008,381,1,757,"H3","690390",8,67824,67824,341337,0
2008,381,2,757,"H3","690390",8,66440,66440,346731,0
2008,381,1,826,"H3","690390",8,567666,567666,5697044,0
2008,381,2,826,"H3","690390",8,17098,17098,87675,0
2008,381,1,757,"H3","6904",1,,1774417,389748,0
2008,381,2,757,"H3","6904",1,,18533614,2271957,0
2008,381,1,826,"H3","6904",1,,1287468,184239,4
2008,381,2,757,"H3","690490",8,547005,547005,159579,0
2008,381,1,757,"H3","6905",8,30343,30343,19904,6
2008,381,2,757,"H3","6905",8,1235014,1235014,480330,0
2008,381,1,826,"H3","6905",8,5850,5850,4724,0
2008,381,2,826,"H3","6905",8,232451,232451,45674,6
2008,381,1,757,"H3","690510",8,30343,30343,19904,6
2008,381,2,757,"H3","690510",8,1202278,1202278,415991,0
2008,381,2,826,"H3","690510",8,231541,231541,44993,6
2008,381,1,757,"H3","6907",2,8339,97635,150151,0
2008,381,2,757,"H3","6907",2,1132621,23577661,26728623,0
2008,381,1,826,"H3","6907",2,646,34946,15759,4
2008,381,2,826,"H3","6907",2,2835592,77556979,73550784,4
2008,381,2,757,"H3","690710",2,85402,1693280,1833272,0
2008,381,2,826,"H3","690710",2,601,75904,77482,4
2008,381,1,757,"H3","690790",2,8339,97635,150151,0
2008,381,2,757,"H3","690790",2,1047219,21884381,24895352,0
2008,381,1,826,"H3","690790",2,646,34946,15759,4
2008,381,2,826,"H3","690790",2,2834991,77481075,73473302,4
2008,381,1,757,"H3","6908",2,11738,239192,365404,0
2008,381,2,757,"H3","6908",2,5410988,102311706,113461693,0
2008,381,1,826,"H3","6908",2,610,88549,72346,4
2008,381,2,826,"H3","6908",2,4625751,97518533,86354466,4
2008,381,1,757,"H3","690810",2,93,1135,4729,0
2008,381,2,757,"H3","690810",2,71691,1067972,1117074,0
2008,381,1,757,"H3","690890",2,11645,238057,360674,0
2008,381,2,757,"H3","690890",2,5339297,101243734,112344618,0
2008,381,1,826,"H3","690890",2,467,52421,22224,4
2008,381,2,826,"H3","690890",2,4614850,96934587,85851452,4
2008,381,1,757,"H3","6909",8,144547,144547,1405690,0
2008,381,2,757,"H3","6909",8,10586,10586,161080,0
2008,381,1,826,"H3","6909",8,56078,56078,2005348,0
2008,381,2,826,"H3","6909",8,52884,52884,513390,0
2008,381,1,757,"H3","690911",8,144124,144124,1123784,0
2008,381,1,757,"H3","690912",8,31,31,31382,0
2008,381,2,757,"H3","690912",8,89,89,34275,0
2008,381,1,826,"H3","690912",8,471,471,43139,0
2008,381,2,826,"H3","690912",8,529,529,2254,0
2008,381,1,757,"H3","690919",8,381,381,225929,0
2008,381,2,757,"H3","690919",8,5638,5638,13864,0
2008,381,1,826,"H3","690919",8,52711,52711,1908455,0
2008,381,2,826,"H3","690919",8,40725,40725,445045,0
2008,381,1,757,"H3","690990",8,11,11,24595,0
2008,381,2,757,"H3","690990",8,4859,4859,112940,0
2008,381,1,826,"H3","690990",8,570,570,9271,0
2008,381,2,826,"H3","690990",8,11630,11630,66091,0
2008,381,1,757,"H3","6910",1,,75530,603295,0
2008,381,2,757,"H3","6910",1,,1060990,14222887,0
2008,381,1,826,"H3","6910",1,,530648,3046175,0
2008,381,2,826,"H3","6910",1,,10204646,44532378,0
2008,381,1,757,"H3","691010",5,14993,71135,544610,2
2008,381,2,757,"H3","691010",1,,209051,1921131,0
2008,381,1,826,"H3","691010",5,79424,487714,2885038,2
2008,381,2,826,"H3","691010",1,,2069539,11289136,0
2008,381,1,757,"H3","691090",5,1884,4395,58685,2
2008,381,2,757,"H3","691090",5,870346,851939,12301756,2
2008,381,1,826,"H3","691090",5,5173,42934,161137,2
2008,381,2,826,"H3","691090",5,2351951,8135107,33243243,2
2008,381,1,757,"H3","6911",8,24072,24072,348101,0
2008,381,2,757,"H3","6911",8,671327,671327,4453005,0
2008,381,1,826,"H3","6911",8,314648,314648,6665437,0
2008,381,2,826,"H3","6911",8,419935,419935,3274929,0
2008,381,1,757,"H3","691110",8,23247,23247,322739,0
2008,381,2,757,"H3","691110",8,603384,603384,3995113,0
2008,381,1,826,"H3","691110",8,305408,305408,6366591,0
2008,381,2,826,"H3","691110",8,391794,391794,2980575,0
2008,381,1,826,"H3","690911",8,2326,2326,44484,0
2008,381,2,826,"H3","690810",2,10901,583946,503014,4
2008,381,1,826,"H3","690810",2,143,36128,50122,4
2008,381,2,826,"H3","6903",8,78286,78286,291281,0
2008,381,1,826,"H3","6903",8,1256052,1256052,10502389,0
2008,381,2,826,"H3","690590",8,910,910,681,0
2008,381,1,826,"H3","690590",8,5850,5850,4724,0
2008,381,2,757,"H3","690590",8,32736,32736,64340,0
2008,381,1,826,"H3","690410",9,484,1287468,184239,4
2008,381,2,757,"H3","690410",9,3261,17986609,2112377,0
2008,381,1,757,"H3","690410",9,840,1774417,389748,0
2008,381,1,826,"H3","690210",8,22615,22615,146541,0
2008,381,1,757,"H3","691190",8,825,825,25362,0
2008,381,2,757,"H3","691190",8,67943,67943,457892,0
2008,381,1,826,"H3","691190",8,9240,9240,298846,0
2008,381,2,826,"H3","691190",8,28141,28141,294354,0
2008,381,1,757,"H3","6912",8,1535,1535,18249,0
2008,381,2,757,"H3","6912",8,1313248,1313248,3355322,0
2008,381,1,826,"H3","6912",8,676802,676802,4677835,0
2008,381,2,826,"H3","6912",8,532865,532865,1106875,0
2008,381,1,757,"H3","691200",8,1535,1535,18249,0
2008,381,2,757,"H3","691200",8,1313248,1313248,3355322,0
2008,381,1,826,"H3","691200",8,676802,676802,4677835,0
2008,381,2,826,"H3","691200",8,532865,532865,1106875,0
2008,381,1,757,"H3","6913",8,1895,1895,94823,0
2008,381,2,757,"H3","6913",8,168675,168675,1571594,0
2008,381,1,826,"H3","6913",8,29381,29381,515646,0
2008,381,2,826,"H3","6913",8,223336,223336,934237,0
2008,381,1,757,"H3","691310",8,548,548,52735,0
2008,381,2,757,"H3","691310",8,23250,23250,217560,0
2008,381,1,826,"H3","691310",8,12230,12230,402954,0
2008,381,2,826,"H3","691310",8,6204,6204,185091,0
2008,381,1,757,"H3","691390",8,1347,1347,42087,0
2008,381,2,757,"H3","691390",8,145425,145425,1354034,0
2008,381,1,826,"H3","691390",8,17151,17151,112692,0
2008,381,2,826,"H3","691390",8,217132,217132,749147,0
2008,381,1,757,"H3","6914",8,5583,5583,95528,0
2008,381,2,757,"H3","6914",8,2214927,2214927,4328928,0
2008,381,1,826,"H3","6914",8,24955,24955,377695,0
2008,381,2,826,"H3","6914",8,11072425,11072425,5466806,0
2008,381,2,757,"H3","691410",8,10094,10094,80381,0
2008,381,1,826,"H3","691410",8,8935,8935,84135,0
2008,381,2,826,"H3","691410",8,2617,2617,33923,0
2008,381,1,757,"H3","691490",8,5583,5583,95528,0
2008,381,2,757,"H3","691490",8,2204833,2204833,4248547,0
2008,381,1,826,"H3","691490",8,16020,16020,293560,0
2008,381,2,826,"H3","691490",8,11069808,11069808,5432883,0
2008,381,1,757,"H3","70",1,,,21186092,0
2008,381,2,757,"H3","70",1,,,107367811,0
2008,381,1,826,"H3","70",1,,,65895035,0
2008,381,2,826,"H3","70",1,,,224481190,0
2008,381,1,757,"H3","7001",8,10325278,10325278,441870,0
2008,381,2,757,"H3","7001",8,52259,52259,241075,0
2008,381,1,826,"H3","7001",8,7196000,7196000,715525,0
2008,381,2,826,"H3","7001",8,248,248,1455,0
2008,381,1,757,"H3","700100",8,10325278,10325278,441870,0
2008,381,2,757,"H3","700100",8,52259,52259,241075,0
2008,381,1,826,"H3","700100",8,7196000,7196000,715525,0
2008,381,2,826,"H3","700100",8,248,248,1455,0
2008,381,1,757,"H3","7002",8,10835,10835,813283,0
2008,381,2,757,"H3","7002",8,39203,39203,823930,0
2008,381,1,826,"H3","7002",8,7993,7993,89346,0
2008,381,2,826,"H3","7002",8,136485,136485,1137397,0
2008,381,2,757,"H3","700220",8,3424,3424,54128,0
2008,381,2,826,"H3","700220",8,21967,21967,195941,0
2008,381,1,757,"H3","700231",8,7170,7170,614760,0
2008,381,2,757,"H3","700231",8,900,900,8897,0
2008,381,1,826,"H3","700231",8,644,644,38503,0
2008,381,2,826,"H3","700231",8,166,166,3230,0
2008,381,1,757,"H3","700232",8,48,48,1758,0
2008,381,1,826,"H3","700232",8,5546,5546,48054,0
2008,381,2,826,"H3","700232",8,6342,6342,109239,0
2008,381,1,757,"H3","700239",8,3617,3617,196765,0
2008,381,2,757,"H3","700239",8,34879,34879,760904,0
2008,381,1,826,"H3","700239",8,1803,1803,2788,0
2008,381,2,826,"H3","700239",8,108010,108010,828988,0
2008,381,1,757,"H3","7003",1,,300,2649,0
2008,381,2,757,"H3","7003",1,,149464,257786,0
2008,381,1,826,"H3","7003",1,,,41036,0
2008,381,2,826,"H3","7003",1,,20728,28097,4
2008,381,2,757,"H3","700312",2,351,2464,47599,0
2008,381,1,826,"H3","700312",2,316,31865,40057,4
2008,381,2,826,"H3","700312",2,534,1427,15363,4
2008,381,2,757,"H3","700319",2,14195,133490,167217,0
2008,381,1,826,"H3","700319",2,3,,643,0
2008,381,2,826,"H3","700319",2,1,18791,12425,4
2008,381,2,757,"H3","700320",2,2218,13310,41208,0
2008,381,2,826,"H3","700320",2,41,510,308,4
2008,381,1,757,"H3","700330",1,,300,2649,0
2008,381,2,757,"H3","700330",1,,200,1762,0
2008,381,1,826,"H3","700330",1,,553,336,0
2008,381,1,757,"H3","7004",2,9474,24078,98298,0
2008,381,2,757,"H3","7004",2,3832,19923,113980,0
2008,381,1,826,"H3","7004",2,459,,265408,0
2008,381,2,826,"H3","7004",2,9,2674,4049,4
2008,381,2,757,"H3","700420",2,731,6468,75003,0
2008,381,1,826,"H3","700420",2,459,,265408,0
2008,381,2,826,"H3","700420",2,1,2280,3632,4
2008,381,1,757,"H3","700490",2,9474,24078,98298,0
2008,381,2,757,"H3","700490",2,3101,13455,38976,0
2008,381,2,826,"H3","700490",2,8,394,417,4
2008,381,1,757,"H3","7005",2,9809,116164,310784,0
2008,381,2,757,"H3","7005",2,898576,8171620,8405392,0
2008,381,1,826,"H3","7005",2,1431592,21650740,11637745,4
2008,381,2,826,"H3","7005",2,47456,1073850,999705,4
2008,381,1,757,"H3","700510",2,8564,89800,266966,0
2008,381,2,757,"H3","700510",2,11341,138451,495911,0
2008,381,1,826,"H3","700510",2,565376,8114860,5196326,4
2008,381,2,826,"H3","700510",2,27181,381821,420175,4
2008,381,1,757,"H3","700521",2,1078,23000,27651,0
2008,381,2,757,"H3","700521",2,131255,2275730,4172999,0
2008,381,1,826,"H3","700521",2,660557,11516398,5329266,4
2008,381,2,826,"H3","700521",2,9032,121055,230049,4
2008,381,1,757,"H3","700529",2,167,3364,16167,0
2008,381,2,757,"H3","700529",2,755967,5757095,3734309,0
2008,381,1,826,"H3","700529",2,201972,1827854,926540,4
2008,381,2,826,"H3","700529",2,11243,570974,349481,4
2008,381,2,757,"H3","700530",2,13,344,2173,0
2008,381,1,826,"H3","700530",2,3687,191628,185612,4
2008,381,1,757,"H3","7006",8,16760,16760,114627,0
2008,381,2,757,"H3","7006",8,1057147,1057147,4162377,0
2008,381,1,826,"H3","7006",8,1424,1424,4221,0
2008,381,2,826,"H3","7006",8,218803,218803,1792089,0
2008,381,1,757,"H3","700600",8,16760,16760,114627,0
2008,381,2,757,"H3","700600",8,1057147,1057147,4162377,0
2008,381,1,826,"H3","700600",8,1424,1424,4221,0
2008,381,2,826,"H3","700600",8,218803,218803,1792089,0
2008,381,1,757,"H3","7007",1,,330637,3656315,0
2008,381,2,757,"H3","7007",1,,1897125,7055862,0
2008,381,1,826,"H3","7007",1,,,8256688,0
2008,381,2,826,"H3","7007",1,,21048602,94886128,4
2008,381,1,757,"H3","700711",8,2242,2242,128554,0
2008,381,2,757,"H3","700711",8,594354,594354,1915593,0
2008,381,1,826,"H3","700711",8,211301,211301,1463027,0
2008,381,2,826,"H3","700711",8,9652298,9652298,34733655,0
2008,381,1,757,"H3","700719",2,10371,32074,351806,0
2008,381,2,757,"H3","700719",2,25737,427694,1827190,0
2008,381,1,826,"H3","700719",2,15743,215448,240701,4
2008,381,2,826,"H3","700719",2,40687,331317,1442486,4
2008,381,1,757,"H3","700721",8,25074,25074,580081,0
2008,381,2,757,"H3","700721",8,352259,352259,2071993,0
2008,381,1,826,"H3","700721",8,1162150,1162150,6386347,0
2008,381,2,826,"H3","700721",8,11039046,11039046,58652707,0
2008,381,1,757,"H3","700729",2,15203,271247,2595874,0
2008,381,2,757,"H3","700729",2,26456,522818,1241086,0
2008,381,1,826,"H3","700729",2,10425,,166612,0
2008,381,2,826,"H3","700729",2,1090,25941,57281,4
2008,381,1,757,"H3","7008",8,22095,22095,184647,6
2008,381,2,757,"H3","7008",8,1059773,1059773,4463017,0
2008,381,2,826,"H3","7008",8,346248,346248,1651630,6
2008,381,1,757,"H3","700800",8,22095,22095,184647,6
2008,381,2,757,"H3","700800",8,1059773,1059773,4463017,0
2008,381,2,826,"H3","700800",8,346248,346248,1651630,6
2008,381,1,757,"H3","7009",8,31947,31947,124826,0
2008,381,2,757,"H3","7009",8,1532690,1532690,4341094,6
2008,381,1,826,"H3","7009",8,900389,900389,2075700,6
2008,381,2,826,"H3","7009",8,689780,689780,6548378,6
2008,381,1,757,"H3","700910",8,110,110,9118,0
2008,381,2,757,"H3","700910",8,10095,10095,110283,6
2008,381,1,826,"H3","700910",8,80018,80018,999668,6
2008,381,2,826,"H3","700910",8,226322,226322,2901173,6
2008,381,1,757,"H3","700991",8,28441,28441,81612,0
2008,381,2,757,"H3","700991",8,1397088,1397088,2844459,0
2008,381,1,826,"H3","700991",8,807333,807333,921544,0
2008,381,2,826,"H3","700991",8,276512,276512,1144114,0
2008,381,1,757,"H3","700992",8,3396,3396,34095,0
2008,381,2,757,"H3","700992",8,125507,125507,1386352,0
2008,381,1,826,"H3","700992",8,13038,13038,154489,0
2008,381,2,826,"H3","700992",8,186946,186946,2503090,0
2008,381,1,757,"H3","7010",8,12426103,12426103,8509320,6
2008,381,2,757,"H3","7010",8,25093539,25093539,38834874,0
2008,381,1,826,"H3","7010",8,1465196,1465196,1660446,6
2008,381,2,826,"H3","7010",8,29676424,29676424,52153932,6
2008,381,1,757,"H3","701010",8,5834,5834,84898,0
2008,381,2,757,"H3","701010",8,55290,55290,662122,0
2008,381,1,826,"H3","701010",8,718,718,6483,6
2008,381,2,826,"H3","701010",8,364,364,2669,6
2008,381,2,757,"H3","701020",8,14778,14778,76568,0
2008,381,1,826,"H3","701020",8,3089,3089,76197,0
2008,381,2,826,"H3","701020",8,1254,1254,10912,0
2008,381,1,757,"H3","701090",8,12420269,12420269,8424422,6
2008,381,2,757,"H3","701090",8,25023471,25023471,38096183,0
2008,381,1,826,"H3","701090",8,1461389,1461389,1577766,6
2008,381,2,826,"H3","701090",8,29674806,29674806,52140351,6
2008,381,1,757,"H3","7011",8,3082,3082,71901,0
2008,381,2,757,"H3","7011",8,211,211,4347,0
2008,381,1,826,"H3","7011",8,861,861,8321,0
2008,381,2,826,"H3","7011",8,14004,14004,237799,0
2008,381,2,757,"H3","701110",8,7,7,2063,0
2008,381,1,826,"H3","701110",8,141,141,322,0
2008,381,2,826,"H3","701110",8,13472,13472,218325,0
2008,381,1,757,"H3","701190",8,3082,3082,71901,0
2008,381,2,757,"H3","701190",8,204,204,2285,0
2008,381,1,826,"H3","701190",8,720,720,7999,0
2008,381,2,826,"H3","701190",8,532,532,19474,0
2008,381,1,757,"H3","7013",1,,447990,2112055,4
2008,381,2,757,"H3","7013",1,,2274993,13169302,0
2008,381,1,826,"H3","7013",1,,,4002519,0
2008,381,2,826,"H3","7013",1,,3607685,17303872,4
2008,381,1,757,"H3","701310",8,15,15,3277,0
2008,381,2,757,"H3","701310",8,4214,4214,193015,0
2008,381,1,826,"H3","701310",8,24468,24468,64313,6
2008,381,2,826,"H3","701310",8,33747,33747,135555,6
2008,381,1,757,"H3","701322",8,15,15,3108,6
2008,381,2,757,"H3","701322",8,30058,30058,155759,0
2008,381,1,826,"H3","701322",8,27935,27935,262654,6
2008,381,2,826,"H3","701322",8,155007,155007,949654,6
2008,381,1,757,"H3","701328",8,240208,240208,1080500,6
2008,381,2,757,"H3","701328",8,554925,554925,4554440,0
2008,381,1,826,"H3","701328",8,5400,5400,20323,6
2008,381,2,826,"H3","701328",8,590249,590249,3427444,6
2008,381,1,757,"H3","701333",8,25,25,3508,6
2008,381,2,757,"H3","701333",8,17684,17684,93017,0
2008,381,1,826,"H3","701333",8,42298,42298,234318,6
2008,381,2,826,"H3","701333",8,128832,128832,1010724,6
2008,381,1,757,"H3","701337",8,46250,46250,334242,0
2008,381,2,757,"H3","701337",8,926686,926686,3532911,0
2008,381,1,826,"H3","701337",8,532552,532552,947152,6
2008,381,2,826,"H3","701337",8,1684243,1684243,5622769,6
2008,381,1,757,"H3","701341",8,503,503,19201,6
2008,381,2,757,"H3","701341",8,20102,20102,51082,0
2008,381,1,826,"H3","701341",8,159343,159343,392676,6
2008,381,2,826,"H3","701341",8,43749,43749,659614,6
2008,381,2,757,"H3","701342",8,712,712,47489,0
2008,381,1,826,"H3","701342",8,556716,556716,1544757,6
2008,381,2,826,"H3","701342",8,2548,2548,39376,6
2008,381,1,757,"H3","701349",8,123515,123515,450125,0
2008,381,2,757,"H3","701349",8,329518,329518,1363724,0
2008,381,1,826,"H3","701349",8,29719,29719,62965,6
2008,381,2,826,"H3","701349",8,695949,695949,2470354,6
2008,381,1,757,"H3","701391",1,,453,26206,0
2008,381,2,757,"H3","701391",8,12053,12053,222578,0
2008,381,1,826,"H3","701391",1,,,398985,0
2008,381,2,826,"H3","701391",8,89593,89593,1469539,6
2008,381,1,757,"H3","701399",8,37006,37006,191888,0
2008,381,2,757,"H3","701399",8,379041,379041,2955288,0
2008,381,1,826,"H3","701399",8,27067,27067,74375,6
2008,381,2,826,"H3","701399",8,183769,183769,1518846,6
2008,381,2,757,"H3","7014",8,12959,12959,99838,0
2008,381,1,826,"H3","7014",8,1392,1392,28492,0
2008,381,2,826,"H3","7014",8,88430,88430,676710,0
2008,381,2,757,"H3","701400",8,12959,12959,99838,0
2008,381,1,826,"H3","701400",8,1392,1392,28492,0
2008,381,2,826,"H3","701400",8,88430,88430,676710,0
2008,381,1,757,"H3","7015",8,79,79,702621,0
2008,381,2,757,"H3","7015",8,23,23,100369,0
2008,381,1,826,"H3","7015",8,3,3,120,0
2008,381,2,826,"H3","7015",8,386,386,9997,0
2008,381,1,757,"H3","701590",8,79,79,702621,0
2008,381,2,757,"H3","701590",8,23,23,100369,0
2008,381,1,826,"H3","701590",8,3,3,120,0
2008,381,2,826,"H3","701590",8,386,386,9997,0
2008,381,1,757,"H3","7016",8,133996,133996,116327,0
2008,381,2,757,"H3","7016",8,803640,803640,6711571,0
2008,381,1,826,"H3","7016",8,105926,105926,719769,0
2008,381,2,826,"H3","7016",8,2865760,2865760,29864649,6
2008,381,1,757,"H3","701610",8,4149,4149,38804,0
2008,381,2,757,"H3","701610",8,528896,528896,5554380,0
2008,381,1,826,"H3","701610",8,84869,84869,691671,0
2008,381,2,826,"H3","701610",8,523728,523728,5088564,0
2008,381,1,757,"H3","701690",8,129847,129847,77523,0
2008,381,2,757,"H3","701690",8,274744,274744,1157192,0
2008,381,1,826,"H3","701690",8,21057,21057,28097,0
2008,381,2,826,"H3","701690",8,2342032,2342032,24776085,6
2008,381,1,757,"H3","7017",8,457,457,121161,0
2008,381,2,757,"H3","7017",8,19463,19463,151767,0
2008,381,1,826,"H3","7017",8,37345,37345,900747,0
2008,381,2,826,"H3","7017",8,3137,3137,124076,0
2008,381,1,757,"H3","701710",8,1,1,1932,0
2008,381,2,757,"H3","701710",8,16490,16490,29073,0
2008,381,1,826,"H3","701710",8,15316,15316,322312,0
2008,381,1,757,"H3","701720",8,98,98,29877,0
2008,381,2,757,"H3","701720",8,100,100,12186,0
2008,381,1,826,"H3","701720",8,17465,17465,500050,0
2008,381,2,826,"H3","701720",8,3,3,153,0
2008,381,1,757,"H3","701790",8,358,358,89352,0
2008,381,2,757,"H3","701790",8,2873,2873,110507,0
2008,381,1,826,"H3","701790",8,4564,4564,78385,0
2008,381,2,826,"H3","701790",8,3134,3134,123924,0
2008,381,1,757,"H3","7018",8,103,103,51553,0
2008,381,2,757,"H3","7018",8,20322,20322,400811,0
2008,381,1,826,"H3","7018",8,156848,156848,421087,0
2008,381,2,826,"H3","7018",8,3313,3313,149582,0
2008,381,1,757,"H3","701810",8,32,32,24203,0
2008,381,2,757,"H3","701810",8,761,761,15818,0
2008,381,1,826,"H3","701810",8,1562,1562,125628,0
2008,381,2,826,"H3","701810",8,2584,2584,124537,0
2008,381,2,757,"H3","701820",8,4730,4730,6617,0
2008,381,1,826,"H3","701820",8,155165,155165,288305,0
2008,381,2,826,"H3","701820",8,382,382,576,0
2008,381,1,757,"H3","701890",8,71,71,27350,0
2008,381,2,757,"H3","701890",8,14831,14831,378375,0
2008,381,1,826,"H3","701890",8,121,121,7155,0
2008,381,2,826,"H3","701890",8,347,347,24469,0
2008,381,1,757,"H3","7019",8,1253712,1253712,3407444,0
2008,381,2,757,"H3","7019",8,5697624,5697624,14102610,0
2008,381,1,826,"H3","7019",8,6267797,6267797,31200317,0
2008,381,2,826,"H3","7019",8,2621082,2621082,8490012,0
2008,381,1,757,"H3","701911",8,5260,5260,6913,0
2008,381,2,757,"H3","701912",8,106426,106426,206773,0
2008,381,1,826,"H3","701912",8,3755759,3755759,6883751,0
2008,381,2,826,"H3","701912",8,26752,26752,48188,0
2008,381,1,757,"H3","701919",8,290,290,11180,0
2008,381,2,757,"H3","701919",8,29084,29084,383009,0
2008,381,1,826,"H3","701919",8,350806,350806,8010071,0
2008,381,2,826,"H3","701919",8,7413,7413,150001,0
2008,381,2,757,"H3","701931",8,104048,104048,500741,0
2008,381,1,826,"H3","701931",8,1022155,1022155,3156390,0
2008,381,2,826,"H3","701931",8,646475,646475,2401637,0
2008,381,1,757,"H3","701939",8,1196695,1196695,2864940,0
2008,381,2,757,"H3","701939",8,12506,12506,188231,0
2008,381,1,826,"H3","701939",8,399602,399602,3906160,0
2008,381,2,826,"H3","701939",8,15927,15927,106705,0
2008,381,1,757,"H3","701940",8,29576,29576,225191,0
2008,381,2,757,"H3","701940",8,1022,1022,8248,0
2008,381,1,826,"H3","701940",8,4598,4598,119456,0
2008,381,2,826,"H3","701940",8,29203,29203,122889,0
2008,381,1,757,"H3","701951",8,232,232,36721,0
2008,381,2,757,"H3","701951",8,5498,5498,36993,0
2008,381,1,826,"H3","701951",8,53828,53828,494730,0
2008,381,2,826,"H3","701951",8,26810,26810,217514,0
2008,381,2,757,"H3","701952",8,7455,7455,114941,0
2008,381,1,826,"H3","701952",8,130136,130136,2428343,0
2008,381,2,826,"H3","701952",8,19377,19377,216265,0
2008,381,1,757,"H3","701959",8,4218,4218,152125,0
2008,381,2,757,"H3","701959",8,598200,598200,3188219,0
2008,381,1,826,"H3","701959",8,184278,184278,2865611,0
2008,381,2,826,"H3","701959",8,35614,35614,816744,0
2008,381,1,757,"H3","701990",8,17441,17441,110375,0
2008,381,1,757,"H3","7020",8,10514,10514,346410,0
2008,381,2,757,"H3","7020",8,703767,703767,3927811,0
2008,381,1,826,"H3","7020",8,375946,375946,1533613,0
2008,381,2,826,"H3","7020",8,1620643,1620643,5580452,0
2008,381,1,757,"H3","702000",8,10514,10514,346410,0
2008,381,2,757,"H3","702000",8,703767,703767,3927811,0
2008,381,1,826,"H3","702000",8,375946,375946,1533613,0
2008,381,2,826,"H3","702000",8,1620643,1620643,5580452,0
2008,381,1,757,"H3","71",1,,,2487501358,0
2008,381,2,757,"H3","71",1,,,1432590413,0
2008,381,1,757,"H3","7101",8,31,31,132962,0
2008,381,2,757,"H3","7101",8,474,474,8783625,0
2008,381,1,826,"H3","7101",8,11,11,518032,0
2008,381,2,826,"H3","7101",8,60,60,168535,0
2008,381,1,826,"H3","710110",8,2,2,31380,0
2008,381,2,826,"H3","710110",8,1,1,66527,0
2008,381,1,826,"H3","710121",8,7,7,310191,0
2008,381,2,826,"H3","710121",8,0,0,200,0
2008,381,1,757,"H3","710122",8,31,31,132962,0
2008,381,2,757,"H3","710122",8,474,474,8783625,0
2008,381,1,826,"H3","710122",8,1,1,176460,0
2008,381,2,826,"H3","710122",8,58,58,101808,0
2008,381,1,757,"H3","7102",13,6380,,21329830,0
2008,381,2,757,"H3","7102",13,4052,,20751104,0
2008,381,1,826,"H3","7102",13,1986,,812251,0
2008,381,2,826,"H3","7102",13,880,,1059308,0
2008,381,2,757,"H3","710229",13,1,,3204,0
2008,381,1,826,"H3","710229",13,19,,10500,0
2008,381,1,757,"H3","710239",13,6380,,21329830,0
2008,381,2,757,"H3","710239",13,4051,11,20747901,4
2008,381,1,826,"H3","710239",13,473,,604303,0
2008,381,2,826,"H3","710239",13,844,1,1051220,4
2008,381,1,757,"H3","7103",1,,285,7603395,0
2008,381,2,757,"H3","7103",1,,916,36769812,0
2008,381,1,826,"H3","7103",1,,1,81680,0
2008,381,2,826,"H3","7103",1,,46177,830234,0
2008,381,1,757,"H3","710310",8,270,270,147219,0
2008,381,2,757,"H3","710310",8,380,380,92589,0
2008,381,2,826,"H3","710310",8,46117,46117,528523,0
2008,381,1,757,"H3","710399",13,74020,14,1600467,0
2008,381,2,757,"H3","710399",13,2673510,532,9402539,0
2008,381,1,757,"H3","7104",8,212,212,764668,0
2008,381,2,757,"H3","7104",8,4021,4021,1078550,0
2008,381,1,826,"H3","7104",8,5,5,38841,0
2008,381,1,757,"H3","710410",8,1,1,20615,0
2008,381,2,757,"H3","710410",8,1,1,5175,0
2008,381,1,826,"H3","710410",8,0,0,1693,0
2008,381,2,757,"H3","710420",8,3880,3880,984331,0
2008,381,1,757,"H3","710490",8,211,211,744053,0
2008,381,2,757,"H3","710490",8,140,140,89044,0
2008,381,1,826,"H3","710490",8,5,5,37148,0
2008,381,1,757,"H3","7105",1,,6622,21792223,0
2008,381,1,826,"H3","7105",1,,2487,2248128,0
2008,381,2,826,"H3","7105",1,,0,24490,0
2008,381,1,757,"H3","710510",13,31838401,6360,21312998,0
2008,381,1,826,"H3","710510",13,11584060,2317,2069463,0
2008,381,2,826,"H3","710510",13,110,0,24490,0
2008,381,1,757,"H3","7106",8,157456,157456,76025993,0
2008,381,2,757,"H3","7106",8,77143,77143,25760065,0
2008,381,1,826,"H3","7106",8,8560,8560,1701414,0
2008,381,2,826,"H3","7106",8,23738,23738,9360228,0
2008,381,1,757,"H3","710610",8,58,58,54706,0
2008,381,1,826,"H3","710610",8,4,4,7187,0
2008,381,1,757,"H3","710691",8,156576,156576,75472609,0
2008,381,2,757,"H3","710691",8,64180,64180,23705415,0
2008,381,1,826,"H3","710691",8,606,606,276127,0
2008,381,2,826,"H3","710691",8,8365,8365,4036152,0
2008,381,1,757,"H3","710692",8,822,822,498678,0
2008,381,2,757,"H3","710692",8,12963,12963,2054651,0
2008,381,1,826,"H3","7107",8,164,164,5901,0
2008,381,2,826,"H3","7107",8,3,3,151,0
2008,381,1,757,"H3","7108",8,67468,67468,1864778804,0
2008,381,2,757,"H3","7108",8,22030,22030,570611259,0
2008,381,1,757,"H3","710811",8,1,1,29080,0
2008,381,2,757,"H3","710811",8,41,41,947105,0
2008,381,1,826,"H3","710811",8,2,2,57538,0
2008,381,2,826,"H3","710811",8,0,0,9110,0
2008,381,1,757,"H3","710812",8,64098,64098,1791026770,0
2008,381,2,757,"H3","710812",8,21811,21811,567820177,0
2008,381,1,826,"H3","710812",8,382,382,4822390,0
2008,381,2,826,"H3","710812",8,1688,1688,46999534,0
2008,381,1,757,"H3","710813",8,3369,3369,73722955,0
2008,381,2,757,"H3","710813",8,178,178,1843976,0
2008,381,1,826,"H3","710813",8,1157,1157,16901588,0
2008,381,2,826,"H3","710813",8,118,118,3953815,0
2008,381,1,826,"H3","7109",8,2,2,1050,0
2008,381,2,826,"H3","7109",8,141,141,45686,0
2008,381,1,826,"H3","710900",8,2,2,1050,0
2008,381,2,826,"H3","710900",8,141,141,45686,0
2008,381,1,757,"H3","7110",8,3396,3396,121716904,0
2008,381,2,757,"H3","7110",8,3465,3465,128587058,0
2008,381,1,826,"H3","7110",8,3205,3205,109839477,0
2008,381,2,826,"H3","7110",8,4163,4163,242497139,0
2008,381,1,757,"H3","711011",8,79,79,3965058,0
2008,381,2,757,"H3","711011",8,2139,2139,108688967,0
2008,381,1,826,"H3","711011",8,919,919,58121817,0
2008,381,2,826,"H3","711011",8,3118,3118,200113861,0
2008,381,1,757,"H3","711019",8,2125,2125,100502521,0
2008,381,2,757,"H3","711019",8,428,428,7965460,0
2008,381,1,826,"H3","711019",8,126,126,6164731,0
2008,381,2,826,"H3","711019",8,109,109,7144624,0
2008,381,1,757,"H3","711021",8,719,719,8966271,0
2008,381,2,757,"H3","711021",8,537,537,5525560,0
2008,381,1,826,"H3","711021",8,1696,1696,12122170,0
2008,381,2,826,"H3","711021",8,709,709,8934565,0
2008,381,2,826,"H3","701990",8,374157,374157,1041440,0
2008,381,1,826,"H3","701990",8,164430,164430,1366121,0
2008,381,2,757,"H3","701990",8,117676,117676,870704,0
2008,381,2,757,"H3","701932",8,22528,22528,153470,0
2008,381,2,826,"H3","7108",8,1807,1807,50962460,0
2008,381,1,826,"H3","7108",8,1541,1541,21781516,0
2008,381,2,826,"H3","710692",8,15373,15373,5324076,0
2008,381,1,826,"H3","710692",8,7951,7951,1418100,0
2008,381,1,826,"H3","710590",8,171,171,178666,0
2008,381,1,757,"H3","710590",8,262,262,479225,0
2008,381,2,826,"H3","710399",13,298595,60,260295,0
2008,381,1,826,"H3","710399",13,4330,1,28864,0
2008,381,2,826,"H3","710391",13,215,0,41417,0
2008,381,1,826,"H3","710391",13,30,0,52816,0
2008,381,2,757,"H3","710391",13,31445,4,27274684,0
2008,381,1,757,"H3","710391",13,5530,1,5855708,0
2008,381,1,826,"H3","710221",13,1482,,42363,0
2008,381,2,826,"H3","71",1,,,590112608,0
2008,381,1,826,"H3","71",1,,,200139564,0
2008,381,2,826,"H3","701932",8,391462,391462,1740145,0
2008,381,1,826,"H3","701932",8,188904,188904,1912709,0
2008,381,2,826,"H3","701911",8,1047892,1047892,1628484,0
2008,381,1,826,"H3","701911",8,13301,13301,56976,0
2008,381,2,757,"H3","701911",8,4693181,4693181,8451280,0
2008,381,2,826,"H3","710700",8,3,3,151,0
2008,381,1,826,"H3","710700",8,164,164,5901,0
2008,381,2,826,"H3","710210",13,36,,8088,0
2008,381,1,826,"H3","710210",13,12,,155085,0
2008,381,1,757,"H3","711029",8,467,467,8133339,0
2008,381,2,757,"H3","711029",8,308,308,3653132,0
2008,381,1,826,"H3","711029",8,1,1,19129,0
2008,381,2,826,"H3","711029",8,34,34,471829,0
2008,381,1,757,"H3","711031",8,2,2,89625,0
2008,381,2,757,"H3","711031",8,10,10,2259235,0
2008,381,1,826,"H3","711031",8,101,101,18148485,0
2008,381,2,826,"H3","711031",8,86,86,18854369,0
2008,381,2,757,"H3","711039",8,3,3,50873,0
2008,381,1,826,"H3","711039",8,122,122,13437306,0
2008,381,2,826,"H3","711039",8,62,62,6444653,0
2008,381,1,757,"H3","711041",8,4,4,60090,0
2008,381,2,757,"H3","711041",8,40,40,443831,0
2008,381,1,826,"H3","711041",8,211,211,1643248,0
2008,381,2,826,"H3","711041",8,27,27,276522,0
2008,381,1,757,"H3","7112",8,469257,469257,92978749,0
2008,381,2,757,"H3","7112",8,41751,41751,2210327,0
2008,381,1,826,"H3","7112",8,244568,244568,49709773,0
2008,381,2,826,"H3","7112",8,15933,15933,707081,0
2008,381,2,757,"H3","711230",8,9,9,238342,0
2008,381,1,826,"H3","711230",8,9144,9144,4291628,0
2008,381,2,826,"H3","711230",8,15881,15881,476495,0
2008,381,1,757,"H3","7113",8,3678,3678,274062680,0
2008,381,2,757,"H3","7113",8,84217,84217,615840652,0
2008,381,1,826,"H3","7113",8,1739,1739,3870187,0
2008,381,2,826,"H3","7113",8,58091,58091,241927067,0
2008,381,1,757,"H3","711311",8,1385,1385,4172068,0
2008,381,2,757,"H3","711311",8,11597,11597,22703390,0
2008,381,1,826,"H3","711311",8,474,474,715468,0
2008,381,2,826,"H3","711311",8,46804,46804,43323550,0
2008,381,1,757,"H3","711319",8,2280,2280,269872245,0
2008,381,2,757,"H3","711319",8,14765,14765,588605610,0
2008,381,1,826,"H3","711319",8,47,47,2674035,0
2008,381,2,826,"H3","711319",8,9382,9382,197722106,0
2008,381,1,757,"H3","711320",8,13,13,18367,0
2008,381,2,757,"H3","711320",8,57855,57855,4531652,0
2008,381,1,826,"H3","711320",8,1218,1218,480684,0
2008,381,2,826,"H3","711320",8,1905,1905,881411,0
2008,381,1,757,"H3","7114",8,138,138,316019,0
2008,381,1,757,"H3","711419",8,53,53,240268,0
2008,381,2,757,"H3","711419",8,297,297,578310,0
2008,381,1,826,"H3","711419",8,14,14,473920,0
2008,381,2,826,"H3","711419",8,271,271,4012505,0
2008,381,1,757,"H3","711420",8,5,5,7215,0
2008,381,2,757,"H3","711420",8,1608,1608,283974,0
2008,381,1,826,"H3","711420",8,3235,3235,241540,0
2008,381,2,826,"H3","711420",8,33190,33190,4669292,0
2008,381,1,757,"H3","7115",8,84,84,2722578,0
2008,381,2,757,"H3","7115",8,2888,2888,393354,0
2008,381,1,826,"H3","7115",8,593,593,620863,0
2008,381,2,826,"H3","7115",8,1970,1970,673493,0
2008,381,1,757,"H3","711590",8,84,84,2722578,0
2008,381,2,757,"H3","711590",8,2888,2888,393354,0
2008,381,1,826,"H3","711590",8,593,593,620863,0
2008,381,2,826,"H3","711590",8,1970,1970,673493,0
2008,381,1,757,"H3","7116",8,376,376,1711358,0
2008,381,2,757,"H3","7116",8,155,155,10717417,0
2008,381,1,826,"H3","7116",8,26,26,471303,0
2008,381,2,826,"H3","7116",8,138,138,3623315,0
2008,381,2,757,"H3","711610",8,73,73,163238,0
2008,381,1,826,"H3","711610",8,12,12,185268,0
2008,381,2,826,"H3","711610",8,0,0,2496,0
2008,381,1,757,"H3","711620",8,376,376,1711358,0
2008,381,2,757,"H3","711620",8,82,82,10554179,0
2008,381,1,826,"H3","711620",8,14,14,286035,0
2008,381,2,826,"H3","711620",8,138,138,3620819,0
2008,381,1,757,"H3","7117",8,1653,1653,1565196,0
2008,381,2,757,"H3","7117",8,37697,37697,7488589,0
2008,381,1,826,"H3","7117",8,160513,160513,5130019,0
2008,381,2,826,"H3","7117",8,123116,123116,17000515,0
2008,381,1,757,"H3","711711",8,5,5,129870,0
2008,381,2,826,"H3","7114",8,38325,38325,13515891,0
2008,381,1,826,"H3","7114",8,3771,3771,1358896,0
2008,381,2,757,"H3","7114",8,6009,6009,3514179,0
2008,381,2,826,"H3","711411",8,4864,4864,4834093,0
2008,381,1,826,"H3","711411",8,522,522,643436,0
2008,381,2,757,"H3","711411",8,4104,4104,2651896,0
2008,381,1,757,"H3","711411",8,80,80,68536,0
2008,381,2,826,"H3","711299",8,48,48,190867,0
2008,381,1,826,"H3","711299",8,235424,235424,45418144,0
2008,381,2,757,"H3","711299",8,41668,41668,40264,0
2008,381,1,757,"H3","711299",8,469227,469227,92445523,0
2008,381,2,757,"H3","711292",8,15,15,749508,0
2008,381,2,826,"H3","711291",8,4,4,39719,0
2008,381,2,757,"H3","711291",8,59,59,1182213,0
2008,381,1,757,"H3","711291",8,30,30,533226,0
2008,381,2,826,"H3","711049",8,19,19,256716,0
2008,381,1,826,"H3","711049",8,27,27,182592,0
2008,381,2,757,"H3","711711",8,2795,2795,210201,0
2008,381,1,826,"H3","711711",8,5047,5047,1070817,0
2008,381,2,826,"H3","711711",8,1342,1342,168037,0
2008,381,1,757,"H3","711719",8,1375,1375,522368,0
2008,381,2,757,"H3","711719",8,18500,18500,3622495,0
2008,381,1,826,"H3","711719",8,136666,136666,3359320,0
2008,381,2,826,"H3","711719",8,67078,67078,12417793,0
2008,381,1,757,"H3","711790",8,273,273,912959,0
2008,381,2,757,"H3","711790",8,16402,16402,3655893,0
2008,381,1,826,"H3","711790",8,18800,18800,699882,0
2008,381,2,826,"H3","711790",8,54696,54696,4414685,0
2008,381,2,757,"H3","7118",8,3,3,84422,0
2008,381,1,826,"H3","7118",8,0,0,38600,0
2008,381,2,757,"H3","711810",8,3,3,84422,0
2008,381,1,826,"H3","711810",8,0,0,38600,0
2008,381,1,757,"H3","72",1,,,443208522,0
2008,381,2,757,"H3","72",1,,,751951599,0
2008,381,1,826,"H3","72",1,,,719733950,0
2008,381,2,826,"H3","72",1,,,496987790,0
2008,381,2,757,"H3","7201",8,5800,5800,8510,0
2008,381,1,826,"H3","7201",8,40235,40235,15996,0
2008,381,2,826,"H3","7201",8,987,987,6347,0
2008,381,2,826,"H3","720110",8,987,987,6347,0
2008,381,2,757,"H3","720150",8,5800,5800,8510,0
2008,381,1,826,"H3","720150",8,40235,40235,15996,0
2008,381,1,757,"H3","7202",8,527624,527624,191984,6
2008,381,2,757,"H3","7202",8,719744,719744,1712224,0
2008,381,1,826,"H3","7202",8,5510632,5510632,123736474,0
2008,381,2,826,"H3","7202",8,50481,50481,1089638,0
2008,381,2,757,"H3","720211",8,59195,59195,127911,0
2008,381,1,757,"H3","720219",8,482196,482196,105610,0
2008,381,2,757,"H3","720219",8,31361,31361,172477,0
2008,381,1,826,"H3","720219",8,610,610,4716,0
2008,381,2,757,"H3","720221",8,356830,356830,1244472,0
2008,381,1,826,"H3","720221",8,369992,369992,572421,0
2008,381,2,826,"H3","720221",8,1265,1265,1354,0
2008,381,1,757,"H3","720229",8,15670,15670,8369,0
2008,381,2,757,"H3","720229",8,271250,271250,159570,0
2008,381,1,826,"H3","720229",8,15000,15000,36964,0
2008,381,2,826,"H3","720229",8,5961,5961,96257,0
2008,381,1,826,"H3","720230",8,501280,501280,1160380,0
2008,381,2,826,"H3","720230",8,22640,22640,42880,0
2008,381,1,757,"H3","720241",8,24510,24510,47649,0
2008,381,2,757,"H3","720241",8,108,108,6031,0
2008,381,1,826,"H3","720241",8,130250,130250,750578,0
2008,381,1,826,"H3","720249",8,144060,144060,1232455,0
2008,381,1,757,"H3","720260",8,2,2,1581,0
2008,381,2,757,"H3","720260",8,1000,1000,1762,0
2008,381,1,826,"H3","720260",8,84000,84000,1437903,0
2008,381,1,826,"H3","720270",8,2220959,2220959,106207598,0
2008,381,1,757,"H3","720291",8,5246,5246,28774,6
2008,381,1,826,"H3","720291",8,1693483,1693483,9633475,0
2008,381,1,826,"H3","720292",8,10100,10100,355057,0
2008,381,2,826,"H3","720292",8,20000,20000,948128,0
2008,381,1,826,"H3","720293",8,48620,48620,1768275,0
2008,381,2,826,"H3","720293",8,615,615,1019,0
2008,381,1,826,"H3","720299",8,292278,292278,576652,0
2008,381,1,757,"H3","7203",8,94,94,7742,0
2008,381,2,757,"H3","7203",8,25812,25812,247403,0
2008,381,1,826,"H3","7203",8,630,630,135,0
2008,381,2,826,"H3","7203",8,25910,25910,112382,0
2008,381,1,757,"H3","720310",8,92,92,3715,0
2008,381,1,826,"H3","720310",8,630,630,135,0
2008,381,1,757,"H3","720390",8,2,2,4028,0
2008,381,2,757,"H3","720390",8,25812,25812,247403,0
2008,381,2,826,"H3","720390",8,25910,25910,112382,0
2008,381,1,757,"H3","7204",8,235212195,235212195,119469344,0
2008,381,2,757,"H3","7204",8,112955,112955,356987,0
2008,381,1,826,"H3","7204",8,51436501,51436501,35846119,0
2008,381,2,826,"H3","7204",8,978568,978568,2172721,0
2008,381,1,757,"H3","720410",8,2835427,2835427,1332985,0
2008,381,2,826,"H3","720410",8,756,756,327,0
2008,381,1,757,"H3","720421",8,11864364,11864364,22349404,0
2008,381,1,826,"H3","720421",8,4410704,4410704,9919109,0
2008,381,2,826,"H3","720421",8,41167,41167,107216,0
2008,381,1,757,"H3","720429",8,16033518,16033518,5872711,0
2008,381,2,757,"H3","720429",8,224,224,1666,0
2008,381,1,826,"H3","720429",8,4320,4320,59277,0
2008,381,2,826,"H3","720429",8,88573,88573,1119014,0
2008,381,1,757,"H3","720430",8,3708126,3708126,1195630,0
2008,381,2,757,"H3","720430",8,18770,18770,21941,0
2008,381,2,826,"H3","720430",8,733406,733406,408222,0
2008,381,1,757,"H3","720441",8,21685590,21685590,9544273,0
2008,381,1,826,"H3","720441",8,165298,165298,178786,0
2008,381,2,826,"H3","720441",8,101577,101577,441106,0
2008,381,1,757,"H3","720449",8,179085170,179085170,79174342,0
2008,381,2,757,"H3","720449",8,93961,93961,333379,0
2008,381,1,826,"H3","720449",8,46856179,46856179,25688948,0
2008,381,2,826,"H3","720449",8,13089,13089,96835,0
2008,381,1,826,"H3","7205",8,8288976,8288976,10249229,0
2008,381,1,826,"H3","720510",8,8266945,8266945,10204467,0
2008,381,1,826,"H3","720521",8,847,847,15345,0
2008,381,1,826,"H3","720529",8,21184,21184,29417,0
2008,381,2,757,"H3","7206",8,579680,579680,618076,0
2008,381,1,826,"H3","7206",8,7204,7204,49775,0
2008,381,2,826,"H3","7206",8,665120,665120,1496442,0
2008,381,2,757,"H3","720610",8,577050,577050,590209,0
2008,381,2,826,"H3","720610",8,665120,665120,1496442,0
2008,381,2,757,"H3","720690",8,2630,2630,27867,0
2008,381,1,826,"H3","720690",8,7204,7204,49775,0
2008,381,1,757,"H3","7207",8,53187671,53187671,46627557,0
2008,381,2,757,"H3","7207",8,3396503,3396503,4051077,0
2008,381,1,826,"H3","7207",8,215967616,215967616,131809864,0
2008,381,2,826,"H3","7207",8,44025455,44025455,37390406,0
2008,381,1,757,"H3","720711",8,52391012,52391012,46184949,0
2008,381,2,757,"H3","720711",8,297266,297266,429265,0
2008,381,1,826,"H3","720711",8,5931402,5931402,5561438,0
2008,381,2,826,"H3","720711",8,212915,212915,445603,0
2008,381,1,826,"H3","720712",8,192195439,192195439,107934191,0
2008,381,2,826,"H3","720712",8,38714301,38714301,31109168,0
2008,381,1,757,"H3","720719",8,321562,321562,219926,0
2008,381,2,757,"H3","720719",8,1386997,1386997,1634619,0
2008,381,1,826,"H3","720719",8,49061,49061,331242,0
2008,381,2,826,"H3","720719",8,444600,444600,645898,0
2008,381,1,757,"H3","720720",8,475097,475097,222682,0
2008,381,2,757,"H3","720720",8,1712240,1712240,1987192,0
2008,381,1,826,"H3","720720",8,17791714,17791714,17982993,0
2008,381,2,826,"H3","720720",8,4653639,4653639,5189737,0
2008,381,1,757,"H3","7208",8,182454,182454,151270,0
2008,381,2,757,"H3","7208",8,63548320,63548320,66915972,0
2008,381,1,826,"H3","7208",8,10978859,10978859,14795183,0
2008,381,2,826,"H3","7208",8,29068430,29068430,26793251,0
2008,381,2,757,"H3","720810",8,119557,119557,182010,0
2008,381,1,826,"H3","720810",8,998,998,7471,0
2008,381,2,757,"H3","720825",8,4047769,4047769,4235747,0
2008,381,1,826,"H3","720825",8,4235,4235,2145,0
2008,381,2,826,"H3","720825",8,3107941,3107941,2834343,0
2008,381,2,757,"H3","720826",8,6460846,6460846,5762656,0
2008,381,1,826,"H3","720826",8,430260,430260,304706,0
2008,381,2,826,"H3","720826",8,3891320,3891320,3467043,0
2008,381,2,757,"H3","720827",8,9117572,9117572,8193308,0
2008,381,1,826,"H3","720827",8,1190660,1190660,885729,0
2008,381,2,826,"H3","720827",8,5965469,5965469,5124149,0
2008,381,2,757,"H3","720836",8,365267,365267,757548,0
2008,381,2,826,"H3","720836",8,22120,22120,15497,0
2008,381,1,757,"H3","720837",8,24,24,11987,0
2008,381,2,757,"H3","720837",8,2278141,2278141,1825965,0
2008,381,2,826,"H3","720837",8,2661358,2661358,2427573,0
2008,381,2,757,"H3","720838",8,1650066,1650066,1463120,0
2008,381,2,826,"H3","720838",8,2502853,2502853,2023573,0
2008,381,1,757,"H3","720839",8,58255,58255,49612,0
2008,381,2,757,"H3","720839",8,180210,180210,234441,0
2008,381,1,826,"H3","720839",8,85610,85610,54292,0
2008,381,2,826,"H3","720839",8,4150908,4150908,2810462,0
2008,381,1,757,"H3","720840",8,4690,4690,5243,0
2008,381,2,757,"H3","720840",8,437173,437173,506842,0
2008,381,1,826,"H3","720840",8,30333,30333,28003,0
2008,381,2,826,"H3","720840",8,222580,222580,258919,0
2008,381,1,757,"H3","720851",8,12210,12210,11099,0
2008,381,2,757,"H3","720851",8,21633932,21633932,26525079,0
2008,381,1,826,"H3","720851",8,7999109,7999109,11756535,0
2008,381,2,826,"H3","720851",8,5482698,5482698,6723843,0
2008,381,1,757,"H3","720852",8,104587,104587,71750,0
2008,381,2,757,"H3","720852",8,10789432,10789432,10772301,0
2008,381,1,826,"H3","720852",8,1226349,1226349,1738223,0
2008,381,2,826,"H3","720852",8,626707,626707,586850,0
2008,381,2,757,"H3","720853",8,5766485,5766485,5560573,0
2008,381,2,826,"H3","720853",8,257303,257303,255425,0
2008,381,2,757,"H3","720854",8,153153,153153,178051,0
2008,381,1,826,"H3","720854",8,7,7,4,0
2008,381,2,826,"H3","720854",8,1335,1335,1057,0
2008,381,1,757,"H3","720890",8,2688,2688,1578,0
2008,381,2,757,"H3","720890",8,548717,548717,718331,0
2008,381,1,826,"H3","720890",8,11298,11298,18075,0
2008,381,2,826,"H3","720890",8,175838,175838,264518,0
2008,381,1,757,"H3","7209",8,323052,323052,1257765,0
2008,381,2,757,"H3","7209",8,39419491,39419491,40156422,0
2008,381,1,826,"H3","7209",8,9919159,9919159,8605397,0
2008,381,2,826,"H3","7209",8,9610973,9610973,10419479,0
2008,381,2,757,"H3","720915",8,987943,987943,1514432,0
2008,381,2,826,"H3","720915",8,304,304,305,0
2008,381,1,757,"H3","720916",8,72924,72924,75032,0
2008,381,2,757,"H3","720916",8,11891634,11891634,11388056,0
2008,381,1,826,"H3","720916",8,7715540,7715540,6180844,0
2008,381,2,826,"H3","720916",8,7886930,7886930,8819971,0
2008,381,1,757,"H3","720917",8,23560,23560,25745,0
2008,381,2,757,"H3","720917",8,15843751,15843751,15546733,0
2008,381,1,826,"H3","720917",8,2026610,2026610,2283514,0
2008,381,2,826,"H3","720917",8,1423366,1423366,1114301,0
2008,381,1,826,"H3","720918",8,150420,150420,101524,0
2008,381,2,826,"H3","720918",8,92640,92640,93688,0
2008,381,1,757,"H3","720925",8,6595,6595,5045,0
2008,381,2,757,"H3","720925",8,1378016,1378016,1358402,0
2008,381,1,826,"H3","720925",8,14419,14419,19255,0
2008,381,2,757,"H3","720926",8,6534813,6534813,7039639,0
2008,381,1,826,"H3","720926",8,9642,9642,13682,0
2008,381,2,757,"H3","720927",8,2680914,2680914,3010356,0
2008,381,1,826,"H3","720927",8,2115,2115,863,0
2008,381,1,757,"H3","720928",8,675,675,3434,0
2008,381,2,757,"H3","720928",8,24510,24510,25357,0
2008,381,1,757,"H3","720990",8,219298,219298,1148509,0
2008,381,2,757,"H3","720990",8,77910,77910,273447,0
2008,381,1,826,"H3","720990",8,413,413,5715,0
2008,381,2,826,"H3","720990",8,207733,207733,391213,0
2008,381,1,757,"H3","7210",8,299301,299301,827584,0
2008,381,2,757,"H3","7210",8,37140790,37140790,45950252,0
2008,381,1,826,"H3","7210",8,21696412,21696412,26212303,0
2008,381,2,826,"H3","7210",8,47296484,47296484,52540409,0
2008,381,2,757,"H3","721011",8,1183564,1183564,1619479,0
2008,381,1,826,"H3","721011",8,82783,82783,1151409,0
2008,381,2,826,"H3","721011",8,1245,1245,4807,0
2008,381,1,757,"H3","721012",8,29120,29120,62974,0
2008,381,2,757,"H3","721012",8,855904,855904,1092366,0
2008,381,1,826,"H3","721012",8,11177354,11177354,12465042,0
2008,381,2,826,"H3","721012",8,39797,39797,59054,0
2008,381,2,757,"H3","721020",8,22540,22540,31866,0
2008,381,1,757,"H3","721030",8,1296,1296,4864,0
2008,381,2,757,"H3","721030",8,10307132,10307132,12123192,0
2008,381,2,826,"H3","721030",8,3684528,3684528,4019522,0
2008,381,1,757,"H3","721041",8,12050,12050,14746,0
2008,381,2,757,"H3","721041",8,839035,839035,944775,0
2008,381,1,826,"H3","721041",8,4855,4855,12551,0
2008,381,2,826,"H3","721041",8,465,465,480,0
2008,381,1,757,"H3","721049",8,20830,20830,17934,0
2008,381,2,757,"H3","721049",8,17295345,17295345,19122406,0
2008,381,1,826,"H3","721049",8,5018828,5018828,4298689,0
2008,381,2,826,"H3","721049",8,34647511,34647511,37192189,0
2008,381,1,757,"H3","721050",8,49426,49426,267343,0
2008,381,2,757,"H3","721050",8,140101,140101,362284,0
2008,381,1,826,"H3","721050",8,1782466,1782466,2120041,0
2008,381,2,757,"H3","721061",8,1444888,1444888,1901050,0
2008,381,1,826,"H3","721061",8,64872,64872,75942,0
2008,381,2,826,"H3","721061",8,3,3,3,0
2008,381,1,757,"H3","721070",8,186572,186572,449639,0
2008,381,2,757,"H3","721070",8,4731304,4731304,8275137,0
2008,381,1,826,"H3","721070",8,3494698,3494698,5938535,0
2008,381,2,826,"H3","721070",8,7158386,7158386,9314163,0
2008,381,1,757,"H3","721090",8,7,7,10084,0
2008,381,2,757,"H3","721090",8,274669,274669,420224,0
2008,381,1,826,"H3","721090",8,70556,70556,150094,0
2008,381,1,757,"H3","7211",8,7791404,7791404,10354138,0
2008,381,2,757,"H3","7211",8,23556259,23556259,23792952,0
2008,381,1,757,"H3","721113",8,2284052,2284052,2297636,0
2008,381,2,757,"H3","721113",8,1718171,1718171,1900536,0
2008,381,1,826,"H3","721113",8,21602,21602,24713,0
2008,381,2,826,"H3","721113",8,530580,530580,555430,0
2008,381,1,757,"H3","721114",8,7801,7801,9103,0
2008,381,2,757,"H3","721114",8,4674120,4674120,5206342,0
2008,381,1,826,"H3","721114",8,143188,143188,224454,0
2008,381,1,757,"H3","721119",8,1256633,1256633,1191605,0
2008,381,2,757,"H3","721119",8,9756682,9756682,9506182,0
2008,381,1,826,"H3","721119",8,3236758,3236758,4811225,0
2008,381,2,826,"H3","721119",8,130954,130954,160639,0
2008,381,1,757,"H3","721123",8,1250800,1250800,1886386,0
2008,381,2,757,"H3","721123",8,6919620,6919620,6336558,0
2008,381,1,826,"H3","721123",8,110457,110457,153133,0
2008,381,2,826,"H3","721123",8,1120650,1120650,1466592,0
2008,381,1,757,"H3","721129",8,2960858,2960858,4916234,0
2008,381,2,757,"H3","721129",8,262945,262945,450024,0
2008,381,1,826,"H3","721129",8,15200,15200,58954,0
2008,381,2,826,"H3","721129",8,491243,491243,891833,0
2008,381,1,757,"H3","721190",8,31260,31260,53173,0
2008,381,2,757,"H3","721190",8,224721,224721,393310,0
2008,381,1,757,"H3","7212",8,234864,234864,1791875,0
2008,381,2,757,"H3","7212",8,2250657,2250657,3349999,0
2008,381,1,757,"H3","721220",8,4742,4742,11647,0
2008,381,2,757,"H3","721220",8,175989,175989,236397,0
2008,381,1,826,"H3","721220",8,155696,155696,229589,0
2008,381,2,826,"H3","721220",8,5200,5200,5077,0
2008,381,1,757,"H3","721230",8,2000,2000,2555,0
2008,381,2,757,"H3","721230",8,1414261,1414261,1912380,0
2008,381,1,826,"H3","721230",8,881,881,655,0
2008,381,2,826,"H3","721230",8,6865,6865,6623,0
2008,381,1,757,"H3","721240",8,2693,2693,4716,0
2008,381,2,757,"H3","721240",8,76058,76058,120504,0
2008,381,1,826,"H3","721240",8,4411798,4411798,8799913,0
2008,381,2,826,"H3","721240",8,25225,25225,39257,0
2008,381,1,757,"H3","721250",8,207452,207452,1741370,0
2008,381,2,757,"H3","721250",8,31012,31012,135288,0
2008,381,1,826,"H3","721250",8,3057,3057,10297,0
2008,381,2,826,"H3","721250",8,49398,49398,131205,0
2008,381,2,757,"H3","721260",8,80671,80671,196697,0
2008,381,1,826,"H3","721260",8,2391855,2391855,21117765,0
2008,381,2,826,"H3","721260",8,400,400,515,0
2008,381,1,757,"H3","7213",8,108247977,108247977,107926899,0
2008,381,2,757,"H3","7213",8,60603312,60603312,54401991,0
2008,381,1,826,"H3","7213",8,55910577,55910577,56819368,0
2008,381,2,826,"H3","7213",8,5020837,5020837,5340066,0
2008,381,1,757,"H3","721320",8,79680715,79680715,84630877,0
2008,381,1,826,"H3","721320",8,35864083,35864083,36874934,0
2008,381,1,757,"H3","721391",8,14886518,14886518,10327052,0
2008,381,2,757,"H3","721391",8,772530,772530,563095,0
2008,381,1,826,"H3","721391",8,19833383,19833383,18943617,0
2008,381,2,826,"H3","721391",8,61650,61650,61725,0
2008,381,1,757,"H3","721399",8,13680744,13680744,12968970,0
2008,381,2,757,"H3","721399",8,7073491,7073491,6450964,0
2008,381,1,826,"H3","721399",8,213111,213111,1000817,0
2008,381,2,826,"H3","721399",8,4837627,4837627,5200704,0
2008,381,1,757,"H3","7214",8,45535153,45535153,45672313,0
2008,381,2,757,"H3","7214",8,62691985,62691985,60141129,0
2008,381,1,757,"H3","721410",8,57306,57306,157832,0
2008,381,2,757,"H3","721410",8,365985,365985,572534,0
2008,381,1,826,"H3","721410",8,89788,89788,274391,0
2008,381,2,826,"H3","721410",8,19577,19577,155768,0
2008,381,1,757,"H3","721420",8,861404,861404,1065870,0
2008,381,2,757,"H3","721420",8,35010357,35010357,32046537,0
2008,381,2,826,"H3","721420",8,400811,400811,242884,0
2008,381,2,757,"H3","721491",8,18169767,18169767,17260717,0
2008,381,1,826,"H3","721491",8,1097194,1097194,1093426,0
2008,381,2,826,"H3","721491",8,2661806,2661806,2713102,0
2008,381,1,757,"H3","721499",8,16042780,16042780,14758026,0
2008,381,2,757,"H3","721499",8,9093763,9093763,10204299,0
2008,381,1,826,"H3","721499",8,11523699,11523699,17413222,0
2008,381,2,826,"H3","721499",8,4881731,4881731,5540466,0
2008,381,1,757,"H3","7215",8,7643568,7643568,15870525,0
2008,381,2,757,"H3","7215",8,24297476,24297476,36698018,0
2008,381,1,826,"H3","7215",8,15490723,15490723,20944627,0
2008,381,2,826,"H3","7215",8,14177140,14177140,18895253,0
2008,381,1,757,"H3","721510",8,7330893,7330893,15125538,0
2008,381,2,757,"H3","721510",8,6826494,6826494,11159570,0
2008,381,1,826,"H3","721510",8,12032062,12032062,16097286,0
2008,381,2,826,"H3","721510",8,496565,496565,738430,0
2008,381,1,757,"H3","721550",8,295960,295960,703713,0
2008,381,2,757,"H3","721550",8,13754063,13754063,20041254,0
2008,381,1,757,"H3","721590",8,16715,16715,41274,0
2008,381,2,757,"H3","721590",8,3716919,3716919,5497195,0
2008,381,1,826,"H3","721590",8,50896,50896,98824,0
2008,381,2,826,"H3","721590",8,2833126,2833126,5013565,0
2008,381,1,757,"H3","7216",8,1189025,1189025,3812851,0
2008,381,2,757,"H3","7216",8,39194626,39194626,44997682,0
2008,381,1,826,"H3","7216",8,4049605,4049605,5400242,0
2008,381,2,826,"H3","7216",8,41364881,41364881,48152676,0
2008,381,1,757,"H3","721610",8,1580,1580,32480,0
2008,381,2,757,"H3","721610",8,958392,958392,1121461,0
2008,381,1,826,"H3","721610",8,950,950,4026,0
2008,381,2,826,"H3","721610",8,14320,14320,14795,0
2008,381,2,757,"H3","721621",8,818555,818555,874250,0
2008,381,1,826,"H3","721621",8,31547,31547,49270,0
2008,381,2,826,"H3","721621",8,136754,136754,139391,0
2008,381,2,757,"H3","721622",8,1020291,1020291,1024972,0
2008,381,2,826,"H3","721622",8,135270,135270,170964,0
2008,381,1,757,"H3","721631",8,5393,5393,12839,0
2008,381,2,757,"H3","721631",8,3209283,3209283,3474043,0
2008,381,1,826,"H3","721631",8,107522,107522,93651,0
2008,381,2,826,"H3","721631",8,2933125,2933125,3337607,0
2008,381,2,757,"H3","721632",8,4063640,4063640,4658891,0
2008,381,2,826,"H3","721632",8,18239939,18239939,20154608,0
2008,381,2,757,"H3","721633",8,15376473,15376473,17656692,0
2008,381,1,826,"H3","721633",8,25805,25805,47818,0
2008,381,2,826,"H3","721633",8,12839966,12839966,14476208,0
2008,381,2,757,"H3","721640",8,2710300,2710300,2971709,0
2008,381,1,826,"H3","721640",8,525174,525174,537551,0
2008,381,2,826,"H3","721640",8,4825534,4825534,5392838,0
2008,381,1,757,"H3","721650",8,1129141,1129141,3376016,0
2008,381,2,757,"H3","721650",8,7460325,7460325,7776009,0
2008,381,1,826,"H3","721650",8,2849634,2849634,4012632,0
2008,381,2,826,"H3","721430",8,16010,16010,21450,0
2008,381,1,826,"H3","721430",8,18549229,18549229,20723328,0
2008,381,2,757,"H3","721430",8,52113,52113,57043,0
2008,381,1,757,"H3","721430",8,28573663,28573663,29690585,0
2008,381,2,826,"H3","7214",8,7979935,7979935,8673669,0
2008,381,1,826,"H3","7214",8,31259910,31259910,39504368,0
2008,381,2,826,"H3","721210",8,2182,2182,3008,0
2008,381,1,826,"H3","721210",8,1717,1717,2324,0
2008,381,2,757,"H3","721210",8,472666,472666,748733,0
2008,381,1,757,"H3","721210",8,17977,17977,31588,0
2008,381,2,826,"H3","721069",8,1764549,1764549,1950191,0
2008,381,2,757,"H3","721069",8,46308,46308,57474,0
2008,381,2,826,"H3","721550",8,10847449,10847449,13143257,0
2008,381,1,826,"H3","721550",8,3407765,3407765,4748517,0
2008,381,2,826,"H3","721310",8,121560,121560,77637,0
2008,381,2,757,"H3","721310",8,52757291,52757291,47387933,0
2008,381,2,826,"H3","7212",8,89270,89270,185685,0
2008,381,1,826,"H3","7212",8,6965004,6965004,30160543,0
2008,381,2,826,"H3","7211",8,3424536,3424536,5130502,0
2008,381,1,826,"H3","7211",8,3722226,3722226,5727085,0
2008,381,2,826,"H3","721190",8,1151109,1151109,2056007,0
2008,381,1,826,"H3","721190",8,195021,195021,454606,0
2008,381,2,826,"H3","721650",8,1027264,1027264,1232092,0
2008,381,1,757,"H3","721661",8,22563,22563,189873,0
2008,381,2,757,"H3","721661",8,930350,930350,1333811,0
2008,381,1,826,"H3","721661",8,99904,99904,272504,0
2008,381,2,826,"H3","721661",8,423169,423169,949485,0
2008,381,1,757,"H3","721669",8,694,694,4390,0
2008,381,2,757,"H3","721669",8,333071,333071,1133445,0
2008,381,1,826,"H3","721669",8,205881,205881,108258,0
2008,381,2,826,"H3","721669",8,746028,746028,2212189,0
2008,381,1,757,"H3","721691",8,24328,24328,85957,0
2008,381,2,757,"H3","721691",8,1831563,1831563,2284714,0
2008,381,1,826,"H3","721691",8,203188,203188,274531,0
2008,381,2,826,"H3","721691",8,23615,23615,42996,0
2008,381,1,757,"H3","721699",8,5326,5326,111296,0
2008,381,2,757,"H3","721699",8,482383,482383,687685,0
2008,381,2,826,"H3","721699",8,19897,19897,29504,0
2008,381,1,757,"H3","7217",8,110674,110674,276649,0
2008,381,2,757,"H3","7217",8,15019659,15019659,15276774,0
2008,381,1,826,"H3","7217",8,2009265,2009265,4906487,0
2008,381,2,826,"H3","7217",8,7830018,7830018,11951234,0
2008,381,1,757,"H3","721710",8,26141,26141,95058,0
2008,381,2,757,"H3","721710",8,13142337,13142337,12233931,0
2008,381,1,826,"H3","721710",8,1033295,1033295,3136052,0
2008,381,2,826,"H3","721710",8,92749,92749,142297,0
2008,381,1,757,"H3","721720",8,62815,62815,107849,0
2008,381,2,757,"H3","721720",8,1014870,1014870,1479884,0
2008,381,1,826,"H3","721720",8,239853,239853,414978,0
2008,381,2,826,"H3","721720",8,4431569,4431569,5941272,0
2008,381,1,757,"H3","721730",8,1350,1350,4458,0
2008,381,2,757,"H3","721730",8,543318,543318,803689,0
2008,381,1,826,"H3","721730",8,726344,726344,1311481,0
2008,381,2,826,"H3","721730",8,3293748,3293748,5847692,0
2008,381,1,757,"H3","721790",8,20368,20368,69285,0
2008,381,2,757,"H3","721790",8,319134,319134,759270,0
2008,381,1,826,"H3","721790",8,9773,9773,43976,0
2008,381,2,826,"H3","721790",8,11952,11952,19973,0
2008,381,1,757,"H3","7218",8,3080,3080,51781,0
2008,381,2,757,"H3","7218",8,959517,959517,4352806,0
2008,381,1,826,"H3","7218",8,1236738,1236738,4311603,0
2008,381,2,826,"H3","7218",8,1651698,1651698,15527752,0
2008,381,1,757,"H3","721810",8,72,72,30676,0
2008,381,2,757,"H3","721810",8,33604,33604,144204,0
2008,381,1,826,"H3","721810",8,128047,128047,1345749,0
2008,381,2,826,"H3","721810",8,112397,112397,672110,0
2008,381,1,826,"H3","721891",8,5960,5960,24430,0
2008,381,2,826,"H3","721891",8,392937,392937,2987404,0
2008,381,1,757,"H3","721899",8,3008,3008,21105,0
2008,381,2,757,"H3","721899",8,925913,925913,4208602,0
2008,381,1,826,"H3","721899",8,1102731,1102731,2941425,0
2008,381,2,826,"H3","721899",8,1146364,1146364,11868238,0
2008,381,1,757,"H3","7219",8,548731,548731,2343829,0
2008,381,2,757,"H3","7219",8,13236822,13236822,54127788,0
2008,381,1,826,"H3","7219",8,2926217,2926217,15354867,0
2008,381,2,826,"H3","7219",8,10278046,10278046,39776448,0
2008,381,1,757,"H3","721911",8,8035,8035,109622,0
2008,381,2,757,"H3","721911",8,458308,458308,524796,0
2008,381,2,826,"H3","721911",8,21612,21612,147333,0
2008,381,1,757,"H3","721912",8,2078,2078,10012,0
2008,381,2,757,"H3","721912",8,632104,632104,1411649,0
2008,381,1,826,"H3","721912",8,57778,57778,220243,0
2008,381,2,826,"H3","721912",8,253090,253090,1033366,0
2008,381,2,757,"H3","721913",8,5154,5154,24096,0
2008,381,1,826,"H3","721913",8,37409,37409,168216,0
2008,381,2,826,"H3","721913",8,8900,8900,27022,0
2008,381,1,757,"H3","721914",8,25420,25420,85919,0
2008,381,2,757,"H3","721914",8,94541,94541,256555,0
2008,381,1,826,"H3","721914",8,46728,46728,216167,0
2008,381,1,757,"H3","721921",8,6560,6560,44078,0
2008,381,2,757,"H3","721921",8,2239570,2239570,7087693,0
2008,381,1,826,"H3","721921",8,182438,182438,851394,0
2008,381,2,826,"H3","721921",8,165425,165425,1114730,0
2008,381,2,757,"H3","721922",8,885446,885446,4431722,0
2008,381,1,826,"H3","721922",8,22549,22549,128456,0
2008,381,2,826,"H3","721922",8,440107,440107,2906959,0
2008,381,1,757,"H3","721923",8,19041,19041,93909,0
2008,381,2,757,"H3","721923",8,205655,205655,817238,0
2008,381,1,826,"H3","721923",8,3717,3717,32342,0
2008,381,2,826,"H3","721923",8,359206,359206,684307,0
2008,381,1,757,"H3","721924",8,671,671,8192,0
2008,381,2,757,"H3","721924",8,641682,641682,1007112,0
2008,381,1,826,"H3","721924",8,32065,32065,538121,0
2008,381,2,826,"H3","721924",8,388,388,1051,0
2008,381,1,757,"H3","721931",8,1941,1941,10260,0
2008,381,2,757,"H3","721931",8,306650,306650,1164514,0
2008,381,1,826,"H3","721931",8,123282,123282,1396484,0
2008,381,2,826,"H3","721931",8,8440,8440,85489,0
2008,381,1,757,"H3","721932",8,3344,3344,20201,0
2008,381,2,757,"H3","721932",8,663932,663932,3402646,0
2008,381,1,826,"H3","721932",8,204471,204471,1059745,0
2008,381,2,826,"H3","721932",8,1531323,1531323,6104721,0
2008,381,1,757,"H3","721933",8,445831,445831,1610646,0
2008,381,2,757,"H3","721933",8,3307207,3307207,17172615,0
2008,381,1,826,"H3","721933",8,626426,626426,3031991,0
2008,381,2,826,"H3","721933",8,5294595,5294595,19237254,0
2008,381,1,757,"H3","721934",8,11704,11704,72817,0
2008,381,2,757,"H3","721934",8,1370121,1370121,6476626,0
2008,381,1,826,"H3","721934",8,1073338,1073338,5328899,0
2008,381,2,826,"H3","721934",8,1962821,1962821,7126211,0
2008,381,1,757,"H3","721935",8,17928,17928,127291,0
2008,381,2,757,"H3","721935",8,76979,76979,288106,0
2008,381,1,826,"H3","721935",8,503424,503424,2242449,0
2008,381,2,826,"H3","721935",8,30468,30468,200880,0
2008,381,1,757,"H3","721990",8,6178,6178,150881,0
2008,381,2,757,"H3","721990",8,2349473,2349473,10062420,0
2008,381,1,826,"H3","721990",8,12592,12592,140361,0
2008,381,2,826,"H3","721990",8,201671,201671,1107124,0
2008,381,1,757,"H3","7220",8,63471,63471,545652,0
2008,381,2,757,"H3","7220",8,3528204,3528204,16120881,0
2008,381,1,826,"H3","7220",8,805814,805814,4983238,0
2008,381,2,826,"H3","7220",8,2181150,2181150,12839029,0
2008,381,2,757,"H3","722011",8,127597,127597,397048,0
2008,381,1,826,"H3","722011",8,23164,23164,61580,0
2008,381,2,826,"H3","722011",8,86835,86835,602373,0
2008,381,2,757,"H3","722012",8,61428,61428,156569,0
2008,381,1,826,"H3","722012",8,50132,50132,371913,0
2008,381,2,826,"H3","722012",8,21,21,68,0
2008,381,1,757,"H3","722020",8,51403,51403,455101,0
2008,381,2,757,"H3","722020",8,3181649,3181649,15155213,0
2008,381,1,826,"H3","722020",8,723047,723047,4446286,0
2008,381,2,826,"H3","722020",8,2084988,2084988,12177593,0
2008,381,1,757,"H3","722090",8,12068,12068,90551,0
2008,381,2,757,"H3","722090",8,157530,157530,412052,0
2008,381,1,826,"H3","722090",8,9471,9471,103459,0
2008,381,2,826,"H3","722090",8,9306,9306,58995,0
2008,381,1,757,"H3","7221",8,542401,542401,2911504,0
2008,381,2,757,"H3","7221",8,38153796,38153796,188964664,0
2008,381,1,826,"H3","7221",8,6529106,6529106,30519468,0
2008,381,2,826,"H3","7221",8,700935,700935,3128699,0
2008,381,1,757,"H3","722100",8,542401,542401,2911504,0
2008,381,2,757,"H3","722100",8,38153796,38153796,188964664,0
2008,381,1,826,"H3","722100",8,6529106,6529106,30519468,0
2008,381,2,826,"H3","722100",8,700935,700935,3128699,0
2008,381,1,757,"H3","7222",8,7473760,7473760,37621420,0
2008,381,2,757,"H3","7222",8,9683411,9683411,46858058,0
2008,381,1,826,"H3","7222",8,1305314,1305314,13567641,0
2008,381,2,826,"H3","7222",8,15011425,15011425,89737632,0
2008,381,1,757,"H3","722211",8,81103,81103,1857352,0
2008,381,2,757,"H3","722211",8,336683,336683,2137667,0
2008,381,1,826,"H3","722211",8,807662,807662,8190575,0
2008,381,2,826,"H3","722211",8,858103,858103,4361039,0
2008,381,1,757,"H3","722219",8,9693,9693,47345,0
2008,381,2,757,"H3","722219",8,987029,987029,5506284,0
2008,381,1,826,"H3","722219",8,23694,23694,151860,0
2008,381,2,826,"H3","722219",8,461237,461237,3238712,0
2008,381,1,757,"H3","722220",8,6679182,6679182,33225631,0
2008,381,2,757,"H3","722220",8,7318477,7318477,36832318,0
2008,381,1,826,"H3","722220",8,253727,253727,2449238,0
2008,381,2,826,"H3","722220",8,13181190,13181190,77053449,0
2008,381,1,757,"H3","722230",8,7178,7178,93559,0
2008,381,2,757,"H3","722230",8,386521,386521,1604345,0
2008,381,1,826,"H3","722230",8,218487,218487,2755431,0
2008,381,2,826,"H3","722230",8,328433,328433,3513758,0
2008,381,1,757,"H3","722240",8,696604,696604,2397533,0
2008,381,2,757,"H3","722240",8,654701,654701,777444,0
2008,381,1,826,"H3","722240",8,1744,1744,20537,0
2008,381,2,826,"H3","722240",8,182462,182462,1570673,0
2008,381,1,757,"H3","7223",8,2040840,2040840,13352543,0
2008,381,2,757,"H3","7223",8,921801,921801,5411358,0
2008,381,1,826,"H3","7223",8,70609,70609,521924,0
2008,381,2,826,"H3","7223",8,1232441,1232441,8625776,0
2008,381,1,757,"H3","722300",8,2040840,2040840,13352543,0
2008,381,2,757,"H3","722300",8,921801,921801,5411358,0
2008,381,1,826,"H3","722300",8,70609,70609,521924,0
2008,381,2,826,"H3","722300",8,1232441,1232441,8625776,0
2008,381,1,757,"H3","7224",8,137780,137780,157807,0
2008,381,2,757,"H3","7224",8,6200604,6200604,11467302,0
2008,381,1,826,"H3","7224",8,1466164,1466164,2705007,0
2008,381,2,826,"H3","7224",8,18928350,18928350,26899587,0
2008,381,1,757,"H3","722410",8,165,165,7215,0
2008,381,2,757,"H3","722410",8,748980,748980,2388622,0
2008,381,1,826,"H3","722410",8,110038,110038,419118,0
2008,381,2,826,"H3","722410",8,1350980,1350980,4355538,0
2008,381,1,757,"H3","722490",8,137615,137615,150592,0
2008,381,2,757,"H3","722490",8,5451624,5451624,9078681,0
2008,381,1,826,"H3","722490",8,1356126,1356126,2285888,0
2008,381,2,826,"H3","722490",8,17577370,17577370,22544049,0
2008,381,1,757,"H3","7225",8,736900,736900,3123018,0
2008,381,2,757,"H3","7225",8,3744031,3744031,6722084,0
2008,381,1,826,"H3","7225",8,8319414,8319414,28997618,0
2008,381,2,826,"H3","7225",8,684071,684071,1055044,0
2008,381,1,757,"H3","722511",8,100880,100880,451339,0
2008,381,2,757,"H3","722511",8,205565,205565,605283,0
2008,381,1,826,"H3","722511",8,5291633,5291633,22864197,0
2008,381,2,826,"H3","722511",8,29462,29462,111799,0
2008,381,1,757,"H3","722519",8,631828,631828,2665868,0
2008,381,2,757,"H3","722519",8,638595,638595,2454584,0
2008,381,1,826,"H3","722519",8,1718983,1718983,1612262,0
2008,381,2,826,"H3","722519",8,362227,362227,624975,0
2008,381,2,757,"H3","722530",8,235616,235616,268623,0
2008,381,1,757,"H3","722540",8,4192,4192,5812,0
2008,381,2,757,"H3","722540",8,222384,222384,256539,0
2008,381,1,826,"H3","722540",8,1174411,1174411,3301510,0
2008,381,2,826,"H3","722540",8,19022,19022,40837,0
2008,381,2,757,"H3","722591",8,1515,1515,1624,0
2008,381,2,757,"H3","722592",8,2440356,2440356,3135431,0
2008,381,1,826,"H3","722599",8,134387,134387,1219648,0
2008,381,2,826,"H3","722599",8,273360,273360,277433,0
2008,381,1,757,"H3","7226",8,1168779,1168779,2962805,0
2008,381,2,757,"H3","7226",8,1251187,1251187,3095587,0
2008,381,1,826,"H3","7226",8,104194,104194,641627,0
2008,381,2,826,"H3","7226",8,4426090,4426090,7190068,0
2008,381,1,757,"H3","722611",8,196785,196785,1114163,0
2008,381,2,757,"H3","722611",8,363470,363470,1580005,0
2008,381,1,826,"H3","722611",8,27720,27720,123826,0
2008,381,2,826,"H3","722611",8,286110,286110,1514332,0
2008,381,1,757,"H3","722619",8,23153,23153,44699,0
2008,381,2,757,"H3","722619",8,77512,77512,225344,0
2008,381,1,826,"H3","722619",8,6863,6863,36264,0
2008,381,2,826,"H3","722619",8,725268,725268,1272153,0
2008,381,2,757,"H3","722620",8,302884,302884,521104,0
2008,381,1,757,"H3","722691",8,2983,2983,21556,0
2008,381,2,757,"H3","722691",8,205292,205292,310872,0
2008,381,1,826,"H3","722691",8,57515,57515,270214,0
2008,381,2,826,"H3","722691",8,2158810,2158810,2711787,0
2008,381,1,757,"H3","722692",8,937704,937704,1765394,0
2008,381,2,757,"H3","722692",8,26427,26427,41696,0
2008,381,2,826,"H3","722692",8,1255653,1255653,1691474,0
2008,381,1,757,"H3","722699",8,8154,8154,16993,0
2008,381,2,757,"H3","722699",8,275602,275602,416566,0
2008,381,1,826,"H3","722699",8,12096,12096,211323,0
2008,381,2,826,"H3","722699",8,249,249,322,0
2008,381,1,757,"H3","7227",8,17717957,17717957,17737126,0
2008,381,2,757,"H3","7227",8,1824505,1824505,3209126,0
2008,381,1,826,"H3","7227",8,8604154,8604154,8857452,0
2008,381,2,826,"H3","7227",8,3802710,3802710,4685759,0
2008,381,2,826,"H3","722720",8,232220,232220,218997,0
2008,381,1,757,"H3","722790",8,17717957,17717957,17737126,0
2008,381,2,757,"H3","722790",8,1824505,1824505,3209126,0
2008,381,1,826,"H3","722790",8,8604154,8604154,8857452,0
2008,381,2,826,"H3","722790",8,3570490,3570490,4466762,0
2008,381,1,757,"H3","7228",8,5847078,5847078,8147355,0
2008,381,2,757,"H3","7228",8,4507669,4507669,10229970,0
2008,381,1,826,"H3","7228",8,54524050,54524050,76287036,0
2008,381,2,826,"H3","7228",8,20652084,20652084,36688532,0
2008,381,1,757,"H3","722810",8,15174,15174,413007,0
2008,381,2,757,"H3","722810",8,963,963,14689,0
2008,381,1,826,"H3","722810",8,47081,47081,80613,0
2008,381,2,826,"H3","722810",8,133108,133108,419833,0
2008,381,1,757,"H3","722820",8,181,181,2600,0
2008,381,2,757,"H3","722820",8,155960,155960,195613,0
2008,381,2,826,"H3","722820",8,16245,16245,27836,0
2008,381,1,757,"H3","722830",8,4911655,4911655,5317338,0
2008,381,2,757,"H3","722830",8,2458870,2458870,3898655,0
2008,381,1,826,"H3","722830",8,8538593,8538593,16556796,0
2008,381,2,826,"H3","722830",8,9138926,9138926,12299949,0
2008,381,1,757,"H3","722840",8,275207,275207,668243,0
2008,381,2,757,"H3","722840",8,34933,34933,180478,0
2008,381,1,826,"H3","722840",8,49451,49451,399627,0
2008,381,2,826,"H3","722840",8,414791,414791,1328208,0
2008,381,1,757,"H3","722850",8,633502,633502,1642851,0
2008,381,2,757,"H3","722850",8,1394509,1394509,3537920,0
2008,381,1,826,"H3","722850",8,1160167,1160167,2459199,0
2008,381,2,826,"H3","722850",8,10192814,10192814,19954464,0
2008,381,2,757,"H3","722860",8,24865,24865,144523,0
2008,381,1,826,"H3","722860",8,48647,48647,778229,0
2008,381,2,826,"H3","722860",8,620529,620529,1693486,0
2008,381,1,757,"H3","722870",8,11359,11359,103315,0
2008,381,2,757,"H3","722870",8,412829,412829,2214572,0
2008,381,1,826,"H3","722870",8,44673527,44673527,55950780,0
2008,381,2,826,"H3","722870",8,135671,135671,964757,0
2008,381,2,757,"H3","722880",8,24740,24740,43521,0
2008,381,1,826,"H3","722880",8,6584,6584,61792,0
2008,381,1,757,"H3","7229",8,6813,6813,15184,0
2008,381,2,757,"H3","7229",8,1162141,1162141,2716510,0
2008,381,1,826,"H3","7229",8,436842,436842,1276897,0
2008,381,2,826,"H3","7229",8,2086654,2086654,4695088,0
2008,381,2,757,"H3","722920",8,775485,775485,1519691,0
2008,381,2,826,"H3","722920",8,48080,48080,145277,0
2008,381,1,757,"H3","722990",8,6813,6813,15184,0
2008,381,2,757,"H3","722990",8,386656,386656,1196818,0
2008,381,1,826,"H3","722990",8,436842,436842,1276897,0
2008,381,2,826,"H3","722990",8,2038574,2038574,4549811,0
2008,381,1,757,"H3","73",1,,,197366021,0
2008,381,2,757,"H3","73",1,,,543304365,0
2008,381,1,826,"H3","73",1,,,160215418,0
2008,381,2,826,"H3","73",1,,,1065427044,0
2008,381,1,757,"H3","7301",8,248455,248455,2016287,0
2008,381,2,757,"H3","7301",8,518821,518821,2331588,0
2008,381,1,826,"H3","7301",8,91582,91582,229193,0
2008,381,2,826,"H3","7301",8,23266,23266,182016,0
2008,381,1,757,"H3","730110",8,14183,14183,43917,0
2008,381,2,757,"H3","730110",8,416637,416637,654082,0
2008,381,1,826,"H3","730110",8,7359,7359,5672,0
2008,381,2,826,"H3","730110",8,535,535,7806,0
2008,381,1,757,"H3","730120",8,234272,234272,1972370,0
2008,381,2,757,"H3","730120",8,102184,102184,1677506,0
2008,381,1,826,"H3","730120",8,84223,84223,223521,0
2008,381,2,826,"H3","730120",8,22731,22731,174210,0
2008,381,1,757,"H3","7302",8,317213,317213,1170541,0
2008,381,2,757,"H3","7302",8,9001827,9001827,10226002,0
2008,381,1,826,"H3","7302",8,345569,345569,715613,0
2008,381,2,826,"H3","7302",8,9723708,9723708,11082445,0
2008,381,1,757,"H3","730210",8,134458,134458,125998,0
2008,381,2,757,"H3","730210",8,8895809,8895809,10091009,0
2008,381,1,826,"H3","730210",8,98205,98205,145949,0
2008,381,2,826,"H3","730210",8,7663408,7663408,6559992,0
2008,381,1,757,"H3","730230",8,10070,10070,48160,0
2008,381,2,757,"H3","730230",8,17,17,7723,0
2008,381,1,826,"H3","730230",8,49,49,186,0
2008,381,1,757,"H3","730240",8,61279,61279,447251,0
2008,381,2,757,"H3","730240",8,99220,99220,109431,0
2008,381,1,826,"H3","730240",8,354,354,1390,0
2008,381,2,826,"H3","730240",8,370,370,1307,0
2008,381,1,757,"H3","730290",8,111406,111406,549132,0
2008,381,2,757,"H3","730290",8,6781,6781,17839,0
2008,381,1,826,"H3","730290",8,246961,246961,568088,0
2008,381,2,826,"H3","730290",8,2059930,2059930,4521146,0
2008,381,1,757,"H3","7303",8,3186982,3186982,4847861,0
2008,381,2,757,"H3","7303",8,278001,278001,2152346,0
2008,381,1,826,"H3","7303",8,29933,29933,129864,0
2008,381,2,826,"H3","7303",8,155008,155008,166326,0
2008,381,1,757,"H3","730300",8,3186982,3186982,4847861,0
2008,381,2,757,"H3","730300",8,278001,278001,2152346,0
2008,381,1,826,"H3","730300",8,29933,29933,129864,0
2008,381,2,826,"H3","730300",8,155008,155008,166326,0
2008,381,1,757,"H3","7304",8,557174,557174,2104119,0
2008,381,2,757,"H3","7304",8,6326747,6326747,15334595,0
2008,381,1,826,"H3","7304",8,6418456,6418456,17139984,0
2008,381,2,826,"H3","7304",8,18996205,18996205,72362148,0
2008,381,2,757,"H3","730411",8,156069,156069,819876,0
2008,381,1,826,"H3","730411",8,102415,102415,674881,0
2008,381,2,826,"H3","730411",8,109839,109839,1396007,0
2008,381,1,757,"H3","730419",8,35,35,3166,0
2008,381,2,757,"H3","730419",8,64045,64045,350129,0
2008,381,1,826,"H3","730419",8,357304,357304,1832586,0
2008,381,2,826,"H3","730419",8,8139429,8139429,41203787,0
2008,381,1,826,"H3","730422",8,835560,835560,649119,0
2008,381,2,826,"H3","730422",8,2724,2724,27469,0
2008,381,1,826,"H3","730423",8,180940,180940,169546,0
2008,381,2,757,"H3","730424",8,750,750,5999,0
2008,381,2,757,"H3","730429",8,228881,228881,671143,0
2008,381,1,826,"H3","730429",8,28468,28468,130912,0
2008,381,2,826,"H3","730429",8,1695532,1695532,3340414,0
2008,381,1,757,"H3","730431",8,9913,9913,40836,0
2008,381,2,757,"H3","730431",8,795323,795323,2231204,0
2008,381,1,826,"H3","730431",8,2961637,2961637,8092777,0
2008,381,2,826,"H3","730431",8,1417978,1417978,5816686,0
2008,381,1,757,"H3","730439",8,31650,31650,88202,0
2008,381,2,757,"H3","730439",8,4627172,4627172,9117287,0
2008,381,1,826,"H3","730439",8,1136972,1136972,1665309,0
2008,381,2,826,"H3","730439",8,5225771,5225771,9132046,0
2008,381,1,757,"H3","730441",8,11706,11706,960065,0
2008,381,2,757,"H3","730441",8,108160,108160,651313,0
2008,381,1,826,"H3","730441",8,67898,67898,1034982,0
2008,381,2,826,"H3","730441",8,310701,310701,5697365,0
2008,381,1,757,"H3","730449",8,468422,468422,819457,0
2008,381,2,757,"H3","730449",8,1544,1544,13973,0
2008,381,1,826,"H3","730449",8,499156,499156,1780986,0
2008,381,2,826,"H3","730449",8,27434,27434,705870,0
2008,381,1,757,"H3","730451",8,6,6,61555,0
2008,381,2,757,"H3","730451",8,87701,87701,633435,0
2008,381,2,757,"H3","730459",8,125757,125757,311803,0
2008,381,1,826,"H3","730459",8,90607,90607,482258,0
2008,381,2,826,"H3","730459",8,1800985,1800985,3547729,0
2008,381,1,757,"H3","730490",8,35442,35442,130837,0
2008,381,2,757,"H3","730490",8,131345,131345,528435,0
2008,381,1,826,"H3","730490",8,149326,149326,582498,0
2008,381,2,826,"H3","730490",8,43001,43001,156001,0
2008,381,1,757,"H3","7305",8,53,53,31991,0
2008,381,2,757,"H3","7305",8,428370,428370,1125685,0
2008,381,1,826,"H3","7305",8,723252,723252,1356416,0
2008,381,2,826,"H3","7305",8,4319210,4319210,18908787,0
2008,381,1,826,"H3","730512",8,205970,205970,281927,0
2008,381,1,757,"H3","730519",8,31,31,10092,0
2008,381,2,757,"H3","730519",8,245296,245296,550585,0
2008,381,1,826,"H3","730519",8,16655,16655,105587,0
2008,381,2,826,"H3","730519",8,300,300,86771,0
2008,381,2,757,"H3","730520",8,2338,2338,16745,0
2008,381,2,826,"H3","730520",8,92846,92846,972817,0
2008,381,2,757,"H3","730531",8,4429,4429,35848,0
2008,381,1,826,"H3","730531",8,314203,314203,549897,0
2008,381,2,826,"H3","730531",8,4143677,4143677,17792024,0
2008,381,2,757,"H3","730539",8,33860,33860,47320,0
2008,381,2,826,"H3","730539",8,80243,80243,54194,0
2008,381,1,757,"H3","730590",8,21,21,13204,0
2008,381,2,757,"H3","730590",8,83791,83791,351880,0
2008,381,2,826,"H3","730590",8,2144,2144,2980,0
2008,381,1,757,"H3","7306",8,47742697,47742697,82781515,0
2008,381,2,757,"H3","7306",8,45426162,45426162,100847290,0
2008,381,1,826,"H3","7306",8,15650880,15650880,23149151,0
2008,381,2,826,"H3","7306",8,33518813,33518813,116763826,0
2008,381,1,757,"H3","730611",8,58100,58100,62056,0
2008,381,2,757,"H3","730611",8,730793,730793,1858214,0
2008,381,2,757,"H3","730619",8,96140,96140,195264,0
2008,381,1,826,"H3","730619",8,356118,356118,933569,0
2008,381,2,826,"H3","730619",8,7640,7640,155818,0
2008,381,1,757,"H3","730621",8,1079,1079,6612,0
2008,381,1,826,"H3","730621",8,3000,3000,31568,0
2008,381,1,757,"H3","730629",8,2760,2760,9491,0
2008,381,2,757,"H3","730629",8,17844,17844,32998,0
2008,381,1,826,"H3","730629",8,2160,2160,1269,0
2008,381,1,757,"H3","730630",8,37257261,37257261,60803698,0
2008,381,2,757,"H3","730630",8,9066594,9066594,15011543,0
2008,381,1,826,"H3","730630",8,2032415,2032415,3215414,0
2008,381,2,826,"H3","730630",8,11941905,11941905,21723715,0
2008,381,1,757,"H3","730640",8,266230,266230,4852167,0
2008,381,2,757,"H3","730640",8,7243785,7243785,36049448,0
2008,381,1,826,"H3","730640",8,102542,102542,531426,0
2008,381,2,826,"H3","730640",8,11784524,11784524,63497860,0
2008,381,2,757,"H3","730650",8,935610,935610,1698312,0
2008,381,1,826,"H3","730650",8,13945,13945,85404,0
2008,381,2,826,"H3","730650",8,50689,50689,124307,0
2008,381,1,757,"H3","730661",8,7678607,7678607,12418843,0
2008,381,2,757,"H3","730661",8,16615138,16615138,29161713,0
2008,381,1,826,"H3","730661",8,12854026,12854026,16633224,0
2008,381,2,826,"H3","730661",8,6466913,6466913,23663252,0
2008,381,1,757,"H3","730669",8,2464670,2464670,4603370,0
2008,381,2,757,"H3","730669",8,7639817,7639817,11111727,0
2008,381,1,826,"H3","730669",8,224186,224186,1234616,0
2008,381,2,826,"H3","730669",8,2820425,2820425,3728572,0
2008,381,1,757,"H3","730690",8,13990,13990,25278,0
2008,381,2,757,"H3","730690",8,3080441,3080441,5728073,0
2008,381,1,826,"H3","730690",8,46748,46748,458303,0
2008,381,2,826,"H3","730690",8,252318,252318,1036231,0
2008,381,1,757,"H3","7307",8,114018,114018,3694832,0
2008,381,2,826,"H3","730611",8,194399,194399,2834072,0
2008,381,1,826,"H3","730611",8,15740,15740,24359,0
2008,381,1,826,"H3","730511",8,186424,186424,419005,0
2008,381,2,757,"H3","730511",8,58656,58656,123307,0
2008,381,1,757,"H3","730511",8,1,1,8695,0
2008,381,2,826,"H3","730451",8,222811,222811,1338773,0
2008,381,1,826,"H3","730451",8,8173,8173,44130,0
2008,381,2,757,"H3","7307",8,1359517,1359517,20275314,0
2008,381,1,826,"H3","7307",8,944203,944203,14981175,0
2008,381,2,826,"H3","7307",8,15685272,15685272,174329934,0
2008,381,1,757,"H3","730711",8,208,208,8440,0
2008,381,2,757,"H3","730711",8,130253,130253,3500358,0
2008,381,1,826,"H3","730711",8,44316,44316,238544,0
2008,381,2,826,"H3","730711",8,426309,426309,7230868,0
2008,381,1,757,"H3","730719",8,19536,19536,307117,0
2008,381,2,757,"H3","730719",8,286914,286914,3859928,0
2008,381,1,826,"H3","730719",8,89703,89703,1133557,0
2008,381,2,826,"H3","730719",8,367843,367843,3682419,0
2008,381,1,757,"H3","730721",8,9312,9312,367383,0
2008,381,2,757,"H3","730721",8,295340,295340,1989658,0
2008,381,1,826,"H3","730721",8,39171,39171,639238,0
2008,381,2,826,"H3","730721",8,891235,891235,17812784,0
2008,381,1,757,"H3","730722",8,1064,1064,208541,0
2008,381,2,757,"H3","730722",8,117714,117714,2212641,0
2008,381,1,826,"H3","730722",8,72826,72826,1336227,0
2008,381,2,826,"H3","730722",8,98333,98333,1677799,0
2008,381,1,757,"H3","730723",8,1336,1336,53320,0
2008,381,2,757,"H3","730723",8,906,906,75055,0
2008,381,1,826,"H3","730723",8,10507,10507,797355,0
2008,381,2,826,"H3","730723",8,253505,253505,14706136,0
2008,381,1,757,"H3","730729",8,43345,43345,1772047,0
2008,381,2,757,"H3","730729",8,74664,74664,1374728,0
2008,381,1,826,"H3","730729",8,199921,199921,6102143,0
2008,381,2,826,"H3","730729",8,132549,132549,1937406,0
2008,381,1,757,"H3","730791",8,28012,28012,385411,0
2008,381,2,757,"H3","730791",8,202587,202587,2002104,0
2008,381,1,826,"H3","730791",8,157153,157153,1834234,0
2008,381,2,826,"H3","730791",8,6271123,6271123,41615121,0
2008,381,1,757,"H3","730792",8,74,74,15853,0
2008,381,2,757,"H3","730792",8,16955,16955,409895,0
2008,381,1,826,"H3","730792",8,15311,15311,218884,0
2008,381,2,826,"H3","730792",8,462180,462180,7638365,0
2008,381,1,757,"H3","730793",8,1330,1330,55189,0
2008,381,2,757,"H3","730793",8,7720,7720,102040,0
2008,381,1,826,"H3","730793",8,166322,166322,908144,0
2008,381,2,826,"H3","730793",8,2326236,2326236,45765213,0
2008,381,1,757,"H3","730799",8,9801,9801,521532,0
2008,381,2,757,"H3","730799",8,226464,226464,4748908,0
2008,381,1,826,"H3","730799",8,148973,148973,1772849,0
2008,381,2,826,"H3","730799",8,4455959,4455959,32263823,0
2008,381,1,757,"H3","7308",8,5185401,5185401,15223627,6
2008,381,2,757,"H3","7308",8,22205547,22205547,86266070,0
2008,381,1,826,"H3","7308",8,2894109,2894109,13277601,6
2008,381,2,826,"H3","7308",8,8134708,8134708,27549110,6
2008,381,2,757,"H3","730810",8,277541,277541,876543,0
2008,381,2,826,"H3","730810",8,30502,30502,210209,0
2008,381,2,757,"H3","730820",8,742939,742939,2341147,0
2008,381,1,826,"H3","730820",8,332,332,155701,0
2008,381,2,826,"H3","730820",8,80441,80441,552670,0
2008,381,1,757,"H3","730830",8,441251,441251,1082880,6
2008,381,2,757,"H3","730830",8,419897,419897,4455085,0
2008,381,1,826,"H3","730830",8,99030,99030,482198,6
2008,381,2,826,"H3","730830",8,913845,913845,6413723,6
2008,381,1,757,"H3","730840",8,760999,760999,1559235,0
2008,381,2,757,"H3","730840",8,2941618,2941618,10334875,0
2008,381,1,826,"H3","730840",8,504715,504715,1669812,0
2008,381,2,826,"H3","730840",8,637761,637761,2320952,0
2008,381,1,757,"H3","730890",8,3983151,3983151,12581511,0
2008,381,2,757,"H3","730890",8,17823552,17823552,68258420,0
2008,381,1,826,"H3","730890",8,2290032,2290032,10969889,0
2008,381,2,826,"H3","730890",8,6472159,6472159,18051557,0
2008,381,1,757,"H3","7309",8,102955,102955,630391,0
2008,381,2,757,"H3","7309",8,1227180,1227180,13085143,0
2008,381,1,826,"H3","7309",8,43822,43822,320086,0
2008,381,2,826,"H3","7309",8,1168408,1168408,19071490,0
2008,381,1,757,"H3","730900",8,102955,102955,630391,0
2008,381,2,757,"H3","730900",8,1227180,1227180,13085143,0
2008,381,1,826,"H3","730900",8,43822,43822,320086,0
2008,381,2,826,"H3","730900",8,1168408,1168408,19071490,0
2008,381,1,757,"H3","7310",8,492330,492330,2004304,0
2008,381,2,757,"H3","7310",8,2399569,2399569,8979797,0
2008,381,1,826,"H3","7310",8,304468,304468,890008,0
2008,381,2,826,"H3","7310",8,6276393,6276393,19445267,0
2008,381,1,757,"H3","731010",8,415906,415906,1552770,0
2008,381,2,757,"H3","731010",8,1407232,1407232,5062843,0
2008,381,1,826,"H3","731010",8,266035,266035,683817,0
2008,381,2,826,"H3","731010",8,320523,320523,1639033,0
2008,381,1,757,"H3","731021",8,5644,5644,31834,0
2008,381,2,757,"H3","731021",8,232615,232615,1185826,0
2008,381,1,826,"H3","731021",8,14989,14989,83364,0
2008,381,2,826,"H3","731021",8,1420559,1420559,3303640,0
2008,381,1,757,"H3","731029",8,70780,70780,419700,0
2008,381,2,757,"H3","731029",8,759722,759722,2731129,0
2008,381,1,826,"H3","731029",8,23444,23444,122826,0
2008,381,2,826,"H3","731029",8,4535311,4535311,14502594,0
2008,381,1,757,"H3","7311",8,10367,10367,121571,0
2008,381,2,757,"H3","7311",8,462810,462810,2100861,0
2008,381,1,826,"H3","7311",8,69189,69189,2062504,0
2008,381,2,826,"H3","7311",8,3685132,3685132,24541792,0
2008,381,1,757,"H3","731100",8,10367,10367,121571,0
2008,381,2,757,"H3","731100",8,462810,462810,2100861,0
2008,381,1,826,"H3","731100",8,69189,69189,2062504,0
2008,381,2,826,"H3","731100",8,3685132,3685132,24541792,0
2008,381,1,757,"H3","7312",8,33986,33986,247162,0
2008,381,2,757,"H3","7312",8,1808170,1808170,3231443,0
2008,381,1,826,"H3","7312",8,317107,317107,2031594,0
2008,381,2,826,"H3","7312",8,1581519,1581519,5326592,0
2008,381,1,757,"H3","731210",8,31699,31699,171722,0
2008,381,2,757,"H3","731210",8,1793596,1793596,3068604,0
2008,381,1,826,"H3","731210",8,271581,271581,1732663,0
2008,381,2,826,"H3","731210",8,822278,822278,3191901,0
2008,381,1,757,"H3","731290",8,2287,2287,75440,0
2008,381,2,757,"H3","731290",8,14574,14574,162839,0
2008,381,1,826,"H3","731290",8,45526,45526,298931,0
2008,381,2,826,"H3","731290",8,759241,759241,2134691,0
2008,381,2,757,"H3","7313",8,34,34,7635,0
2008,381,1,826,"H3","7313",8,3060,3060,14262,0
2008,381,2,757,"H3","731300",8,34,34,7635,0
2008,381,1,826,"H3","731300",8,3060,3060,14262,0
2008,381,1,757,"H3","7314",8,118216,118216,20111864,0
2008,381,2,757,"H3","7314",8,8379580,8379580,13129991,0
2008,381,1,826,"H3","7314",8,165462,165462,767446,0
2008,381,2,826,"H3","7314",8,9643987,9643987,20425912,0
2008,381,1,757,"H3","731412",8,737,737,76093,0
2008,381,2,757,"H3","731412",8,41265,41265,490995,0
2008,381,1,826,"H3","731412",8,39177,39177,460265,0
2008,381,2,826,"H3","731412",8,119271,119271,2118836,0
2008,381,1,757,"H3","731414",8,21459,21459,16006748,0
2008,381,2,757,"H3","731414",8,5164,5164,120528,0
2008,381,1,826,"H3","731414",8,3601,3601,50871,0
2008,381,2,826,"H3","731414",8,15339,15339,269360,0
2008,381,1,757,"H3","731419",8,3796,3796,3631302,0
2008,381,2,757,"H3","731419",8,92565,92565,283876,0
2008,381,1,826,"H3","731419",8,497,497,7154,0
2008,381,2,826,"H3","731419",8,123942,123942,590187,0
2008,381,1,757,"H3","731420",8,8998,8998,15852,0
2008,381,2,757,"H3","731420",8,5326799,5326799,5732631,0
2008,381,1,826,"H3","731420",8,11219,11219,37100,0
2008,381,2,826,"H3","731420",8,9818,9818,64234,0
2008,381,1,757,"H3","731431",8,1000,1000,3000,0
2008,381,2,757,"H3","731431",8,235119,235119,382084,0
2008,381,2,826,"H3","731431",8,5529248,5529248,9226209,0
2008,381,1,757,"H3","731439",8,826,826,41300,0
2008,381,2,757,"H3","731439",8,590509,590509,1142414,0
2008,381,1,826,"H3","731439",8,92630,92630,119891,0
2008,381,2,826,"H3","731439",8,2655293,2655293,5349555,0
2008,381,1,757,"H3","731441",8,46914,46914,99567,0
2008,381,2,757,"H3","731441",8,126361,126361,329913,0
2008,381,1,826,"H3","731441",8,887,887,1768,0
2008,381,2,826,"H3","731441",8,676697,676697,1508449,0
2008,381,2,757,"H3","731442",8,25816,25816,57714,0
2008,381,1,826,"H3","731442",8,5749,5749,13002,0
2008,381,2,826,"H3","731442",8,263381,263381,511514,0
2008,381,1,757,"H3","731449",8,34390,34390,231508,0
2008,381,2,757,"H3","731449",8,418912,418912,1573314,0
2008,381,1,826,"H3","731449",8,6219,6219,40419,0
2008,381,2,826,"H3","731449",8,119629,119629,406148,0
2008,381,1,757,"H3","731450",8,96,96,6494,0
2008,381,2,757,"H3","731450",8,1517070,1517070,3016521,0
2008,381,1,826,"H3","731450",8,5483,5483,36978,0
2008,381,2,826,"H3","731450",8,131369,131369,381420,0
2008,381,1,757,"H3","7315",8,9705,9705,196225,0
2008,381,2,757,"H3","7315",8,628705,628705,4876585,0
2008,381,1,826,"H3","7315",8,330612,330612,2273982,0
2008,381,2,826,"H3","7315",8,2107973,2107973,18844562,0
2008,381,1,757,"H3","731511",8,1525,1525,32239,0
2008,381,2,757,"H3","731511",8,16381,16381,255862,0
2008,381,1,826,"H3","731511",8,281652,281652,1784413,0
2008,381,2,826,"H3","731511",8,417312,417312,5878550,0
2008,381,1,757,"H3","731512",8,313,313,51379,0
2008,381,2,757,"H3","731512",8,37453,37453,310765,0
2008,381,1,826,"H3","731512",8,27656,27656,298172,0
2008,381,2,826,"H3","731512",8,316199,316199,6296570,0
2008,381,2,757,"H3","731519",8,25865,25865,204997,0
2008,381,1,826,"H3","731519",8,7094,7094,80980,0
2008,381,2,826,"H3","731519",8,24959,24959,180988,0
2008,381,1,757,"H3","731520",8,4854,4854,99492,0
2008,381,2,757,"H3","731520",8,248157,248157,2467134,0
2008,381,1,826,"H3","731520",8,535,535,5072,0
2008,381,2,826,"H3","731520",8,37316,37316,356653,0
2008,381,2,757,"H3","731581",8,42873,42873,263993,0
2008,381,1,826,"H3","731581",8,6271,6271,21336,0
2008,381,2,826,"H3","731581",8,25039,25039,189626,0
2008,381,1,757,"H3","731582",8,2750,2750,6935,0
2008,381,2,757,"H3","731582",8,65383,65383,222111,0
2008,381,2,826,"H3","731582",8,544026,544026,1577129,0
2008,381,1,757,"H3","731589",8,260,260,3495,0
2008,381,2,757,"H3","731589",8,187902,187902,1106816,0
2008,381,1,826,"H3","731589",8,2682,2682,16593,0
2008,381,2,826,"H3","731589",8,670407,670407,3780326,0
2008,381,1,757,"H3","731590",8,3,3,2686,0
2008,381,2,757,"H3","731590",8,4691,4691,44906,0
2008,381,1,826,"H3","731590",8,4722,4722,67417,0
2008,381,2,826,"H3","731590",8,72715,72715,584718,0
2008,381,1,757,"H3","7316",8,2190,2190,11893,0
2008,381,2,757,"H3","7316",8,4134,4134,48389,0
2008,381,1,826,"H3","7316",8,33616,33616,276542,0
2008,381,2,826,"H3","7316",8,6758,6758,24377,0
2008,381,1,757,"H3","731600",8,2190,2190,11893,0
2008,381,2,757,"H3","731600",8,4134,4134,48389,0
2008,381,1,826,"H3","731600",8,33616,33616,276542,0
2008,381,2,826,"H3","731600",8,6758,6758,24377,0
2008,381,1,757,"H3","7317",8,59211,59211,1543624,0
2008,381,2,757,"H3","7317",8,366516,366516,721688,0
2008,381,1,826,"H3","7317",8,349515,349515,924313,0
2008,381,2,826,"H3","7317",8,314234,314234,1346076,0
2008,381,1,757,"H3","731700",8,59211,59211,1543624,0
2008,381,2,757,"H3","731700",8,366516,366516,721688,0
2008,381,1,826,"H3","731700",8,349515,349515,924313,0
2008,381,2,826,"H3","731700",8,314234,314234,1346076,0
2008,381,1,757,"H3","7318",8,3319846,3319846,22175095,0
2008,381,2,757,"H3","7318",8,4526749,4526749,27525069,0
2008,381,1,826,"H3","7318",8,1384140,1384140,25772182,0
2008,381,2,826,"H3","7318",8,16937414,16937414,87496017,0
2008,381,1,757,"H3","731811",8,20,20,3421,0
2008,381,2,757,"H3","731811",8,2032,2032,45965,0
2008,381,1,826,"H3","731811",8,19458,19458,85396,0
2008,381,2,826,"H3","731811",8,3140,3140,9210,0
2008,381,1,757,"H3","731812",8,1764,1764,55333,0
2008,381,2,757,"H3","731812",8,84451,84451,488686,0
2008,381,1,826,"H3","731812",8,21610,21610,427674,0
2008,381,2,826,"H3","731812",8,246377,246377,1073545,0
2008,381,1,757,"H3","731813",8,267,267,6389,0
2008,381,2,757,"H3","731813",8,22544,22544,176179,0
2008,381,1,826,"H3","731813",8,805,805,4474,0
2008,381,2,826,"H3","731813",8,47586,47586,180883,0
2008,381,1,757,"H3","731814",8,47948,47948,727024,0
2008,381,2,757,"H3","731814",8,232073,232073,1121710,0
2008,381,1,826,"H3","731814",8,25936,25936,156268,0
2008,381,2,826,"H3","731814",8,801831,801831,3439238,0
2008,381,1,757,"H3","731815",8,2153586,2153586,10652370,0
2008,381,2,757,"H3","731815",8,3408391,3408391,17674146,0
2008,381,1,826,"H3","731815",8,556664,556664,9930588,0
2008,381,2,826,"H3","731815",8,13909150,13909150,64531451,0
2008,381,1,757,"H3","731816",8,20525,20525,380160,0
2008,381,2,757,"H3","731816",8,115258,115258,1757028,0
2008,381,1,826,"H3","731816",8,110206,110206,2521148,0
2008,381,2,826,"H3","731816",8,1240201,1240201,11264483,0
2008,381,1,757,"H3","731819",8,1014661,1014661,6440849,0
2008,381,2,757,"H3","731819",8,103616,103616,835250,0
2008,381,1,826,"H3","731819",8,63464,63464,2738154,0
2008,381,2,826,"H3","731819",8,239095,239095,3302853,0
2008,381,1,757,"H3","731821",8,6513,6513,183647,0
2008,381,2,757,"H3","731821",8,130834,130834,1477613,0
2008,381,1,826,"H3","731821",8,13787,13787,260767,0
2008,381,2,826,"H3","731821",8,64877,64877,550640,0
2008,381,1,757,"H3","731822",8,12073,12073,219036,0
2008,381,2,757,"H3","731822",8,132082,132082,1082387,0
2008,381,1,826,"H3","731822",8,95152,95152,1941270,0
2008,381,2,826,"H3","731822",8,211475,211475,1008846,0
2008,381,1,757,"H3","731823",8,2452,2452,124199,0
2008,381,2,757,"H3","731823",8,922,922,17187,0
2008,381,1,826,"H3","731823",8,18061,18061,228259,0
2008,381,2,826,"H3","731823",8,3933,3933,19333,0
2008,381,1,757,"H3","731824",8,8940,8940,268612,0
2008,381,2,757,"H3","731824",8,8966,8966,33797,0
2008,381,1,826,"H3","731824",8,7098,7098,311988,0
2008,381,2,826,"H3","731824",8,42487,42487,449090,0
2008,381,1,757,"H3","731829",8,51097,51097,3114056,0
2008,381,2,757,"H3","731829",8,285580,285580,2815123,0
2008,381,1,826,"H3","731829",8,451899,451899,7166196,0
2008,381,2,826,"H3","731829",8,127262,127262,1666446,0
2008,381,1,757,"H3","7319",8,753,753,32667,0
2008,381,2,757,"H3","7319",8,3375,3375,966074,0
2008,381,1,826,"H3","7319",8,17036,17036,440905,0
2008,381,2,826,"H3","7319",8,3444,3444,52528,0
2008,381,1,757,"H3","731920",8,738,738,14052,0
2008,381,1,826,"H3","731920",8,1755,1755,30566,0
2008,381,2,826,"H3","731920",8,7,7,134,0
2008,381,1,757,"H3","731930",8,15,15,18615,0
2008,381,2,757,"H3","731930",8,1620,1620,669858,0
2008,381,1,826,"H3","731930",8,2851,2851,100991,0
2008,381,2,826,"H3","731930",8,40,40,523,0
2008,381,2,757,"H3","731990",8,1755,1755,296216,0
2008,381,1,826,"H3","731990",8,12430,12430,309348,0
2008,381,2,826,"H3","731990",8,3397,3397,51872,0
2008,381,1,757,"H3","7320",8,1176869,1176869,11429213,0
2008,381,2,757,"H3","7320",8,589297,589297,5302981,0
2008,381,1,826,"H3","7320",8,1656776,1656776,10410053,0
2008,381,2,826,"H3","7320",8,963306,963306,5483615,0
2008,381,1,757,"H3","732010",8,32,32,36950,0
2008,381,2,757,"H3","732010",8,20640,20640,235236,0
2008,381,1,826,"H3","732010",8,40566,40566,394423,0
2008,381,2,826,"H3","732010",8,209722,209722,869269,0
2008,381,1,757,"H3","732020",8,804858,804858,7890027,0
2008,381,2,757,"H3","732020",8,147683,147683,1330375,0
2008,381,1,826,"H3","732020",8,1039526,1039526,5542840,0
2008,381,2,826,"H3","732020",8,141540,141540,879525,0
2008,381,1,757,"H3","732090",8,371979,371979,3502236,0
2008,381,2,757,"H3","732090",8,420974,420974,3737370,0
2008,381,1,826,"H3","732090",8,576684,576684,4472790,0
2008,381,2,826,"H3","732090",8,612044,612044,3734821,0
2008,381,1,757,"H3","7321",1,,392995,3662816,0
2008,381,2,757,"H3","7321",1,,1762874,11519212,0
2008,381,1,826,"H3","7321",1,,347944,5488739,4
2008,381,2,826,"H3","7321",1,,,95279652,0
2008,381,1,757,"H3","732111",5,1651,46803,664274,0
2008,381,2,757,"H3","732111",5,8492,152685,1489587,0
2008,381,1,826,"H3","732111",5,2650,59154,283330,4
2008,381,2,826,"H3","732111",5,356486,7003750,62960026,4
2008,381,2,757,"H3","732112",5,3415,241377,253484,0
2008,381,2,826,"H3","732112",5,38,78,589,4
2008,381,1,757,"H3","732119",5,24,500,3964,0
2008,381,2,757,"H3","732119",5,3074,93256,750082,0
2008,381,1,826,"H3","732119",5,6365,64995,176578,4
2008,381,2,826,"H3","732119",5,73,,195014,0
2008,381,2,757,"H3","732181",5,2553,51089,488993,0
2008,381,1,826,"H3","732181",5,1187,83327,371734,4
2008,381,2,826,"H3","732181",5,46220,2483226,19792134,4
2008,381,1,757,"H3","732182",5,19662,209297,1687348,0
2008,381,2,757,"H3","732182",5,2584,26951,292640,0
2008,381,1,826,"H3","732182",5,70,26250,176384,4
2008,381,2,826,"H3","732182",5,388,2819,24877,4
2008,381,1,757,"H3","732189",5,11013,111191,1072124,0
2008,381,2,757,"H3","732189",5,67729,1049579,6663974,0
2008,381,1,826,"H3","732189",5,25,1699,6618,4
2008,381,2,826,"H3","732189",5,1622,,1410360,0
2008,381,1,757,"H3","732190",8,25204,25204,235105,0
2008,381,2,757,"H3","732190",8,147937,147937,1580453,0
2008,381,1,826,"H3","732190",8,112519,112519,4474097,0
2008,381,2,826,"H3","732190",8,2110629,2110629,10896652,0
2008,381,1,757,"H3","7322",8,176893,176893,2065550,0
2008,381,2,757,"H3","7322",8,210204,210204,2983817,0
2008,381,1,826,"H3","7322",8,5679,5679,197703,0
2008,381,2,826,"H3","7322",8,14972137,14972137,55376413,0
2008,381,2,757,"H3","732211",8,5831,5831,41982,0
2008,381,2,826,"H3","732211",8,391789,391789,839051,0
2008,381,1,757,"H3","732219",8,175288,175288,2057804,0
2008,381,2,757,"H3","732219",8,31010,31010,459909,0
2008,381,1,826,"H3","732219",8,3415,3415,147131,0
2008,381,2,826,"H3","732219",8,14100483,14100483,49617601,0
2008,381,1,757,"H3","732290",8,1605,1605,7745,0
2008,381,2,757,"H3","732290",8,173363,173363,2481926,0
2008,381,1,826,"H3","732290",8,2264,2264,50573,0
2008,381,2,826,"H3","732290",8,479865,479865,4919762,0
2008,381,1,757,"H3","7323",8,66939,66939,853973,0
2008,381,2,757,"H3","7323",8,2689449,2689449,41378006,0
2008,381,1,826,"H3","7323",8,85331,85331,710439,0
2008,381,2,826,"H3","7323",8,1408098,1408098,9416303,0
2008,381,2,757,"H3","732310",8,12732,12732,53444,0
2008,381,1,826,"H3","732310",8,977,977,5506,0
2008,381,2,826,"H3","732310",8,48997,48997,188883,0
2008,381,1,757,"H3","732391",8,70,70,2401,0
2008,381,2,757,"H3","732391",8,1080,1080,14292,0
2008,381,1,826,"H3","732391",8,94,94,188,0
2008,381,2,826,"H3","732391",8,692,692,7997,0
2008,381,1,757,"H3","732392",8,400,400,3148,0
2008,381,2,757,"H3","732392",8,413,413,17555,0
2008,381,1,826,"H3","732392",8,40,40,377,0
2008,381,2,826,"H3","732392",8,260,260,1219,0
2008,381,1,757,"H3","732393",8,32422,32422,625859,0
2008,381,2,757,"H3","732393",8,1419482,1419482,34281410,0
2008,381,1,826,"H3","732393",8,14897,14897,259162,0
2008,381,2,826,"H3","732393",8,204218,204218,4616529,0
2008,381,1,757,"H3","732394",8,375,375,2426,0
2008,381,2,757,"H3","732394",8,24816,24816,343460,0
2008,381,1,826,"H3","732394",8,982,982,7750,0
2008,381,2,826,"H3","732394",8,31857,31857,242167,0
2008,381,1,757,"H3","732399",8,33672,33672,220139,0
2008,381,2,757,"H3","732399",8,1230926,1230926,6667845,0
2008,381,1,826,"H3","732399",8,68341,68341,437456,0
2008,381,2,826,"H3","732399",8,1122074,1122074,4359508,0
2008,381,1,757,"H3","7324",8,35615,35615,1308856,6
2008,381,2,757,"H3","7324",8,583282,583282,9640593,0
2008,381,1,826,"H3","7324",8,79842,79842,512712,6
2008,381,2,826,"H3","7324",8,408283,408283,6571045,6
2008,381,1,757,"H3","732410",8,27211,27211,1095351,0
2008,381,2,757,"H3","732410",8,479737,479737,7692289,0
2008,381,1,826,"H3","732410",8,218,218,6422,0
2008,381,2,826,"H3","732410",8,224499,224499,4795713,0
2008,381,1,757,"H3","732421",8,70,70,10205,6
2008,381,2,757,"H3","732421",8,2724,2724,82124,0
2008,381,1,826,"H3","732421",8,66207,66207,153973,6
2008,381,2,826,"H3","732421",8,3339,3339,11283,6
2008,381,1,757,"H3","732429",8,2500,2500,8883,6
2008,381,2,757,"H3","732429",8,48734,48734,482869,0
2008,381,1,826,"H3","732429",8,6804,6804,20694,6
2008,381,2,826,"H3","732429",8,116224,116224,521261,6
2008,381,1,757,"H3","732490",8,5834,5834,194417,0
2008,381,2,757,"H3","732490",8,52087,52087,1383311,0
2008,381,1,826,"H3","732490",8,6613,6613,331623,0
2008,381,2,826,"H3","732490",8,64221,64221,1242788,0
2008,381,1,757,"H3","7325",8,692144,692144,1589611,0
2008,381,2,757,"H3","7325",8,3314871,3314871,22886732,0
2008,381,1,826,"H3","7325",8,2476229,2476229,5540403,6
2008,381,2,826,"H3","7325",8,10272974,10272974,25151222,6
2008,381,1,757,"H3","732510",8,124015,124015,487575,0
2008,381,2,757,"H3","732510",8,2102660,2102660,6840163,0
2008,381,1,826,"H3","732510",8,1182482,1182482,1824909,6
2008,381,2,826,"H3","732510",8,904626,904626,2318529,6
2008,381,1,757,"H3","732599",8,568129,568129,1102036,0
2008,381,2,757,"H3","732599",8,1212211,1212211,16046570,0
2008,381,1,826,"H3","732599",8,1031747,1031747,3220487,0
2008,381,2,826,"H3","732599",8,9368348,9368348,22832692,0
2008,381,1,757,"H3","7326",8,2602927,2602927,17510436,0
2008,381,2,757,"H3","7326",8,23895862,23895862,136361461,0
2008,381,1,826,"H3","7326",8,1680778,1680778,16790535,0
2008,381,2,826,"H3","7326",8,37206045,37206045,231828410,0
2008,381,1,757,"H3","732619",8,301518,301518,1832500,0
2008,381,2,757,"H3","732619",8,2473567,2473567,16397937,0
2008,381,1,826,"H3","732619",8,294776,294776,3470958,0
2008,381,2,826,"H3","732619",8,13716491,13716491,74002815,0
2008,381,1,757,"H3","732620",8,103582,103582,826496,0
2008,381,2,757,"H3","732620",8,656800,656800,3997577,0
2008,381,1,826,"H3","732620",8,82380,82380,505660,0
2008,381,2,826,"H3","732620",8,952610,952610,6725066,0
2008,381,1,757,"H3","732690",8,2196013,2196013,14788993,0
2008,381,2,757,"H3","732690",8,20765495,20765495,115965947,0
2008,381,1,826,"H3","732690",8,1303622,1303622,12813917,0
2008,381,2,826,"H3","732690",8,22536944,22536944,151100530,0
2008,381,1,757,"H3","74",1,,,86672693,0
2008,381,2,757,"H3","74",1,,,111370992,0
2008,381,1,826,"H3","74",1,,,78183180,0
2008,381,2,826,"H3","74",1,,,173312834,0
2008,381,1,826,"H3","7402",8,2475,2475,309909,0
2008,381,2,826,"H3","7402",8,5428,5428,11641,0
2008,381,1,826,"H3","740200",8,2475,2475,309909,0
2008,381,2,826,"H3","740200",8,5428,5428,11641,0
2008,381,1,757,"H3","7403",8,9273,9273,95579,0
2008,381,2,757,"H3","7403",8,487457,487457,5141632,0
2008,381,1,826,"H3","7403",8,583572,583572,4645798,0
2008,381,2,826,"H3","7403",8,39645,39645,673652,0
2008,381,2,757,"H3","740311",8,4814,4814,44887,0
2008,381,1,826,"H3","740311",8,225771,225771,1746563,0
2008,381,2,757,"H3","740319",8,4637,4637,122594,0
2008,381,1,826,"H3","740319",8,10701,10701,96682,0
2008,381,2,826,"H3","740319",8,5,5,13,0
2008,381,1,757,"H3","740321",8,18,18,1526,0
2008,381,2,757,"H3","740321",8,72420,72420,958483,0
2008,381,1,826,"H3","740321",8,6188,6188,56114,0
2008,381,2,826,"H3","740321",8,12001,12001,74815,0
2008,381,1,757,"H3","740322",8,7681,7681,69687,0
2008,381,2,757,"H3","740322",8,226527,226527,2290607,0
2008,381,1,826,"H3","740322",8,262284,262284,2025389,0
2008,381,2,826,"H3","740322",8,1063,1063,26815,0
2008,381,1,757,"H3","740329",8,1574,1574,24366,0
2008,381,2,757,"H3","740329",8,179059,179059,1725061,0
2008,381,1,826,"H3","740329",8,71373,71373,602933,0
2008,381,2,826,"H3","740329",8,26406,26406,571472,0
2008,381,1,757,"H3","7404",8,10195382,10195382,52716995,0
2008,381,2,757,"H3","7404",8,846669,846669,4889431,0
2008,381,1,826,"H3","7404",8,7247026,7247026,39960705,0
2008,381,2,826,"H3","7404",8,3080541,3080541,7036848,0
2008,381,1,757,"H3","740400",8,10195382,10195382,52716995,0
2008,381,2,757,"H3","740400",8,846669,846669,4889431,0
2008,381,1,826,"H3","740400",8,7247026,7247026,39960705,0
2008,381,2,826,"H3","740400",8,3080541,3080541,7036848,0
2008,381,1,826,"H3","7405",8,20474,20474,197430,0
2008,381,2,826,"H3","7405",8,1075,1075,14979,0
2008,381,1,826,"H3","740500",8,20474,20474,197430,0
2008,381,2,826,"H3","740500",8,1075,1075,14979,0
2008,381,1,757,"H3","7406",8,1500,1500,67968,0
2008,381,2,757,"H3","7406",8,1225,1225,10028,0
2008,381,1,826,"H3","7406",8,185755,185755,2196244,0
2008,381,2,826,"H3","7406",8,622241,622241,5828517,0
2008,381,1,757,"H3","740610",8,1500,1500,67968,0
2008,381,1,826,"H3","740313",8,7255,7255,118117,0
2008,381,2,826,"H3","740312",8,170,170,536,0
2008,381,2,757,"H3","740100",8,1987,1987,32022,0
2008,381,2,757,"H3","7401",8,1987,1987,32022,0
2008,381,1,757,"H3","732611",8,1814,1814,62447,0
2008,381,1,826,"H3","732591",8,262000,262000,495008,0
2008,381,2,757,"H3","740610",8,1225,1225,10028,0
2008,381,1,826,"H3","740610",8,185755,185755,2196244,0
2008,381,2,826,"H3","740610",8,621127,621127,5814698,0
2008,381,2,826,"H3","740620",8,1114,1114,13819,0
2008,381,1,757,"H3","7407",8,1241801,1241801,16494700,0
2008,381,2,757,"H3","7407",8,2131776,2131776,15801848,0
2008,381,1,826,"H3","7407",8,255545,255545,1668607,0
2008,381,2,826,"H3","7407",8,2295943,2295943,17137661,0
2008,381,1,757,"H3","740710",8,909122,909122,10462043,0
2008,381,2,757,"H3","740710",8,255984,255984,2393430,0
2008,381,1,826,"H3","740710",8,6293,6293,168484,0
2008,381,2,826,"H3","740710",8,986808,986808,7949953,0
2008,381,1,757,"H3","740721",8,100063,100063,1008219,0
2008,381,2,757,"H3","740721",8,1860365,1860365,13096071,0
2008,381,1,826,"H3","740721",8,18058,18058,204888,0
2008,381,2,826,"H3","740721",8,1307262,1307262,9071701,0
2008,381,1,757,"H3","740729",8,232616,232616,5024438,0
2008,381,2,757,"H3","740729",8,15427,15427,312347,0
2008,381,1,826,"H3","740729",8,231194,231194,1295235,0
2008,381,2,826,"H3","740729",8,1873,1873,116007,0
2008,381,1,757,"H3","7408",8,172663,172663,2306323,0
2008,381,2,757,"H3","7408",8,2715001,2715001,21236813,0
2008,381,1,826,"H3","7408",8,643105,643105,5848166,0
2008,381,2,826,"H3","7408",8,3949372,3949372,29852670,0
2008,381,2,757,"H3","740811",8,2127175,2127175,16084869,0
2008,381,1,826,"H3","740811",8,544872,544872,4367231,0
2008,381,2,826,"H3","740811",8,599911,599911,3751435,0
2008,381,1,757,"H3","740819",8,7044,7044,120559,0
2008,381,2,757,"H3","740819",8,415872,415872,3617329,0
2008,381,1,826,"H3","740819",8,34216,34216,444370,0
2008,381,2,826,"H3","740819",8,2806741,2806741,22460994,0
2008,381,1,757,"H3","740821",8,80700,80700,941781,0
2008,381,2,757,"H3","740821",8,126660,126660,1263769,0
2008,381,1,826,"H3","740821",8,35994,35994,334524,0
2008,381,2,826,"H3","740821",8,527227,527227,3439860,0
2008,381,1,757,"H3","740822",8,82617,82617,1131631,0
2008,381,2,757,"H3","740822",8,558,558,12904,0
2008,381,1,826,"H3","740822",8,8100,8100,395476,0
2008,381,2,826,"H3","740822",8,50,50,3844,0
2008,381,1,757,"H3","740829",8,2302,2302,112351,0
2008,381,2,757,"H3","740829",8,44736,44736,257941,0
2008,381,1,826,"H3","740829",8,19923,19923,306565,0
2008,381,2,826,"H3","740829",8,15443,15443,196537,0
2008,381,1,757,"H3","7409",8,103160,103160,1962294,0
2008,381,2,757,"H3","7409",8,3404958,3404958,29081189,0
2008,381,1,826,"H3","7409",8,1808728,1808728,16019709,0
2008,381,2,826,"H3","7409",8,4258655,4258655,35682729,0
2008,381,1,757,"H3","740911",8,35226,35226,303985,0
2008,381,2,757,"H3","740911",8,1565567,1565567,13226408,0
2008,381,1,826,"H3","740911",8,12593,12593,140908,0
2008,381,2,826,"H3","740911",8,1497241,1497241,12603883,0
2008,381,1,757,"H3","740919",8,14709,14709,152064,0
2008,381,2,757,"H3","740919",8,407088,407088,3571890,0
2008,381,1,826,"H3","740919",8,938341,938341,7006219,0
2008,381,2,826,"H3","740919",8,2090215,2090215,17975770,0
2008,381,2,757,"H3","740921",8,1045498,1045498,7915409,0
2008,381,1,826,"H3","740921",8,59932,59932,389697,0
2008,381,2,826,"H3","740921",8,139950,139950,1106411,0
2008,381,1,757,"H3","740929",8,39411,39411,1021531,0
2008,381,2,757,"H3","740929",8,134890,134890,1019643,0
2008,381,1,826,"H3","740929",8,21988,21988,217489,0
2008,381,2,826,"H3","740929",8,530966,530966,3994815,0
2008,381,2,757,"H3","740931",8,195047,195047,1646612,0
2008,381,1,826,"H3","740931",8,23417,23417,379511,0
2008,381,1,757,"H3","740939",8,1677,1677,154111,0
2008,381,2,757,"H3","740939",8,13365,13365,138684,0
2008,381,1,826,"H3","740939",8,30519,30519,311762,0
2008,381,2,757,"H3","740940",8,1192,1192,10612,0
2008,381,1,826,"H3","740940",8,716175,716175,7450402,0
2008,381,1,757,"H3","740990",8,12137,12137,330604,0
2008,381,2,757,"H3","740990",8,42311,42311,1551932,0
2008,381,1,826,"H3","740990",8,5763,5763,123720,0
2008,381,2,826,"H3","740990",8,283,283,1850,0
2008,381,1,757,"H3","7410",8,5855,5855,85637,0
2008,381,2,757,"H3","7410",8,127730,127730,3484774,0
2008,381,1,826,"H3","7410",8,70941,70941,999296,0
2008,381,2,826,"H3","7410",8,181048,181048,2765811,0
2008,381,1,757,"H3","741011",8,243,243,4443,0
2008,381,2,757,"H3","741011",8,68974,68974,2807920,0
2008,381,1,826,"H3","741011",8,48299,48299,567257,0
2008,381,2,826,"H3","741011",8,48483,48483,542935,0
2008,381,1,757,"H3","741012",8,5612,5612,81194,0
2008,381,2,757,"H3","741012",8,6136,6136,35773,0
2008,381,1,826,"H3","741012",8,299,299,3546,0
2008,381,2,826,"H3","741012",8,545,545,101048,0
2008,381,2,757,"H3","741021",8,50738,50738,619970,0
2008,381,1,826,"H3","741021",8,22343,22343,428494,0
2008,381,2,826,"H3","741021",8,118962,118962,1914123,0
2008,381,2,757,"H3","741022",8,1882,1882,21111,0
2008,381,2,826,"H3","741022",8,13058,13058,207705,0
2008,381,1,757,"H3","7411",8,33193,33193,1884334,0
2008,381,2,757,"H3","7411",8,640720,640720,6649901,0
2008,381,1,826,"H3","7411",8,149783,149783,1394653,0
2008,381,2,826,"H3","7411",8,4000696,4000696,41064521,0
2008,381,1,757,"H3","741110",8,10242,10242,203561,0
2008,381,2,757,"H3","741110",8,543096,543096,5387904,0
2008,381,1,826,"H3","741110",8,145633,145633,1330192,0
2008,381,2,826,"H3","741110",8,3560322,3560322,33359868,0
2008,381,1,757,"H3","741121",8,6298,6298,557208,0
2008,381,2,757,"H3","741121",8,9748,9748,183414,0
2008,381,1,826,"H3","741121",8,2531,2531,37969,0
2008,381,2,826,"H3","741121",8,95492,95492,1041791,0
2008,381,1,757,"H3","741122",8,57,57,3163,0
2008,381,1,826,"H3","741122",8,214,214,7988,0
2008,381,2,826,"H3","741122",8,265268,265268,5171399,0
2008,381,1,757,"H3","741129",8,16596,16596,1120403,0
2008,381,2,757,"H3","741129",8,87876,87876,1078582,0
2008,381,1,826,"H3","741129",8,1405,1405,18505,0
2008,381,2,826,"H3","741129",8,79614,79614,1491464,0
2008,381,1,757,"H3","7412",8,65072,65072,2083281,0
2008,381,2,757,"H3","7412",8,348047,348047,6730423,0
2008,381,1,826,"H3","7412",8,51055,51055,1140593,0
2008,381,2,826,"H3","7412",8,538552,538552,12320470,0
2008,381,1,757,"H3","741210",8,2404,2404,104032,0
2008,381,2,757,"H3","741210",8,20631,20631,171467,0
2008,381,1,826,"H3","741210",8,11401,11401,135715,0
2008,381,2,826,"H3","741210",8,117456,117456,2926746,0
2008,381,1,757,"H3","741220",8,62668,62668,1979249,0
2008,381,2,757,"H3","741220",8,327416,327416,6558956,0
2008,381,1,826,"H3","741220",8,39654,39654,1004879,0
2008,381,2,826,"H3","741220",8,421096,421096,9393724,0
2008,381,1,757,"H3","7413",8,119,119,9438,0
2008,381,2,757,"H3","7413",8,36250,36250,880868,0
2008,381,1,826,"H3","7413",8,30697,30697,456816,0
2008,381,2,826,"H3","7413",8,1159293,1159293,9203281,0
2008,381,1,757,"H3","741300",8,119,119,9438,0
2008,381,2,757,"H3","741300",8,36250,36250,880868,0
2008,381,1,826,"H3","741300",8,30697,30697,456816,0
2008,381,2,826,"H3","741300",8,1159293,1159293,9203281,0
2008,381,1,757,"H3","7415",8,24363,24363,2247531,0
2008,381,2,757,"H3","7415",8,45874,45874,967133,0
2008,381,1,826,"H3","7415",8,42846,42846,776046,0
2008,381,2,826,"H3","7415",8,160480,160480,3418448,0
2008,381,1,757,"H3","741510",8,1602,1602,49046,0
2008,381,2,757,"H3","741510",8,592,592,77123,0
2008,381,1,826,"H3","741510",8,3903,3903,135342,0
2008,381,2,826,"H3","741510",8,68,68,1136,0
2008,381,1,757,"H3","741521",8,259,259,14231,0
2008,381,2,757,"H3","741521",8,306,306,2239,0
2008,381,1,826,"H3","741521",8,662,662,27594,0
2008,381,2,826,"H3","741521",8,61,61,1639,0
2008,381,1,757,"H3","741529",8,4049,4049,702944,0
2008,381,2,757,"H3","741529",8,4557,4557,74607,0
2008,381,1,826,"H3","741529",8,1146,1146,30090,0
2008,381,2,826,"H3","741529",8,4277,4277,50822,0
2008,381,1,757,"H3","741533",8,2823,2823,184769,0
2008,381,2,757,"H3","741533",8,29507,29507,588603,0
2008,381,1,826,"H3","741533",8,33266,33266,382674,0
2008,381,2,826,"H3","741533",8,54890,54890,1000981,0
2008,381,1,757,"H3","741539",8,15630,15630,1296541,0
2008,381,2,757,"H3","741539",8,10912,10912,224560,0
2008,381,1,826,"H3","741539",8,3869,3869,200346,0
2008,381,2,826,"H3","741539",8,101184,101184,2363871,0
2008,381,1,757,"H3","7418",8,1666,1666,7830,0
2008,381,2,757,"H3","7418",8,93523,93523,2952519,0
2008,381,1,826,"H3","7418",8,981,981,19103,0
2008,381,2,826,"H3","7418",8,43917,43917,1831713,0
2008,381,1,757,"H3","741811",8,31,31,3737,0
2008,381,2,757,"H3","741811",8,736,736,15415,0
2008,381,1,826,"H3","741811",8,75,75,1805,0
2008,381,2,826,"H3","741811",8,2397,2397,18527,0
2008,381,2,757,"H3","741819",8,7383,7383,187371,0
2008,381,2,826,"H3","741819",8,1046,1046,26091,0
2008,381,1,757,"H3","741820",8,1635,1635,4094,0
2008,381,2,757,"H3","741820",8,85404,85404,2749734,0
2008,381,1,826,"H3","741820",8,906,906,17298,0
2008,381,2,826,"H3","741820",8,40474,40474,1787094,0
2008,381,1,757,"H3","7419",8,396970,396970,6710784,0
2008,381,2,757,"H3","7419",8,792285,792285,13512411,0
2008,381,1,826,"H3","7419",8,123174,123174,1186564,0
2008,381,2,826,"H3","7419",8,460592,460592,5553569,0
2008,381,1,757,"H3","741910",8,16,16,4543,0
2008,381,2,757,"H3","741910",8,3578,3578,80497,0
2008,381,1,826,"H3","741910",8,5476,5476,139709,0
2008,381,2,826,"H3","741910",8,117987,117987,572045,0
2008,381,1,757,"H3","741991",8,26413,26413,558972,0
2008,381,2,757,"H3","741991",8,167893,167893,3633537,0
2008,381,1,826,"H3","741991",8,2364,2364,88293,0
2008,381,2,826,"H3","741991",8,136371,136371,1792541,0
2008,381,1,757,"H3","741999",8,370541,370541,6147268,0
2008,381,2,757,"H3","741999",8,620814,620814,9798377,0
2008,381,1,826,"H3","741999",8,115334,115334,958563,0
2008,381,2,826,"H3","741999",8,206234,206234,3188984,0
2008,381,1,757,"H3","75",1,,,16385553,0
2008,381,2,757,"H3","75",1,,,3504262,0
2008,381,1,826,"H3","75",1,,,167012593,0
2008,381,2,826,"H3","75",1,,,36336665,0
2008,381,1,826,"H3","7501",8,30,30,4550,0
2008,381,2,826,"H3","7501",8,3,3,87,0
2008,381,2,826,"H3","750110",8,3,3,87,0
2008,381,1,826,"H3","750120",8,30,30,4550,0
2008,381,1,757,"H3","7502",8,38,38,1744,0
2008,381,2,757,"H3","7502",8,17390,17390,368148,0
2008,381,1,826,"H3","7502",8,5476424,5476424,127770735,0
2008,381,2,826,"H3","7502",8,8090,8090,260227,0
2008,381,1,757,"H3","750210",8,38,38,1744,0
2008,381,2,757,"H3","750210",8,17390,17390,368148,0
2008,381,1,826,"H3","750210",8,5116199,5116199,114985717,0
2008,381,2,826,"H3","750210",8,3450,3450,93459,0
2008,381,1,826,"H3","750220",8,360225,360225,12785018,0
2008,381,2,826,"H3","750220",8,4640,4640,166769,0
2008,381,1,757,"H3","7503",8,136419,136419,1621960,0
2008,381,1,826,"H3","7503",8,34069,34069,829876,0
2008,381,2,826,"H3","7503",8,322699,322699,4649311,0
2008,381,1,757,"H3","750300",8,136419,136419,1621960,0
2008,381,1,826,"H3","750300",8,34069,34069,829876,0
2008,381,2,826,"H3","750300",8,322699,322699,4649311,0
2008,381,1,757,"H3","750400",8,120,120,5289,0
2008,381,2,757,"H3","750400",8,100,100,9837,0
2008,381,1,826,"H3","750400",8,184686,184686,5450565,0
2008,381,2,826,"H3","750400",8,18,18,407,0
2008,381,1,757,"H3","7505",8,71485,71485,3566590,0
2008,381,2,757,"H3","7505",8,11755,11755,475923,0
2008,381,1,826,"H3","7505",8,382166,382166,19722846,0
2008,381,2,826,"H3","7505",8,684336,684336,24620693,0
2008,381,1,826,"H3","750511",8,2618,2618,33633,0
2008,381,1,757,"H3","750512",8,5412,5412,277994,0
2008,381,2,757,"H3","750512",8,4717,4717,163758,0
2008,381,1,757,"H3","750521",8,45,45,3003,0
2008,381,2,757,"H3","750521",8,515,515,36479,0
2008,381,1,826,"H3","750521",8,270,270,4534,0
2008,381,1,757,"H3","750522",8,66028,66028,3285593,0
2008,381,2,757,"H3","750522",8,6523,6523,275686,0
2008,381,1,826,"H3","750522",8,22971,22971,1268614,0
2008,381,2,826,"H3","750522",8,11395,11395,155440,0
2008,381,1,757,"H3","7506",8,364,364,58095,0
2008,381,2,757,"H3","7506",8,17792,17792,537222,0
2008,381,1,826,"H3","7506",8,61421,61421,3372974,0
2008,381,2,826,"H3","7506",8,17209,17209,938124,0
2008,381,1,757,"H3","750620",8,211,211,33910,0
2008,381,2,757,"H3","750620",8,8150,8150,432634,0
2008,381,1,826,"H3","750620",8,53202,53202,3295630,0
2008,381,2,826,"H3","750620",8,17150,17150,933797,0
2008,381,1,757,"H3","7507",8,29738,29738,2461835,0
2008,381,2,757,"H3","7507",8,30630,30630,1964501,0
2008,381,1,826,"H3","7507",8,118033,118033,6637031,0
2008,381,2,826,"H3","7507",8,108809,108809,5600092,0
2008,381,2,757,"H3","750711",8,23626,23626,1559491,0
2008,381,1,826,"H3","750711",8,3298,3298,237694,0
2008,381,2,826,"H3","750711",8,100465,100465,4975991,0
2008,381,1,757,"H3","750712",8,29733,29733,2459005,0
2008,381,2,757,"H3","750712",8,2752,2752,124535,0
2008,381,1,826,"H3","750712",8,103227,103227,5678590,0
2008,381,2,826,"H3","750712",8,5551,5551,313749,0
2008,381,1,757,"H3","750720",8,5,5,2829,0
2008,381,2,757,"H3","750720",8,4252,4252,280475,0
2008,381,1,826,"H3","750720",8,11508,11508,720747,0
2008,381,2,826,"H3","750720",8,2793,2793,310352,0
2008,381,1,757,"H3","7508",8,53733,53733,8670040,0
2008,381,2,757,"H3","7508",8,13622,13622,148631,0
2008,381,1,826,"H3","7508",8,31668,31668,1985664,0
2008,381,2,826,"H3","7508",8,3878,3878,183279,0
2008,381,1,757,"H3","750890",8,53711,53711,8664891,0
2008,381,2,757,"H3","750890",8,13622,13622,148631,0
2008,381,1,826,"H3","750890",8,26424,26424,1819868,0
2008,381,2,826,"H3","750890",8,2667,2667,115797,0
2008,381,1,757,"H3","76",1,,,181734987,0
2008,381,2,757,"H3","76",1,,,264322900,0
2008,381,1,826,"H3","76",1,,,276162216,0
2008,381,2,826,"H3","76",1,,,289490167,0
2008,381,1,757,"H3","7601",8,125974,125974,455902,0
2008,381,2,757,"H3","7601",8,3362377,3362377,9633881,0
2008,381,1,826,"H3","7601",8,4804947,4804947,16346327,0
2008,381,2,826,"H3","7601",8,52205,52205,159782,0
2008,381,1,757,"H3","760110",8,1201,1201,16019,0
2008,381,2,757,"H3","760110",8,1170546,1170546,3126409,0
2008,381,1,826,"H3","760110",8,1286122,1286122,4844456,0
2008,381,1,757,"H3","760120",8,124773,124773,439883,0
2008,381,2,757,"H3","760120",8,2191831,2191831,6507472,0
2008,381,1,757,"H3","7602",8,43089298,43089298,78853757,0
2008,381,2,757,"H3","7602",8,2417645,2417645,5992711,0
2008,381,1,757,"H3","760200",8,43089298,43089298,78853757,0
2008,381,2,757,"H3","760200",8,2417645,2417645,5992711,0
2008,381,1,826,"H3","760200",8,19636834,19636834,41383313,0
2008,381,2,826,"H3","760200",8,425270,425270,2229387,0
2008,381,2,757,"H3","7603",8,25,25,2380,0
2008,381,1,826,"H3","7603",8,521360,521360,2399969,0
2008,381,2,826,"H3","7603",8,421,421,874,0
2008,381,2,757,"H3","760310",8,25,25,2380,0
2008,381,1,826,"H3","760310",8,509001,509001,1989656,0
2008,381,2,826,"H3","760310",8,421,421,874,0
2008,381,1,826,"H3","760320",8,12359,12359,410313,0
2008,381,1,757,"H3","7604",8,2006562,2006562,15980059,0
2008,381,2,757,"H3","7604",8,8712241,8712241,48633581,0
2008,381,1,826,"H3","7604",8,2011968,2011968,8666991,0
2008,381,2,826,"H3","7604",8,6248985,6248985,35156574,0
2008,381,1,757,"H3","760410",8,14044,14044,113450,0
2008,381,2,757,"H3","760410",8,1199651,1199651,7979260,0
2008,381,1,826,"H3","760410",8,23351,23351,381254,0
2008,381,2,826,"H3","760410",8,120941,120941,1301686,0
2008,381,1,757,"H3","760421",8,1491200,1491200,11281036,0
2008,381,2,757,"H3","760421",8,166297,166297,859990,0
2008,381,1,826,"H3","760421",8,23530,23530,649364,0
2008,381,2,826,"H3","760421",8,2290354,2290354,13453181,0
2008,381,1,757,"H3","760429",8,501318,501318,4585573,0
2008,381,2,757,"H3","760429",8,7346293,7346293,39794330,0
2008,381,1,826,"H3","760429",8,1965087,1965087,7636373,0
2008,381,2,826,"H3","760429",8,3837690,3837690,20401707,0
2008,381,1,757,"H3","7605",8,517168,517168,2916875,0
2008,381,2,757,"H3","7605",8,45724,45724,323127,0
2008,381,1,826,"H3","7605",8,2113046,2113046,8331336,0
2008,381,2,826,"H3","7605",8,57421,57421,455005,0
2008,381,1,826,"H3","760511",8,869493,869493,2936681,0
2008,381,2,826,"H3","7602",8,425270,425270,2229387,0
2008,381,1,826,"H3","7602",8,19636834,19636834,41383313,0
2008,381,2,826,"H3","760120",8,52205,52205,159782,0
2008,381,1,826,"H3","760120",8,3518825,3518825,11501871,0
2008,381,2,826,"H3","750610",8,59,59,4327,0
2008,381,1,826,"H3","750610",8,8219,8219,77344,0
2008,381,2,757,"H3","750610",8,9642,9642,104588,0
2008,381,1,757,"H3","750610",8,153,153,24184,0
2008,381,2,826,"H3","750512",8,672941,672941,24465253,0
2008,381,1,826,"H3","750512",8,356307,356307,18416064,0
2008,381,2,826,"H3","750810",8,1211,1211,67482,0
2008,381,1,826,"H3","750810",8,5244,5244,165796,0
2008,381,1,757,"H3","750810",8,22,22,5149,0
2008,381,2,826,"H3","7504",8,18,18,407,0
2008,381,1,826,"H3","7504",8,184686,184686,5450565,0
2008,381,2,757,"H3","7504",8,100,100,9837,0
2008,381,1,757,"H3","7504",8,120,120,5289,0
2008,381,1,757,"H3","760519",8,3,3,12626,0
2008,381,2,757,"H3","760519",8,3144,3144,17617,0
2008,381,1,826,"H3","760519",8,591850,591850,2284687,0
2008,381,2,826,"H3","760519",8,4229,4229,32227,0
2008,381,1,826,"H3","760521",8,651673,651673,3109821,0
2008,381,2,826,"H3","760521",8,6241,6241,55351,0
2008,381,1,757,"H3","760529",8,517165,517165,2904249,0
2008,381,2,757,"H3","760529",8,42580,42580,305510,0
2008,381,1,826,"H3","760529",8,30,30,147,0
2008,381,2,826,"H3","760529",8,46951,46951,367427,0
2008,381,1,757,"H3","7606",8,10316161,10316161,59373748,0
2008,381,2,757,"H3","7606",8,6534223,6534223,28431975,0
2008,381,1,826,"H3","7606",8,43103116,43103116,160415819,0
2008,381,2,826,"H3","7606",8,6384886,6384886,31640335,0
2008,381,1,757,"H3","760611",8,16626,16626,157804,0
2008,381,2,757,"H3","760611",8,3012298,3012298,13273123,0
2008,381,1,826,"H3","760611",8,762349,762349,3170634,0
2008,381,2,826,"H3","760611",8,2571952,2571952,14915379,0
2008,381,1,757,"H3","760612",8,10241582,10241582,58435828,0
2008,381,2,757,"H3","760612",8,2698401,2698401,12301587,0
2008,381,1,826,"H3","760612",8,42118817,42118817,155689671,0
2008,381,2,826,"H3","760612",8,3161373,3161373,14033098,0
2008,381,1,757,"H3","760691",8,7542,7542,134147,0
2008,381,2,757,"H3","760691",8,562289,562289,1891786,0
2008,381,1,826,"H3","760691",8,3413,3413,25717,0
2008,381,2,826,"H3","760691",8,541962,541962,2284104,0
2008,381,1,757,"H3","760692",8,50411,50411,645969,0
2008,381,2,757,"H3","760692",8,261235,261235,965479,0
2008,381,1,826,"H3","760692",8,218537,218537,1529797,0
2008,381,2,826,"H3","760692",8,109599,109599,407754,0
2008,381,1,757,"H3","7607",8,213653,213653,1568288,0
2008,381,2,757,"H3","7607",8,4952675,4952675,32917215,0
2008,381,1,826,"H3","7607",8,274613,274613,1707185,0
2008,381,2,826,"H3","7607",8,8695555,8695555,55736518,0
2008,381,1,757,"H3","760711",8,131610,131610,825981,0
2008,381,2,757,"H3","760711",8,2511029,2511029,14496515,0
2008,381,1,826,"H3","760711",8,142550,142550,633100,0
2008,381,2,826,"H3","760711",8,4501213,4501213,19615143,0
2008,381,1,757,"H3","760719",8,13215,13215,145815,0
2008,381,2,757,"H3","760719",8,628621,628621,4843971,0
2008,381,1,826,"H3","760719",8,15490,15490,131520,0
2008,381,2,826,"H3","760719",8,1743829,1743829,19727026,0
2008,381,1,757,"H3","760720",8,68828,68828,596492,0
2008,381,2,757,"H3","760720",8,1813025,1813025,13576729,0
2008,381,1,826,"H3","760720",8,116573,116573,942565,0
2008,381,2,826,"H3","760720",8,2450513,2450513,16394349,0
2008,381,1,757,"H3","7608",8,70627,70627,696743,0
2008,381,2,757,"H3","7608",8,284491,284491,1401602,0
2008,381,1,826,"H3","7608",8,28289,28289,561856,0
2008,381,2,826,"H3","7608",8,492688,492688,4085808,0
2008,381,1,757,"H3","760810",8,187,187,35261,0
2008,381,2,757,"H3","760810",8,70525,70525,494356,0
2008,381,1,826,"H3","760810",8,171,171,9283,0
2008,381,2,826,"H3","760810",8,93170,93170,1093894,0
2008,381,1,757,"H3","760820",8,70440,70440,661482,0
2008,381,2,757,"H3","760820",8,213966,213966,907246,0
2008,381,1,826,"H3","760820",8,28118,28118,552574,0
2008,381,2,826,"H3","760820",8,399518,399518,2991914,0
2008,381,1,757,"H3","7609",8,1003,1003,95495,0
2008,381,2,757,"H3","7609",8,14441,14441,189379,0
2008,381,1,826,"H3","7609",8,20367,20367,726727,0
2008,381,2,826,"H3","7609",8,40426,40426,541110,0
2008,381,1,757,"H3","760900",8,1003,1003,95495,0
2008,381,2,757,"H3","760900",8,14441,14441,189379,0
2008,381,1,826,"H3","760900",8,20367,20367,726727,0
2008,381,2,826,"H3","760900",8,40426,40426,541110,0
2008,381,1,757,"H3","7610",8,521644,521644,10819888,6
2008,381,2,757,"H3","7610",8,1893836,1893836,26193839,0
2008,381,1,826,"H3","7610",8,105301,105301,1555153,6
2008,381,2,826,"H3","7610",8,5394918,5394918,72502451,6
2008,381,1,757,"H3","761010",8,37014,37014,691633,6
2008,381,2,757,"H3","761010",8,891677,891677,15322680,0
2008,381,1,826,"H3","761010",8,59747,59747,598730,6
2008,381,2,826,"H3","761010",8,200087,200087,2501675,6
2008,381,1,757,"H3","761090",8,484630,484630,10128255,0
2008,381,2,757,"H3","761090",8,1002159,1002159,10871158,0
2008,381,1,826,"H3","761090",8,45554,45554,956423,0
2008,381,2,826,"H3","761090",8,5194831,5194831,70000776,0
2008,381,1,757,"H3","7611",8,10540,10540,127397,0
2008,381,2,757,"H3","7611",8,12782,12782,350430,0
2008,381,1,826,"H3","7611",8,480,480,49322,0
2008,381,2,826,"H3","7611",8,159,159,2436,0
2008,381,1,757,"H3","761100",8,10540,10540,127397,0
2008,381,2,757,"H3","761100",8,12782,12782,350430,0
2008,381,1,826,"H3","761100",8,480,480,49322,0
2008,381,2,826,"H3","761100",8,159,159,2436,0
2008,381,1,757,"H3","7612",8,159218,159218,2210798,0
2008,381,2,757,"H3","7612",8,152511,152511,2219301,0
2008,381,1,826,"H3","7612",8,345450,345450,3065813,6
2008,381,2,826,"H3","7612",8,40760,40760,402654,6
2008,381,1,757,"H3","761210",8,12982,12982,146254,0
2008,381,2,757,"H3","761210",8,95542,95542,1709856,0
2008,381,1,826,"H3","761210",8,20,20,298,0
2008,381,2,826,"H3","761210",8,15312,15312,30503,0
2008,381,1,757,"H3","761290",8,146236,146236,2064544,0
2008,381,2,757,"H3","761290",8,56969,56969,509445,0
2008,381,1,826,"H3","761290",8,345430,345430,3065515,6
2008,381,2,826,"H3","761290",8,25448,25448,372150,6
2008,381,1,757,"H3","7613",8,178,178,3530,0
2008,381,2,757,"H3","7613",8,50886,50886,325069,0
2008,381,1,826,"H3","7613",8,341409,341409,4115965,0
2008,381,2,826,"H3","7613",8,1535,1535,13828,0
2008,381,1,757,"H3","761300",8,178,178,3530,0
2008,381,2,757,"H3","761300",8,50886,50886,325069,0
2008,381,1,826,"H3","761300",8,341409,341409,4115965,0
2008,381,2,826,"H3","761300",8,1535,1535,13828,0
2008,381,1,757,"H3","7614",8,290,290,3205,0
2008,381,2,757,"H3","7614",8,1547,1547,18824,0
2008,381,1,826,"H3","7614",8,351,351,1182,0
2008,381,2,826,"H3","7614",8,11225,11225,45767,0
2008,381,1,757,"H3","761490",8,290,290,3205,0
2008,381,2,757,"H3","761490",8,1547,1547,18824,0
2008,381,1,826,"H3","761490",8,351,351,1182,0
2008,381,2,826,"H3","761490",8,11225,11225,45767,0
2008,381,1,757,"H3","7615",8,28863,28863,507929,0
2008,381,2,757,"H3","7615",8,1814462,1814462,23972086,0
2008,381,1,826,"H3","7615",8,15783,15783,396404,0
2008,381,2,826,"H3","7615",8,1495145,1495145,11307123,0
2008,381,2,757,"H3","761511",8,300,300,3348,0
2008,381,1,826,"H3","761511",8,313,313,4356,0
2008,381,2,826,"H3","761511",8,1071,1071,28918,0
2008,381,1,757,"H3","761519",8,19215,19215,378021,0
2008,381,2,757,"H3","761519",8,1585888,1585888,20914561,0
2008,381,1,826,"H3","761519",8,5295,5295,90076,0
2008,381,2,826,"H3","761519",8,1148212,1148212,10457681,0
2008,381,1,757,"H3","761520",8,9648,9648,129908,0
2008,381,2,757,"H3","761520",8,228274,228274,3054178,0
2008,381,1,826,"H3","761520",8,10175,10175,301972,0
2008,381,2,826,"H3","761520",8,345862,345862,820524,0
2008,381,1,757,"H3","7616",8,412650,412650,8121374,0
2008,381,2,757,"H3","7616",8,8657594,8657594,83717501,0
2008,381,1,826,"H3","7616",8,547705,547705,20163128,0
2008,381,2,826,"H3","7616",8,6809749,6809749,65637003,0
2008,381,1,757,"H3","761610",8,25256,25256,957806,0
2008,381,2,757,"H3","761610",8,107019,107019,1185738,0
2008,381,1,826,"H3","761610",8,35241,35241,3381606,0
2008,381,2,826,"H3","761610",8,162419,162419,1192539,0
2008,381,1,757,"H3","761691",8,1343,1343,21409,0
2008,381,2,757,"H3","761691",8,19884,19884,175136,0
2008,381,1,826,"H3","761691",8,679,679,18725,0
2008,381,2,826,"H3","761691",8,609,609,37388,0
2008,381,1,757,"H3","761699",8,386051,386051,7142158,0
2008,381,2,757,"H3","761699",8,8530691,8530691,82356627,0
2008,381,1,826,"H3","761699",8,511785,511785,16762797,0
2008,381,2,826,"H3","761699",8,6646721,6646721,64407076,0
2008,381,1,757,"H3","78",1,,,428630,0
2008,381,2,757,"H3","78",1,,,549396,0
2008,381,1,826,"H3","78",1,,,43705779,0
2008,381,2,826,"H3","78",1,,,2287832,0
2008,381,1,757,"H3","7801",8,55179,55179,153467,0
2008,381,2,757,"H3","7801",8,51623,51623,154013,0
2008,381,1,826,"H3","7801",8,13600675,13600675,34523931,0
2008,381,2,826,"H3","7801",8,262470,262470,644260,0
2008,381,1,757,"H3","780110",8,7560,7560,17733,0
2008,381,2,757,"H3","780110",8,49260,49260,135819,0
2008,381,1,826,"H3","780110",8,13600175,13600175,34514975,0
2008,381,2,826,"H3","780110",8,213122,213122,542860,0
2008,381,1,757,"H3","780191",8,33407,33407,91820,0
2008,381,2,826,"H3","780191",8,28,28,23,0
2008,381,1,757,"H3","780199",8,14212,14212,43914,0
2008,381,2,757,"H3","780199",8,2363,2363,18194,0
2008,381,1,826,"H3","780199",8,500,500,8957,0
2008,381,2,826,"H3","780199",8,49320,49320,101377,0
2008,381,1,757,"H3","7802",8,76450,76450,151935,0
2008,381,2,826,"H3","7802",8,532780,532780,1325383,0
2008,381,1,757,"H3","780200",8,76450,76450,151935,0
2008,381,2,826,"H3","780200",8,532780,532780,1325383,0
2008,381,2,757,"H3","7804",8,1024,1024,6717,0
2008,381,1,826,"H3","7804",8,1918695,1918695,4883715,0
2008,381,2,826,"H3","7804",8,3777,3777,92780,0
2008,381,1,826,"H3","780411",8,465,465,3577,0
2008,381,2,826,"H3","780411",8,3777,3777,92780,0
2008,381,2,757,"H3","780419",8,1024,1024,6717,0
2008,381,1,826,"H3","780419",8,1918230,1918230,4880138,0
2008,381,1,757,"H3","7806",8,21036,21036,123228,0
2008,381,2,757,"H3","7806",8,78503,78503,388666,0
2008,381,1,826,"H3","7806",8,542,542,9168,0
2008,381,2,826,"H3","7806",8,37887,37887,225409,0
2008,381,1,757,"H3","780600",8,21036,21036,123228,0
2008,381,2,757,"H3","780600",8,78503,78503,388666,0
2008,381,1,826,"H3","780600",8,542,542,9168,0
2008,381,2,826,"H3","780600",8,37887,37887,225409,0
2008,381,1,757,"H3","79",1,,,2176713,0
2008,381,2,757,"H3","79",1,,,3019720,0
2008,381,1,826,"H3","79",1,,,16156428,0
2008,381,2,826,"H3","79",1,,,3218086,0
2008,381,1,757,"H3","7901",8,23251,23251,33711,0
2008,381,2,757,"H3","7901",8,242014,242014,635888,0
2008,381,1,826,"H3","7901",8,4535118,4535118,12705995,0
2008,381,2,826,"H3","7901",8,874,874,1191,0
2008,381,1,826,"H3","790111",8,20000,20000,170508,0
2008,381,1,757,"H3","790112",8,23251,23251,33711,0
2008,381,1,826,"H3","790112",8,69690,69690,285384,0
2008,381,2,757,"H3","790120",8,242014,242014,635888,0
2008,381,1,826,"H3","790120",8,4445428,4445428,12250103,0
2008,381,2,826,"H3","790120",8,874,874,1191,0
2008,381,1,757,"H3","7902",8,1572107,1572107,2100472,0
2008,381,2,757,"H3","7902",8,25418,25418,48460,0
2008,381,1,826,"H3","7902",8,421690,421690,636372,0
2008,381,1,757,"H3","790200",8,1572107,1572107,2100472,0
2008,381,2,757,"H3","790200",8,25418,25418,48460,0
2008,381,1,826,"H3","790200",8,421690,421690,636372,0
2008,381,2,757,"H3","7903",8,1450,1450,4272,0
2008,381,1,826,"H3","7903",8,10148,10148,40043,0
2008,381,2,826,"H3","7903",8,2376,2376,6329,0
2008,381,1,826,"H3","790310",8,808,808,1461,0
2008,381,2,757,"H3","790390",8,1450,1450,4272,0
2008,381,1,826,"H3","790390",8,9340,9340,38582,0
2008,381,2,826,"H3","790390",8,2376,2376,6329,0
2008,381,1,826,"H3","7904",8,36556,36556,145639,0
2008,381,1,826,"H3","790400",8,36556,36556,145639,0
2008,381,1,757,"H3","7905",8,13500,13500,37148,0
2008,381,1,757,"H3","790500",8,13500,13500,37148,0
2008,381,1,757,"H3","7907",8,306,306,5383,0
2008,381,2,757,"H3","7907",8,202509,202509,2331100,0
2008,381,1,826,"H3","7907",8,227941,227941,2144672,0
2008,381,2,826,"H3","7907",8,313884,313884,3210566,0
2008,381,1,757,"H3","790700",8,306,306,5383,0
2008,381,2,757,"H3","790700",8,202509,202509,2331100,0
2008,381,1,826,"H3","790700",8,227941,227941,2144672,0
2008,381,2,826,"H3","790700",8,313884,313884,3210566,0
2008,381,1,757,"H3","80",1,,,64693,0
2008,381,2,757,"H3","80",1,,,317527,0
2008,381,1,826,"H3","8001",8,10253,10253,187173,0
2008,381,2,826,"H3","8001",8,30064,30064,792084,0
2008,381,1,826,"H3","800120",8,200,200,1857,0
2008,381,2,826,"H3","800120",8,30064,30064,792084,0
2008,381,2,757,"H3","8003",8,14434,14434,243675,0
2008,381,1,826,"H3","8003",8,16406,16406,333636,0
2008,381,2,826,"H3","8003",8,25287,25287,449513,0
2008,381,2,757,"H3","800300",8,14434,14434,243675,0
2008,381,1,826,"H3","800300",8,16406,16406,333636,0
2008,381,2,826,"H3","800300",8,25287,25287,449513,0
2008,381,1,757,"H3","8007",8,193,193,64693,0
2008,381,2,757,"H3","8007",8,1682,1682,73852,0
2008,381,1,826,"H3","8007",8,11505,11505,367023,0
2008,381,2,826,"H3","8007",8,5201,5201,198528,0
2008,381,1,757,"H3","800700",8,193,193,64693,0
2008,381,2,757,"H3","800700",8,1682,1682,73852,0
2008,381,1,826,"H3","800700",8,11505,11505,367023,0
2008,381,2,826,"H3","800700",8,5201,5201,198528,0
2008,381,1,757,"H3","81",1,,,4999257,0
2008,381,2,757,"H3","81",1,,,6119527,0
2008,381,1,826,"H3","81",1,,,56917492,0
2008,381,2,826,"H3","81",1,,,9659930,0
2008,381,1,757,"H3","8101",8,10561,10561,757789,0
2008,381,2,757,"H3","8101",8,14265,14265,2131683,0
2008,381,1,826,"H3","8101",8,8164,8164,718488,0
2008,381,2,826,"H3","8101",8,8562,8562,249192,0
2008,381,1,757,"H3","810194",8,5657,5657,632973,0
2008,381,2,757,"H3","810194",8,3506,3506,698316,0
2008,381,1,826,"H3","810194",8,6541,6541,594767,0
2008,381,1,826,"H3","810196",8,97,97,10033,0
2008,381,1,757,"H3","810199",8,4451,4451,93860,0
2008,381,2,757,"H3","810199",8,10754,10754,1431872,0
2008,381,1,826,"H3","810199",8,142,142,29883,0
2008,381,2,826,"H3","810199",8,202,202,17263,0
2008,381,1,826,"H3","8102",8,57233,57233,4560104,0
2008,381,1,826,"H3","810295",8,57102,57102,4525439,0
2008,381,1,757,"H3","8104",8,39362,39362,356252,0
2008,381,2,757,"H3","8104",8,13310,13310,77555,0
2008,381,1,826,"H3","8104",8,200183,200183,2497290,0
2008,381,2,826,"H3","8104",8,264171,264171,302274,0
2008,381,1,757,"H3","810411",8,8000,8000,68975,0
2008,381,2,757,"H3","810419",8,10880,10880,35770,0
2008,381,1,826,"H3","810419",8,154423,154423,1576757,0
2008,381,2,826,"H3","810419",8,238957,238957,255318,0
2008,381,2,826,"H3","810420",8,21180,21180,16284,0
2008,381,1,757,"H3","810430",8,31360,31360,284505,0
2008,381,2,757,"H3","810430",8,2020,2020,37248,0
2008,381,1,826,"H3","810430",8,4236,4236,38431,0
2008,381,2,826,"H3","810430",8,508,508,1835,0
2008,381,1,757,"H3","810490",8,2,2,2772,0
2008,381,2,757,"H3","810490",8,410,410,4537,0
2008,381,1,826,"H3","810490",8,41524,41524,882101,0
2008,381,2,826,"H3","810490",8,3526,3526,28837,0
2008,381,1,757,"H3","8105",8,13601,13601,365172,0
2008,381,2,757,"H3","8105",8,1123,1123,219273,0
2008,381,1,826,"H3","8105",8,111307,111307,6484550,0
2008,381,2,826,"H3","8105",8,49030,49030,597850,0
2008,381,1,757,"H3","810520",8,199,199,19310,0
2008,381,2,757,"H3","810520",8,857,857,100209,0
2008,381,1,826,"H3","810520",8,47966,47966,2957018,0
2008,381,2,826,"H3","810520",8,30859,30859,505482,0
2008,381,1,757,"H3","810530",8,13370,13370,296024,0
2008,381,2,826,"H3","810530",8,17764,17764,53846,0
2008,381,1,757,"H3","810590",8,32,32,49838,0
2008,381,2,757,"H3","810590",8,266,266,119064,0
2008,381,1,826,"H3","810590",8,63341,63341,3527532,0
2008,381,2,826,"H3","810590",8,407,407,38521,0
2008,381,1,826,"H3","8107",8,60,60,880,0
2008,381,1,826,"H3","810790",8,60,60,880,0
2008,381,1,757,"H3","8108",8,90308,90308,1746046,0
2008,381,2,757,"H3","8108",8,35841,35841,3509199,0
2008,381,1,826,"H3","8108",8,276201,276201,30285662,0
2008,381,2,826,"H3","8108",8,168568,168568,7657452,0
2008,381,1,757,"H3","810820",8,184,184,48229,0
2008,381,2,757,"H3","810820",8,55,55,7865,0
2008,381,1,826,"H3","810820",8,52872,52872,496507,0
2008,381,1,757,"H3","810830",8,81551,81551,279400,0
2008,381,2,826,"H3","810830",8,72656,72656,276686,0
2008,381,1,757,"H3","810890",8,8573,8573,1418418,0
2008,381,2,757,"H3","810890",8,35786,35786,3501334,0
2008,381,1,826,"H3","810890",8,223329,223329,29789156,0
2008,381,2,826,"H3","810890",8,95912,95912,7380766,0
2008,381,2,757,"H3","8109",8,1030,1030,123291,0
2008,381,1,826,"H3","8109",8,6305,6305,565277,0
2008,381,2,826,"H3","8109",8,701,701,3227,0
2008,381,2,757,"H3","810990",8,830,830,121623,0
2008,381,1,826,"H3","810990",8,6305,6305,565277,0
2008,381,2,826,"H3","810990",8,589,589,2998,0
2008,381,1,826,"H3","8110",8,35906,35906,253521,0
2008,381,1,826,"H3","811090",8,20000,20000,116467,0
2008,381,1,826,"H3","8111",8,21621,21621,77877,0
2008,381,1,826,"H3","811100",8,21621,21621,77877,0
2008,381,1,757,"H3","8112",8,2,2,5293,0
2008,381,2,757,"H3","8112",8,49005,49005,52433,0
2008,381,1,826,"H3","8112",8,195351,195351,3271224,0
2008,381,2,757,"H3","811221",8,49000,49000,30409,0
2008,381,1,826,"H3","811221",8,182893,182893,2464354,0
2008,381,1,826,"H3","811292",8,11728,11728,788958,0
2008,381,1,757,"H3","8113",8,25533,25533,1768705,0
2008,381,2,757,"H3","8113",8,11,11,6093,0
2008,381,1,826,"H3","8113",8,76686,76686,655092,0
2008,381,2,826,"H3","8113",8,500,500,37806,0
2008,381,1,757,"H3","811300",8,25533,25533,1768705,0
2008,381,2,757,"H3","811300",8,11,11,6093,0
2008,381,1,826,"H3","811300",8,76686,76686,655092,0
2008,381,2,826,"H3","811300",8,500,500,37806,0
2008,381,1,757,"H3","82",1,,,65113953,0
2008,381,2,757,"H3","82",1,,,49572468,0
2008,381,1,826,"H3","82",1,,,49446717,0
2008,381,2,826,"H3","82",1,,,49883632,0
2008,381,1,757,"H3","8201",8,21953,21953,2063999,0
2008,381,2,757,"H3","8201",8,71577,71577,640299,6
2008,381,1,826,"H3","8201",8,14866,14866,121468,6
2008,381,2,826,"H3","8201",8,14955,14955,97110,6
2008,381,2,757,"H3","820110",8,16175,16175,71017,6
2008,381,1,826,"H3","820110",8,597,597,1512,6
2008,381,2,826,"H3","820110",8,442,442,1126,6
2008,381,2,757,"H3","820120",8,700,700,7812,6
2008,381,1,826,"H3","820120",8,3952,3952,16181,6
2008,381,2,826,"H3","820120",8,1475,1475,6757,6
2008,381,2,757,"H3","820130",8,31957,31957,170436,0
2008,381,1,826,"H3","820130",8,8458,8458,53591,0
2008,381,2,826,"H3","820130",8,1894,1894,6958,0
2008,381,2,757,"H3","820140",8,10131,10131,93470,0
2008,381,1,826,"H3","820140",8,79,79,580,0
2008,381,2,826,"H3","820140",8,16,16,159,0
2008,381,1,757,"H3","820150",8,21803,21803,2057923,0
2008,381,2,757,"H3","820150",8,1418,1418,35227,0
2008,381,1,826,"H3","820150",8,5,5,57,6
2008,381,2,826,"H3","820150",8,485,485,18363,6
2008,381,2,826,"H3","810390",8,25,25,1688,0
2008,381,1,826,"H3","810390",8,91,91,37314,0
2008,381,1,826,"H3","811299",8,28,28,5701,0
2008,381,2,757,"H3","811299",8,5,5,22023,0
2008,381,1,757,"H3","811299",8,2,2,5293,0
2008,381,1,826,"H3","811229",8,683,683,7936,0
2008,381,1,826,"H3","811219",8,4,4,247,0
2008,381,1,826,"H3","811010",8,15906,15906,137054,0
2008,381,2,826,"H3","80",1,,,1702950,0
2008,381,1,826,"H3","80",1,,,1748481,0
2008,381,1,826,"H3","810294",8,41,41,2082,0
2008,381,1,826,"H3","811259",8,15,15,4028,0
2008,381,2,826,"H3","8103",8,25,25,1688,0
2008,381,1,826,"H3","8103",8,91,91,37314,0
2008,381,1,826,"H3","810296",8,20,20,934,0
2008,381,2,826,"H3","810110",8,1000,1000,55792,0
2008,381,1,826,"H3","810110",8,1384,1384,83806,0
2008,381,2,757,"H3","810110",8,5,5,1495,0
2008,381,1,757,"H3","810110",8,453,453,30956,0
2008,381,2,826,"H3","810920",8,112,112,229,0
2008,381,2,757,"H3","810920",8,200,200,1668,0
2008,381,1,826,"H3","810600",8,9347,9347,341799,0
2008,381,1,826,"H3","8106",8,9347,9347,341799,0
2008,381,1,826,"H3","810299",8,10,10,30084,0
2008,381,1,826,"H3","810210",8,60,60,1565,0
2008,381,2,826,"H3","810197",8,7360,7360,176138,0
2008,381,1,826,"H3","800200",8,35012,35012,681901,0
2008,381,1,826,"H3","8002",8,35012,35012,681901,0
2008,381,1,826,"H3","800110",8,10053,10053,185315,0
2008,381,2,757,"H3","820160",8,5175,5175,199325,0
2008,381,2,826,"H3","820160",8,1055,1055,13688,0
2008,381,1,757,"H3","820190",8,150,150,6076,0
2008,381,2,757,"H3","820190",8,6021,6021,63011,0
2008,381,1,826,"H3","820190",8,1775,1775,49546,0
2008,381,2,826,"H3","820190",8,9588,9588,50060,0
2008,381,1,757,"H3","8202",8,136821,136821,4871841,0
2008,381,2,757,"H3","8202",8,45491,45491,1744067,0
2008,381,1,826,"H3","8202",8,201574,201574,2203081,0
2008,381,2,826,"H3","8202",8,113817,113817,2423264,0
2008,381,1,757,"H3","820210",8,944,944,213009,0
2008,381,2,757,"H3","820210",8,2824,2824,36939,0
2008,381,1,826,"H3","820210",8,1016,1016,16399,0
2008,381,2,826,"H3","820210",8,35858,35858,312585,0
2008,381,1,757,"H3","820220",8,458,458,35324,0
2008,381,2,757,"H3","820220",8,1950,1950,126606,0
2008,381,1,826,"H3","820220",8,72840,72840,986557,0
2008,381,2,826,"H3","820220",8,2733,2733,77799,0
2008,381,1,757,"H3","820231",8,2549,2549,217076,0
2008,381,2,757,"H3","820231",8,22333,22333,989524,0
2008,381,1,826,"H3","820231",8,94329,94329,661118,0
2008,381,2,826,"H3","820231",8,45734,45734,1709236,0
2008,381,1,757,"H3","820239",8,8,8,2163,0
2008,381,2,757,"H3","820239",8,7257,7257,375227,0
2008,381,1,826,"H3","820239",8,28460,28460,420133,0
2008,381,2,826,"H3","820239",8,8687,8687,255475,0
2008,381,1,757,"H3","820240",8,121004,121004,3471554,0
2008,381,2,757,"H3","820240",8,95,95,3274,0
2008,381,2,826,"H3","820240",8,3,3,72,0
2008,381,1,757,"H3","820291",8,407,407,243116,0
2008,381,2,757,"H3","820291",8,1648,1648,41158,0
2008,381,1,826,"H3","820291",8,725,725,28708,0
2008,381,2,826,"H3","820291",8,72,72,2863,0
2008,381,1,757,"H3","820299",8,11451,11451,689598,0
2008,381,2,757,"H3","820299",8,9384,9384,171338,0
2008,381,1,826,"H3","820299",8,4204,4204,90165,0
2008,381,2,826,"H3","820299",8,20730,20730,65234,0
2008,381,1,757,"H3","8203",8,36693,36693,1483162,0
2008,381,2,757,"H3","8203",8,29126,29126,1066819,0
2008,381,1,826,"H3","8203",8,34365,34365,1461515,0
2008,381,2,826,"H3","8203",8,23137,23137,1138937,0
2008,381,1,757,"H3","820310",8,28523,28523,1036371,0
2008,381,2,757,"H3","820310",8,5455,5455,219944,0
2008,381,1,826,"H3","820310",8,2604,2604,57820,0
2008,381,2,826,"H3","820310",8,538,538,21726,0
2008,381,1,757,"H3","820320",8,2479,2479,219829,0
2008,381,2,757,"H3","820320",8,16726,16726,702129,0
2008,381,1,757,"H3","820330",8,3111,3111,210252,0
2008,381,2,757,"H3","820330",8,6096,6096,113384,0
2008,381,1,826,"H3","820330",8,2418,2418,44893,0
2008,381,2,826,"H3","820330",8,1633,1633,61077,0
2008,381,1,757,"H3","820340",8,2580,2580,16711,0
2008,381,2,757,"H3","820340",8,849,849,31362,0
2008,381,1,826,"H3","820340",8,653,653,34822,0
2008,381,2,826,"H3","820340",8,3008,3008,251845,0
2008,381,1,757,"H3","8204",8,4049,4049,183316,0
2008,381,2,757,"H3","8204",8,20272,20272,640779,0
2008,381,1,826,"H3","8204",8,37272,37272,2225828,0
2008,381,2,826,"H3","8204",8,40827,40827,1257345,0
2008,381,1,757,"H3","820411",8,3827,3827,143086,0
2008,381,2,757,"H3","820411",8,13088,13088,472411,0
2008,381,1,826,"H3","820411",8,28860,28860,1778201,0
2008,381,2,826,"H3","820411",8,18913,18913,432396,0
2008,381,2,757,"H3","820412",8,2646,2646,42845,0
2008,381,1,826,"H3","820412",8,4784,4784,240601,0
2008,381,2,826,"H3","820412",8,11689,11689,596683,0
2008,381,1,757,"H3","820420",8,222,222,40230,0
2008,381,2,757,"H3","820420",8,4538,4538,125523,0
2008,381,1,757,"H3","8205",8,132782,132782,6245910,0
2008,381,2,757,"H3","8205",8,623900,623900,5859875,0
2008,381,1,826,"H3","8205",8,270634,270634,4385614,0
2008,381,2,826,"H3","8205",8,307026,307026,6208816,0
2008,381,1,757,"H3","820510",8,9,9,10908,0
2008,381,2,757,"H3","820510",8,6555,6555,106424,0
2008,381,1,826,"H3","820510",8,4512,4512,220546,0
2008,381,2,826,"H3","820510",8,1712,1712,53747,0
2008,381,1,757,"H3","820520",8,708,708,35296,0
2008,381,2,757,"H3","820520",8,89637,89637,344906,0
2008,381,1,826,"H3","820520",8,5756,5756,69703,0
2008,381,2,826,"H3","820520",8,10860,10860,67474,0
2008,381,1,757,"H3","820530",8,3295,3295,381313,0
2008,381,2,757,"H3","820530",8,1786,1786,63534,0
2008,381,1,826,"H3","820530",8,4104,4104,97852,0
2008,381,2,826,"H3","820530",8,1558,1558,27773,0
2008,381,1,757,"H3","820540",8,4101,4101,266335,0
2008,381,2,757,"H3","820540",8,123,123,31663,0
2008,381,1,826,"H3","820540",8,22124,22124,255016,0
2008,381,2,826,"H3","820540",8,6902,6902,134157,0
2008,381,1,757,"H3","820551",8,2913,2913,78437,0
2008,381,2,757,"H3","820551",8,54652,54652,772362,0
2008,381,1,826,"H3","820551",8,8047,8047,173725,0
2008,381,2,826,"H3","820551",8,108408,108408,2015461,0
2008,381,1,757,"H3","820559",8,78029,78029,4413346,0
2008,381,2,757,"H3","820559",8,338796,338796,3114165,0
2008,381,1,826,"H3","820559",8,181666,181666,2931354,0
2008,381,2,826,"H3","820559",8,145793,145793,3393371,0
2008,381,1,757,"H3","820560",8,26,26,2575,0
2008,381,2,757,"H3","820560",8,729,729,18348,0
2008,381,1,826,"H3","820560",8,139,139,2998,0
2008,381,2,826,"H3","820560",8,642,642,7273,0
2008,381,2,826,"H3","820320",8,17958,17958,804288,0
2008,381,1,826,"H3","820320",8,28690,28690,1323980,0
2008,381,2,826,"H3","820420",8,10225,10225,228266,0
2008,381,1,826,"H3","820420",8,3628,3628,207026,0
2008,381,1,757,"H3","820570",8,35324,35324,651813,0
2008,381,2,757,"H3","820570",8,58452,58452,540299,0
2008,381,1,826,"H3","820570",8,23993,23993,295955,0
2008,381,2,826,"H3","820570",8,17426,17426,259283,0
2008,381,1,757,"H3","820580",8,235,235,10191,0
2008,381,2,757,"H3","820580",8,727,727,18925,0
2008,381,1,826,"H3","820580",8,264,264,2153,0
2008,381,2,826,"H3","820580",8,94,94,1509,0
2008,381,1,757,"H3","820590",8,8142,8142,395696,0
2008,381,2,757,"H3","820590",8,72443,72443,849248,0
2008,381,1,826,"H3","820590",8,20029,20029,336314,0
2008,381,2,826,"H3","820590",8,13631,13631,248767,0
2008,381,1,757,"H3","8206",8,11459,11459,482837,0
2008,381,2,757,"H3","8206",8,26670,26670,1014161,0
2008,381,1,826,"H3","8206",8,19653,19653,449925,0
2008,381,2,826,"H3","8206",8,29871,29871,608114,0
2008,381,1,757,"H3","820600",8,11459,11459,482837,0
2008,381,2,757,"H3","820600",8,26670,26670,1014161,0
2008,381,1,826,"H3","820600",8,19653,19653,449925,0
2008,381,2,826,"H3","820600",8,29871,29871,608114,0
2008,381,1,757,"H3","8207",8,229213,229213,31396676,6
2008,381,2,757,"H3","8207",8,561459,561459,27002332,0
2008,381,1,826,"H3","8207",8,287058,287058,18799088,0
2008,381,2,826,"H3","8207",8,626391,626391,24806503,0
2008,381,1,757,"H3","820713",8,99,99,70759,0
2008,381,2,757,"H3","820713",8,29036,29036,2045671,0
2008,381,1,826,"H3","820713",8,49281,49281,595549,0
2008,381,2,826,"H3","820713",8,66,66,13723,0
2008,381,1,757,"H3","820719",8,1903,1903,324725,0
2008,381,2,757,"H3","820719",8,17565,17565,743656,0
2008,381,1,826,"H3","820719",8,27395,27395,2744899,0
2008,381,2,826,"H3","820719",8,59876,59876,2920611,0
2008,381,1,757,"H3","820720",8,124,124,49736,0
2008,381,2,757,"H3","820720",8,165421,165421,5350860,0
2008,381,1,826,"H3","820720",8,198,198,12287,0
2008,381,2,826,"H3","820720",8,18101,18101,833403,0
2008,381,1,757,"H3","820730",8,45446,45446,2718135,0
2008,381,2,757,"H3","820730",8,166069,166069,8480791,0
2008,381,1,826,"H3","820730",8,66304,66304,2439618,0
2008,381,2,826,"H3","820730",8,378535,378535,7215212,0
2008,381,1,757,"H3","820740",8,10105,10105,3699480,0
2008,381,2,757,"H3","820740",8,13066,13066,675704,0
2008,381,1,826,"H3","820740",8,3937,3937,203013,0
2008,381,2,826,"H3","820740",8,7868,7868,463775,0
2008,381,1,757,"H3","820750",8,139469,139469,13606964,6
2008,381,2,757,"H3","820750",8,52857,52857,847042,0
2008,381,1,826,"H3","820750",8,61769,61769,4322150,0
2008,381,2,826,"H3","820750",8,49065,49065,2896131,0
2008,381,1,757,"H3","820760",8,335,335,134296,0
2008,381,2,757,"H3","820760",8,3219,3219,151247,0
2008,381,1,826,"H3","820760",8,1072,1072,198038,0
2008,381,2,826,"H3","820760",8,707,707,159698,0
2008,381,1,757,"H3","820770",8,9306,9306,4851601,0
2008,381,2,757,"H3","820770",8,21880,21880,4107569,0
2008,381,1,826,"H3","820770",8,38939,38939,3034973,0
2008,381,2,826,"H3","820770",8,22654,22654,3155490,0
2008,381,1,757,"H3","820780",8,430,430,296266,0
2008,381,2,757,"H3","820780",8,1083,1083,171714,0
2008,381,1,826,"H3","820780",8,405,405,72173,0
2008,381,2,826,"H3","820780",8,1354,1354,142213,0
2008,381,1,757,"H3","820790",8,21996,21996,5644715,0
2008,381,2,757,"H3","820790",8,91263,91263,4428078,0
2008,381,1,826,"H3","820790",8,37758,37758,5176388,0
2008,381,2,826,"H3","820790",8,88165,88165,7006247,0
2008,381,1,757,"H3","8208",8,29035,29035,3172255,0
2008,381,2,757,"H3","8208",8,15564,15564,1093608,0
2008,381,1,826,"H3","8208",8,122275,122275,3250376,0
2008,381,2,826,"H3","8208",8,47178,47178,2024438,0
2008,381,1,757,"H3","820810",8,553,553,454594,0
2008,381,2,757,"H3","820810",8,1007,1007,114935,0
2008,381,1,826,"H3","820810",8,5084,5084,174659,0
2008,381,2,826,"H3","820810",8,568,568,41205,0
2008,381,1,757,"H3","820820",8,6920,6920,1140692,0
2008,381,2,757,"H3","820820",8,1297,1297,33177,0
2008,381,1,826,"H3","820820",8,21689,21689,203135,0
2008,381,2,826,"H3","820820",8,406,406,35462,0
2008,381,1,757,"H3","820830",8,3381,3381,125366,0
2008,381,2,757,"H3","820830",8,206,206,48383,0
2008,381,1,826,"H3","820830",8,5833,5833,238019,0
2008,381,2,826,"H3","820830",8,1832,1832,72159,0
2008,381,2,757,"H3","820840",8,1010,1010,19398,0
2008,381,1,826,"H3","820840",8,6638,6638,38422,0
2008,381,2,826,"H3","820840",8,19068,19068,123881,0
2008,381,1,757,"H3","820890",8,18181,18181,1451603,0
2008,381,2,757,"H3","820890",8,12044,12044,877715,0
2008,381,1,826,"H3","820890",8,83031,83031,2596141,0
2008,381,2,826,"H3","820890",8,25304,25304,1751731,0
2008,381,1,757,"H3","8209",8,55792,55792,11036945,0
2008,381,2,757,"H3","8209",8,99333,99333,5718283,0
2008,381,1,826,"H3","8209",8,36925,36925,3470585,0
2008,381,2,826,"H3","8209",8,1575,1575,226325,0
2008,381,1,757,"H3","820900",8,55792,55792,11036945,0
2008,381,2,757,"H3","820900",8,99333,99333,5718283,0
2008,381,1,826,"H3","820900",8,36925,36925,3470585,0
2008,381,2,826,"H3","820900",8,1575,1575,226325,0
2008,381,1,757,"H3","8210",8,4380,4380,26412,0
2008,381,2,757,"H3","8210",8,14945,14945,256956,0
2008,381,1,826,"H3","8210",8,641,641,12989,0
2008,381,2,826,"H3","8210",8,26225,26225,339356,0
2008,381,1,757,"H3","821000",8,4380,4380,26412,0
2008,381,2,757,"H3","821000",8,14945,14945,256956,0
2008,381,1,826,"H3","821000",8,641,641,12989,0
2008,381,2,826,"H3","821000",8,26225,26225,339356,0
2008,381,1,757,"H3","8211",1,,43324,3390382,0
2008,381,2,757,"H3","8211",1,,33959,678467,0
2008,381,1,826,"H3","8211",1,,107606,991407,0
2008,381,2,826,"H3","8211",1,,29038,804529,0
2008,381,1,757,"H3","821110",1,,501,51442,0
2008,381,2,757,"H3","821110",5,11692,975,28311,2
2008,381,1,826,"H3","821110",1,,122,2430,0
2008,381,2,826,"H3","821110",5,17319,3916,41938,2
2008,381,1,757,"H3","821191",1,,3837,404502,0
2008,381,2,757,"H3","821191",1,,4528,66314,0
2008,381,1,826,"H3","821191",1,,653,4906,0
2008,381,2,826,"H3","821191",1,,15461,402850,0
2008,381,1,757,"H3","821192",1,,20591,1148930,0
2008,381,2,757,"H3","821192",1,,7144,256284,0
2008,381,1,826,"H3","821192",1,,1453,78112,0
2008,381,2,826,"H3","821192",1,,2767,95737,0
2008,381,1,757,"H3","821193",1,,18300,1748523,0
2008,381,2,757,"H3","821193",1,,301,30705,0
2008,381,1,826,"H3","821193",1,,16580,240164,0
2008,381,2,826,"H3","821193",1,,6572,256917,0
2008,381,1,757,"H3","821194",8,95,95,36985,0
2008,381,2,757,"H3","821194",8,20262,20262,282437,0
2008,381,1,826,"H3","821194",8,88798,88798,665796,0
2008,381,2,826,"H3","821194",8,322,322,7087,0
2008,381,2,757,"H3","821195",8,749,749,14416,0
2008,381,2,757,"H3","8212",1,,4768,177186,0
2008,381,1,826,"H3","8212",1,,372432,6600498,4
2008,381,2,826,"H3","8212",1,,,4075408,0
2008,381,2,757,"H3","821210",5,52487,2418,107809,0
2008,381,1,826,"H3","821210",5,3206247,369718,6487883,4
2008,381,2,826,"H3","821210",5,3440430,209472,3723965,4
2008,381,2,757,"H3","821220",5,1400000,2350,69377,0
2008,381,1,826,"H3","821220",5,11056000,2667,111254,4
2008,381,2,826,"H3","821220",5,74000,,29477,0
2008,381,1,826,"H3","821290",8,47,47,1361,0
2008,381,2,826,"H3","821290",8,4734,4734,321965,0
2008,381,1,757,"H3","8213",8,82,82,6193,0
2008,381,2,757,"H3","8213",8,25215,25215,1319789,0
2008,381,1,826,"H3","8213",8,4103,4103,79014,0
2008,381,2,826,"H3","8213",8,12806,12806,364273,0
2008,381,1,757,"H3","821300",8,82,82,6193,0
2008,381,2,757,"H3","821300",8,25215,25215,1319789,0
2008,381,1,826,"H3","821300",8,4103,4103,79014,0
2008,381,2,826,"H3","821300",8,12806,12806,364273,0
2008,381,1,757,"H3","8214",8,1373,1373,369171,0
2008,381,2,757,"H3","8214",8,13600,13600,447007,0
2008,381,1,826,"H3","8214",8,15869,15869,466267,0
2008,381,2,826,"H3","8214",8,1771,1771,71964,0
2008,381,1,757,"H3","821410",8,127,127,7653,0
2008,381,2,757,"H3","821410",8,2123,2123,26476,0
2008,381,1,826,"H3","821410",8,1928,1928,46458,0
2008,381,2,826,"H3","821410",8,114,114,2295,0
2008,381,1,757,"H3","821420",8,1227,1227,351881,0
2008,381,2,757,"H3","821420",8,3195,3195,310957,0
2008,381,1,826,"H3","821420",8,12048,12048,393636,0
2008,381,2,826,"H3","821420",8,999,999,41872,0
2008,381,1,757,"H3","821490",8,19,19,9638,0
2008,381,2,757,"H3","821490",8,8282,8282,109574,0
2008,381,1,826,"H3","821490",8,1893,1893,26172,0
2008,381,2,826,"H3","821490",8,658,658,27798,0
2008,381,1,757,"H3","8215",8,5669,5669,384854,0
2008,381,2,757,"H3","8215",8,73157,73157,1912841,0
2008,381,1,826,"H3","8215",8,5523,5523,178881,0
2008,381,2,826,"H3","8215",8,80716,80716,2462020,0
2008,381,2,757,"H3","821510",8,5452,5452,117351,0
2008,381,1,826,"H3","821510",8,1336,1336,77423,0
2008,381,2,826,"H3","821510",8,2937,2937,116799,0
2008,381,1,757,"H3","821520",8,895,895,56413,0
2008,381,2,757,"H3","821520",8,36623,36623,1246909,0
2008,381,1,826,"H3","821520",8,1512,1512,25377,0
2008,381,2,826,"H3","821520",8,53018,53018,1432735,0
2008,381,2,757,"H3","821591",8,237,237,11797,0
2008,381,1,826,"H3","821591",8,25,25,3011,0
2008,381,2,826,"H3","821591",8,997,997,26403,0
2008,381,1,757,"H3","821599",8,4774,4774,328441,0
2008,381,2,757,"H3","821599",8,30845,30845,536784,0
2008,381,1,826,"H3","821599",8,2650,2650,73070,0
2008,381,2,826,"H3","821599",8,23764,23764,886083,0
2008,381,1,757,"H3","83",1,,,16338049,0
2008,381,2,757,"H3","83",1,,,77241670,0
2008,381,1,826,"H3","83",1,,,54586000,0
2008,381,2,826,"H3","83",1,,,253585853,0
2008,381,1,757,"H3","8301",8,35989,35989,2997599,0
2008,381,2,757,"H3","8301",8,45802,45802,1853568,0
2008,381,1,826,"H3","8301",8,106841,106841,3109155,0
2008,381,2,826,"H3","8301",8,1095700,1095700,20308987,0
2008,381,1,757,"H3","830110",8,5,5,1653,0
2008,381,2,757,"H3","830110",8,515,515,23810,0
2008,381,1,826,"H3","830110",8,8010,8010,162598,0
2008,381,2,826,"H3","830110",8,42780,42780,992872,0
2008,381,1,757,"H3","830120",8,180,180,9186,0
2008,381,2,757,"H3","830120",8,62,62,7165,0
2008,381,1,826,"H3","830120",8,18721,18721,590937,0
2008,381,2,826,"H3","830120",8,43745,43745,1448743,0
2008,381,1,757,"H3","830130",8,3610,3610,635356,0
2008,381,2,757,"H3","830130",8,2211,2211,91780,0
2008,381,1,826,"H3","830130",8,1765,1765,63060,0
2008,381,2,826,"H3","830130",8,8414,8414,142633,0
2008,381,1,757,"H3","830140",8,21333,21333,1929198,0
2008,381,2,757,"H3","830140",8,20924,20924,805178,0
2008,381,1,826,"H3","830140",8,52799,52799,1615827,0
2008,381,2,826,"H3","830140",8,639246,639246,8035505,0
2008,381,1,757,"H3","830150",8,639,639,91568,0
2008,381,2,757,"H3","830150",8,228,228,8216,0
2008,381,1,826,"H3","830150",8,85,85,890,0
2008,381,2,826,"H3","830150",8,291,291,7411,0
2008,381,1,757,"H3","830160",8,1693,1693,60331,0
2008,381,2,757,"H3","830160",8,7541,7541,48330,0
2008,381,1,826,"H3","830160",8,5980,5980,135362,0
2008,381,2,826,"H3","830160",8,165892,165892,4467223,0
2008,381,1,757,"H3","830170",8,8529,8529,270308,0
2008,381,2,757,"H3","830170",8,14321,14321,869089,0
2008,381,1,826,"H3","830170",8,19481,19481,540479,0
2008,381,2,826,"H3","830170",8,195332,195332,5214599,0
2008,381,1,757,"H3","8302",8,304468,304468,5128194,0
2008,381,2,757,"H3","8302",8,2672159,2672159,34323353,0
2008,381,1,826,"H3","8302",8,1731477,1731477,25846056,0
2008,381,2,826,"H3","8302",8,13237571,13237571,131049783,0
2008,381,1,757,"H3","830210",8,1277,1277,67321,0
2008,381,2,757,"H3","830210",8,307520,307520,3599354,0
2008,381,1,826,"H3","830210",8,84478,84478,1604745,0
2008,381,2,826,"H3","830210",8,1256971,1256971,13572002,0
2008,381,1,757,"H3","830220",8,46232,46232,176344,0
2008,381,2,757,"H3","830220",8,143862,143862,1096056,0
2008,381,1,826,"H3","830220",8,5630,5630,109730,0
2008,381,2,826,"H3","830220",8,218217,218217,1405518,0
2008,381,1,757,"H3","830230",8,12449,12449,136948,0
2008,381,2,757,"H3","830230",8,12892,12892,380056,0
2008,381,1,826,"H3","830230",8,175906,175906,2273133,0
2008,381,2,826,"H3","830230",8,328319,328319,2991717,0
2008,381,1,757,"H3","830241",8,19838,19838,741826,0
2008,381,2,757,"H3","830241",8,544115,544115,10294313,0
2008,381,1,826,"H3","830241",8,8082,8082,267581,0
2008,381,2,826,"H3","830241",8,2479685,2479685,34535099,0
2008,381,1,757,"H3","830242",8,176154,176154,2992510,0
2008,381,2,757,"H3","830242",8,541618,541618,5726845,0
2008,381,1,826,"H3","830242",8,114172,114172,1201048,0
2008,381,2,826,"H3","830242",8,6262825,6262825,34365739,0
2008,381,1,757,"H3","830249",8,46959,46959,787493,0
2008,381,2,757,"H3","830249",8,896575,896575,8848804,0
2008,381,1,826,"H3","830249",8,1327779,1327779,19971416,0
2008,381,2,826,"H3","830249",8,778855,778855,7153420,0
2008,381,2,757,"H3","830250",8,12676,12676,171433,0
2008,381,1,826,"H3","830250",8,9347,9347,29668,0
2008,381,2,826,"H3","830250",8,83924,83924,737011,0
2008,381,1,757,"H3","830260",8,1559,1559,225752,0
2008,381,2,757,"H3","830260",8,212901,212901,4206492,0
2008,381,1,826,"H3","830260",8,6083,6083,388735,0
2008,381,2,826,"H3","830260",8,1828775,1828775,36289276,0
2008,381,1,757,"H3","8303",8,3719,3719,247289,0
2008,381,2,757,"H3","8303",8,142797,142797,1817408,0
2008,381,1,826,"H3","8303",8,45380,45380,251793,6
2008,381,2,826,"H3","8303",8,202188,202188,1968012,6
2008,381,1,757,"H3","830300",8,3719,3719,247289,0
2008,381,2,757,"H3","830300",8,142797,142797,1817408,0
2008,381,1,826,"H3","830300",8,45380,45380,251793,6
2008,381,2,826,"H3","830300",8,202188,202188,1968012,6
2008,381,1,757,"H3","8304",8,56,56,1882,0
2008,381,2,757,"H3","8304",8,1888,1888,43772,0
2008,381,1,826,"H3","8304",8,22180,22180,150012,0
2008,381,2,826,"H3","8304",8,5482,5482,60254,0
2008,381,1,757,"H3","830400",8,56,56,1882,0
2008,381,2,757,"H3","830400",8,1888,1888,43772,0
2008,381,1,826,"H3","830400",8,22180,22180,150012,0
2008,381,2,826,"H3","830400",8,5482,5482,60254,0
2008,381,1,757,"H3","8305",8,15514,15514,56184,0
2008,381,2,757,"H3","8305",8,135133,135133,1005727,0
2008,381,1,826,"H3","8305",8,9949,9949,44492,0
2008,381,2,826,"H3","8305",8,1396949,1396949,5361737,0
2008,381,1,757,"H3","830510",8,15404,15404,54123,0
2008,381,2,757,"H3","830510",8,66484,66484,404427,0
2008,381,1,826,"H3","830510",8,6550,6550,26535,0
2008,381,2,826,"H3","830510",8,1303806,1303806,4856175,0
2008,381,1,757,"H3","830520",8,110,110,2061,0
2008,381,2,757,"H3","830520",8,12250,12250,47016,0
2008,381,1,826,"H3","830520",8,1941,1941,7168,0
2008,381,2,826,"H3","830520",8,91973,91973,496586,0
2008,381,2,757,"H3","830590",8,56399,56399,554284,0
2008,381,1,826,"H3","830590",8,1458,1458,10789,0
2008,381,2,826,"H3","830590",8,1170,1170,8975,0
2008,381,1,757,"H3","8306",8,13859,13859,136170,0
2008,381,2,757,"H3","8306",8,251589,251589,4150086,0
2008,381,1,826,"H3","8306",8,23876,23876,719098,0
2008,381,2,826,"H3","8306",8,154027,154027,2280013,0
2008,381,1,757,"H3","830610",8,6946,6946,26926,0
2008,381,2,757,"H3","830610",8,15229,15229,225755,0
2008,381,1,826,"H3","830610",8,2,2,37,0
2008,381,2,826,"H3","830610",8,280,280,3831,0
2008,381,1,757,"H3","830621",8,8,8,1548,0
2008,381,2,757,"H3","830621",8,4378,4378,340982,0
2008,381,1,826,"H3","830621",8,124,124,2448,0
2008,381,2,826,"H3","830621",8,2749,2749,111764,0
2008,381,1,757,"H3","830629",8,4824,4824,101398,0
2008,381,2,757,"H3","830629",8,56765,56765,2288838,0
2008,381,1,826,"H3","830629",8,16154,16154,658975,0
2008,381,2,826,"H3","830629",8,62921,62921,1580968,0
2008,381,1,757,"H3","830630",8,2081,2081,6299,0
2008,381,2,757,"H3","830630",8,175217,175217,1294511,0
2008,381,1,826,"H3","830630",8,7596,7596,57638,0
2008,381,2,826,"H3","830630",8,88077,88077,583450,0
2008,381,1,757,"H3","8307",8,53418,53418,1459198,0
2008,381,2,757,"H3","8307",8,50360,50360,1178426,0
2008,381,1,826,"H3","8307",8,37137,37137,1607900,0
2008,381,2,826,"H3","8307",8,277490,277490,3887984,0
2008,381,1,757,"H3","830710",8,50268,50268,1374941,0
2008,381,2,757,"H3","830710",8,44624,44624,1078161,0
2008,381,1,826,"H3","830710",8,10114,10114,184881,0
2008,381,2,826,"H3","830710",8,265655,265655,3697285,0
2008,381,1,757,"H3","830790",8,3150,3150,84257,0
2008,381,2,757,"H3","830790",8,5736,5736,100265,0
2008,381,1,826,"H3","830790",8,27023,27023,1423019,0
2008,381,2,826,"H3","830790",8,11835,11835,190699,0
2008,381,1,757,"H3","8308",8,52230,52230,4646567,0
2008,381,2,757,"H3","8308",8,551491,551491,18348544,0
2008,381,1,826,"H3","8308",8,558010,558010,9326478,0
2008,381,2,826,"H3","8308",8,675014,675014,9515439,0
2008,381,1,757,"H3","830810",8,13545,13545,1217689,0
2008,381,2,757,"H3","830810",8,14697,14697,233668,0
2008,381,1,826,"H3","830810",8,22161,22161,89876,0
2008,381,2,826,"H3","830810",8,81032,81032,1433459,0
2008,381,1,757,"H3","830820",8,3181,3181,185217,0
2008,381,2,757,"H3","830820",8,190268,190268,2261682,0
2008,381,1,826,"H3","830820",8,516965,516965,8660715,0
2008,381,2,826,"H3","830820",8,171393,171393,1297009,0
2008,381,1,757,"H3","830890",8,35504,35504,3243661,0
2008,381,2,757,"H3","830890",8,346526,346526,15853194,0
2008,381,1,826,"H3","830890",8,18884,18884,575887,0
2008,381,2,826,"H3","830890",8,422589,422589,6784971,0
2008,381,1,757,"H3","8309",8,99150,99150,1151877,0
2008,381,2,757,"H3","8309",8,2426252,2426252,12109066,0
2008,381,1,826,"H3","8309",8,966533,966533,6806887,0
2008,381,2,826,"H3","8309",8,14108727,14108727,61961157,0
2008,381,1,757,"H3","830910",8,17220,17220,33809,0
2008,381,2,757,"H3","830910",8,1129517,1129517,3224815,0
2008,381,2,826,"H3","830910",8,4017242,4017242,11099649,0
2008,381,1,757,"H3","830990",8,81930,81930,1118068,0
2008,381,2,757,"H3","830990",8,1296735,1296735,8884251,0
2008,381,1,826,"H3","830990",8,966533,966533,6806887,0
2008,381,2,826,"H3","830990",8,10091485,10091485,50861507,0
2008,381,1,757,"H3","8310",8,4659,4659,124165,0
2008,381,2,757,"H3","8310",8,23146,23146,577474,0
2008,381,1,826,"H3","8310",8,5877,5877,442379,0
2008,381,2,826,"H3","8310",8,125868,125868,1230001,0
2008,381,1,757,"H3","831000",8,4659,4659,124165,0
2008,381,2,757,"H3","831000",8,23146,23146,577474,0
2008,381,1,826,"H3","831000",8,5877,5877,442379,0
2008,381,2,826,"H3","831000",8,125868,125868,1230001,0
2008,381,1,757,"H3","8311",8,10829,10829,388921,0
2008,381,2,757,"H3","8311",8,425715,425715,1834245,0
2008,381,1,826,"H3","8311",8,168715,168715,2688471,0
2008,381,2,826,"H3","8311",8,4288840,4288840,8501094,0
2008,381,1,757,"H3","831110",8,1966,1966,361937,0
2008,381,2,757,"H3","831110",8,74301,74301,329465,0
2008,381,1,826,"H3","831110",8,63139,63139,1249704,0
2008,381,2,826,"H3","831110",8,417459,417459,847759,0
2008,381,1,757,"H3","831120",8,7834,7834,23299,0
2008,381,2,757,"H3","831120",8,76902,76902,150970,0
2008,381,1,826,"H3","831120",8,80966,80966,788089,0
2008,381,2,826,"H3","831120",8,422737,422737,1401015,0
2008,381,2,757,"H3","831130",8,18252,18252,781142,0
2008,381,1,826,"H3","831130",8,6817,6817,87226,0
2008,381,2,826,"H3","831130",8,4579,4579,360322,0
2008,381,1,757,"H3","831190",8,1029,1029,3685,0
2008,381,2,757,"H3","831190",8,256260,256260,572669,0
2008,381,1,826,"H3","831190",8,17793,17793,563452,0
2008,381,2,826,"H3","831190",8,3444065,3444065,5891998,0
2008,381,1,757,"H3","84",1,,,1304660304,0
2008,381,2,757,"H3","84",1,,,2258879450,0
2008,381,1,826,"H3","84",1,,,2165098766,0
2008,381,2,826,"H3","84",1,,,5371210957,0
2008,381,1,757,"H3","8401",8,73,73,21262,0
2008,381,1,826,"H3","8401",8,5436,5436,62344,0
2008,381,2,826,"H3","8401",8,39,39,1282,0
2008,381,1,826,"H3","840120",8,5436,5436,62344,0
2008,381,2,826,"H3","840120",8,24,24,993,0
2008,381,1,757,"H3","840140",8,73,73,21262,0
2008,381,2,826,"H3","840140",8,15,15,289,0
2008,381,1,757,"H3","8402",8,3060,3060,107932,0
2008,381,2,757,"H3","8402",8,109448,109448,1521325,0
2008,381,1,826,"H3","8402",8,20479,20479,335293,0
2008,381,2,826,"H3","8402",8,302001,302001,3783361,0
2008,381,2,757,"H3","840212",8,825,825,18727,0
2008,381,2,826,"H3","840212",8,5758,5758,139876,0
2008,381,1,757,"H3","840219",8,2039,2039,53455,0
2008,381,2,757,"H3","840219",8,41124,41124,797330,0
2008,381,1,826,"H3","840219",8,18444,18444,285672,0
2008,381,2,826,"H3","840219",8,226524,226524,2843363,0
2008,381,2,757,"H3","840220",8,430,430,9154,0
2008,381,1,826,"H3","840220",8,50,50,4590,0
2008,381,2,826,"H3","840220",8,34715,34715,400365,0
2008,381,1,757,"H3","840290",8,1021,1021,54477,0
2008,381,2,757,"H3","840290",8,67069,67069,696114,0
2008,381,1,826,"H3","840290",8,1985,1985,45031,0
2008,381,2,826,"H3","840290",8,35004,35004,399758,0
2008,381,1,757,"H3","8403",1,,732195,13634842,0
2008,381,2,757,"H3","8403",1,,632137,5064566,0
2008,381,1,826,"H3","8403",1,,163302,1847926,0
2008,381,2,826,"H3","8403",1,,12493149,198671667,0
2008,381,1,757,"H3","840310",1,,586781,11669206,0
2008,381,2,757,"H3","840310",1,,556155,4310740,0
2008,381,1,826,"H3","840310",1,,15040,435919,0
2008,381,2,826,"H3","840310",1,,9995550,140033770,0
2008,381,1,757,"H3","840390",8,145414,145414,1965636,0
2008,381,2,757,"H3","840390",8,75982,75982,753826,0
2008,381,1,826,"H3","840390",8,148262,148262,1412007,0
2008,381,2,826,"H3","840390",8,2497599,2497599,58637897,0
2008,381,1,757,"H3","8404",8,14262,14262,205076,0
2008,381,2,757,"H3","8404",8,43935,43935,661153,0
2008,381,1,826,"H3","8404",8,145768,145768,3619788,0
2008,381,2,826,"H3","8404",8,1877768,1877768,21027767,0
2008,381,1,757,"H3","840410",8,4450,4450,25196,0
2008,381,2,757,"H3","840410",8,34803,34803,483770,0
2008,381,1,826,"H3","840410",8,132848,132848,3230151,0
2008,381,2,826,"H3","840410",8,1821321,1821321,20395009,0
2008,381,1,757,"H3","840420",8,128,128,2581,0
2008,381,2,757,"H3","840420",8,4110,4110,59440,0
2008,381,1,826,"H3","840420",8,6294,6294,243641,0
2008,381,1,757,"H3","840490",8,9684,9684,177299,0
2008,381,2,757,"H3","840490",8,5022,5022,117942,0
2008,381,1,826,"H3","840490",8,6626,6626,145996,0
2008,381,2,826,"H3","840490",8,56447,56447,632758,0
2008,381,1,757,"H3","8405",8,8547,8547,292186,0
2008,381,2,757,"H3","8405",8,14760,14760,376026,0
2008,381,1,826,"H3","8405",8,19130,19130,941984,0
2008,381,2,826,"H3","8405",8,21330,21330,822153,0
2008,381,1,757,"H3","840510",8,4967,4967,223877,0
2008,381,2,757,"H3","840510",8,12464,12464,285274,0
2008,381,1,826,"H3","840510",8,18659,18659,888704,0
2008,381,2,826,"H3","840510",8,14860,14860,741017,0
2008,381,1,757,"H3","840590",8,3580,3580,68308,0
2008,381,2,757,"H3","840590",8,2296,2296,90753,0
2008,381,1,826,"H3","840590",8,471,471,53280,0
2008,381,2,826,"H3","840590",8,6470,6470,81136,0
2008,381,1,757,"H3","8406",1,,59588,1174378,4
2008,381,2,757,"H3","8406",1,,581376,18255495,0
2008,381,1,826,"H3","8406",1,,4053,599750,0
2008,381,2,826,"H3","8406",1,,62142,7391071,0
2008,381,1,757,"H3","840610",1,,197,5386,4
2008,381,2,826,"H3","840681",1,,18000,1080287,0
2008,381,1,757,"H3","840682",1,,1495,17731,0
2008,381,2,757,"H3","840682",1,,12580,14682,0
2008,381,1,757,"H3","840690",8,57896,57896,1151261,0
2008,381,2,757,"H3","840690",8,568796,568796,18240813,0
2008,381,1,826,"H3","840690",8,4053,4053,599750,0
2008,381,2,826,"H3","840690",8,44142,44142,6310784,0
2008,381,1,757,"H3","8407",5,405,33030,1475255,0
2008,381,2,757,"H3","8407",5,16781,95026,4581928,0
2008,381,1,826,"H3","8407",5,505,55532,1559887,4
2008,381,2,826,"H3","8407",5,23050,1395557,25538221,4
2008,381,1,757,"H3","840710",5,2,366,603788,0
2008,381,2,757,"H3","840710",5,7,8059,1579424,0
2008,381,1,826,"H3","840710",5,3,1779,482269,4
2008,381,2,826,"H3","840710",5,5,56,13792,4
2008,381,2,757,"H3","840721",5,728,37298,964748,0
2008,381,2,826,"H3","840721",5,298,23588,679873,4
2008,381,1,757,"H3","840729",5,7,1010,44522,0
2008,381,2,757,"H3","840729",5,5,1050,171789,0
2008,381,1,826,"H3","840729",5,46,4676,105207,4
2008,381,2,826,"H3","840729",5,313,1463,25905,4
2008,381,1,757,"H3","840731",5,21,22,5734,0
2008,381,2,757,"H3","840731",5,55,1486,53510,0
2008,381,2,826,"H3","840731",5,1,42,700,4
2008,381,2,757,"H3","840732",5,1059,12580,581324,0
2008,381,2,826,"H3","840732",5,588,13984,626133,4
2008,381,1,757,"H3","840733",5,103,604,57129,0
2008,381,2,757,"H3","840733",5,319,1061,96517,0
2008,381,1,826,"H3","840733",5,24,4344,141672,4
2008,381,2,826,"H3","840733",5,107,8605,239774,4
2008,381,1,757,"H3","840734",5,203,15965,519164,0
2008,381,2,757,"H3","840734",5,39,2341,166350,0
2008,381,1,826,"H3","840734",5,427,43174,816259,4
2008,381,2,826,"H3","840734",5,6132,1186355,20564951,4
2008,381,1,757,"H3","840790",5,69,15063,244920,0
2008,381,2,757,"H3","840790",5,14569,31151,968266,0
2008,381,1,826,"H3","840790",5,5,1557,14480,4
2008,381,2,826,"H3","840790",5,15606,161464,3387093,4
2008,381,1,757,"H3","8408",5,108,18420,221923,0
2008,381,2,757,"H3","8408",5,4558,375894,8474171,0
2008,381,1,826,"H3","8408",5,35549,13179148,202591310,4
2008,381,2,826,"H3","8408",5,42004,15131699,229548893,4
2008,381,1,757,"H3","840810",5,1,700,4405,0
2008,381,2,757,"H3","840810",5,19,3639,83909,0
2008,381,1,826,"H3","840810",5,2788,1346273,35699476,4
2008,381,2,826,"H3","840810",5,130,91824,2432784,4
2008,381,1,757,"H3","840820",5,32,16042,189550,0
2008,381,2,757,"H3","840820",5,1545,86072,1851607,0
2008,381,1,826,"H3","840820",5,17848,6370542,73479161,4
2008,381,2,826,"H3","840820",5,36039,13351220,195817101,4
2008,381,1,757,"H3","840890",5,75,1678,27968,0
2008,381,2,757,"H3","840890",5,2994,286183,6538655,0
2008,381,1,826,"H3","840890",5,14913,5462332,93412673,4
2008,381,2,826,"H3","840890",5,5835,1688655,31299008,4
2008,381,1,757,"H3","8409",8,614724,614724,22541277,0
2008,381,2,757,"H3","8409",8,559582,559582,22551060,0
2008,381,1,826,"H3","8409",8,2962192,2962192,44100116,0
2008,381,2,826,"H3","8409",8,11132248,11132248,158707979,0
2008,381,1,757,"H3","840910",8,250,250,22121,0
2008,381,2,757,"H3","840910",8,506,506,19253,0
2008,381,1,826,"H3","840910",8,5051,5051,443851,0
2008,381,2,826,"H3","840910",8,1093,1093,37808,0
2008,381,1,757,"H3","840991",8,5784,5784,2610635,0
2008,381,2,757,"H3","840991",8,74983,74983,2771056,0
2008,381,1,826,"H3","840991",8,292823,292823,7380689,0
2008,381,2,826,"H3","840991",8,589231,589231,30651222,0
2008,381,1,757,"H3","840999",8,608690,608690,19908521,0
2008,381,2,757,"H3","840999",8,484093,484093,19760751,0
2008,381,1,826,"H3","840999",8,2664318,2664318,36275576,0
2008,381,2,826,"H3","840999",8,10541924,10541924,128018950,0
2008,381,1,757,"H3","8410",1,,57372,1838148,0
2008,381,2,757,"H3","8410",1,,188661,4296703,0
2008,381,1,826,"H3","8410",1,,1709,154836,0
2008,381,2,826,"H3","8410",1,,11109,286595,0
2008,381,2,757,"H3","841011",5,8,15447,246350,2
2008,381,2,757,"H3","841012",1,,272,8320,0
2008,381,1,757,"H3","841013",1,,6600,215032,0
2008,381,1,757,"H3","841090",8,50772,50772,1623116,0
2008,381,2,757,"H3","841090",8,172942,172942,4042032,0
2008,381,1,826,"H3","841090",8,1709,1709,154836,0
2008,381,2,826,"H3","841090",8,11109,11109,286595,0
2008,381,1,757,"H3","8411",1,,600778,76696946,0
2008,381,2,757,"H3","8411",1,,2432822,130959660,0
2008,381,1,826,"H3","8411",1,,,121280658,0
2008,381,2,826,"H3","8411",1,,200446,148517941,4
2008,381,1,826,"H3","841111",5,5,220,282354,4
2008,381,2,826,"H3","841111",5,2,4557,62802,4
2008,381,1,826,"H3","841112",5,263,15,20553,4
2008,381,1,757,"H3","841121",5,1,230,198514,0
2008,381,1,826,"H3","841121",5,4,1,2810,4
2008,381,1,757,"H3","841122",5,1,180,61419,0
2008,381,2,826,"H3","841122",5,1,2306,947657,4
2008,381,1,757,"H3","841181",5,156,44357,620892,0
2008,381,2,757,"H3","841181",5,295,5738,525228,0
2008,381,1,826,"H3","841181",5,1,,539045,0
2008,381,2,826,"H3","841181",5,14,14324,1128772,4
2008,381,1,757,"H3","841182",5,21,61311,6571527,0
2008,381,2,757,"H3","841182",5,1759,60593,1965782,0
2008,381,1,826,"H3","841182",5,9,56388,10718035,4
2008,381,2,826,"H3","841182",5,1,2179,87476,4
2008,381,1,757,"H3","841191",8,23826,23826,4708202,0
2008,381,2,757,"H3","841191",8,64211,64211,13632532,0
2008,381,1,826,"H3","841191",8,98924,98924,43916981,0
2008,381,2,826,"H3","841191",8,66719,66719,119413465,0
2008,381,1,757,"H3","841199",8,470874,470874,64536392,0
2008,381,2,757,"H3","841199",8,2302280,2302280,114836118,0
2008,381,1,826,"H3","841199",8,427329,427329,65800880,0
2008,381,2,826,"H3","841199",8,110362,110362,26877770,0
2008,381,1,757,"H3","8412",1,,43250,2738462,0
2008,381,2,757,"H3","8412",1,,361288,8198811,0
2008,381,1,826,"H3","8412",1,,,8501717,0
2008,381,2,826,"H3","8412",1,,1849153,29297627,4
2008,381,1,826,"H3","841210",5,15,,16234,0
2008,381,2,826,"H3","841210",5,8,55,1214,4
2008,381,1,757,"H3","841221",1,,15620,402333,0
2008,381,2,757,"H3","841221",1,,86864,1467790,0
2008,381,1,826,"H3","841221",1,,60336,1159815,0
2008,381,2,826,"H3","841221",1,,122681,1767766,0
2008,381,1,757,"H3","841229",1,,18982,1523358,0
2008,381,2,757,"H3","841229",1,,47233,1335128,0
2008,381,1,826,"H3","841229",1,,149635,2792952,0
2008,381,2,826,"H3","841229",1,,1166360,14914412,0
2008,381,1,757,"H3","841231",1,,2102,218470,0
2008,381,2,757,"H3","841231",1,,15069,426552,0
2008,381,1,826,"H3","841231",1,,8000,521835,0
2008,381,2,826,"H3","841231",1,,126298,3450044,0
2008,381,1,757,"H3","841239",1,,892,99311,0
2008,381,2,757,"H3","841239",1,,136719,3186774,0
2008,381,1,826,"H3","841239",1,,108478,1426100,0
2008,381,2,826,"H3","841239",1,,332786,5272308,0
2008,381,1,757,"H3","841280",1,,560,40339,0
2008,381,2,757,"H3","841280",1,,23061,178300,0
2008,381,1,826,"H3","841280",1,,9397,834005,0
2008,381,2,826,"H3","841280",1,,22334,696921,0
2008,381,1,757,"H3","841290",8,5094,5094,454651,0
2008,381,2,757,"H3","841290",8,52342,52342,1604267,0
2008,381,1,826,"H3","841290",8,109287,109287,1750777,0
2008,381,2,826,"H3","841290",8,78639,78639,3194961,0
2008,381,1,757,"H3","8413",1,,763085,29623839,0
2008,381,2,757,"H3","8413",1,,3380467,71601333,0
2008,381,1,826,"H3","8413",1,,4133102,95043374,4
2008,381,2,826,"H3","8413",1,,8806915,167985760,4
2008,381,1,757,"H3","841311",5,58,74,12409,0
2008,381,2,757,"H3","841311",5,1853,11491,309390,0
2008,381,1,826,"H3","841311",5,1710,583988,12208343,4
2008,381,2,826,"H3","841311",5,9849,30723,613614,4
2008,381,1,757,"H3","841319",5,6994,6988,346308,0
2008,381,2,757,"H3","841319",5,2104,32234,731226,0
2008,381,1,826,"H3","841319",5,32279,131128,1504135,4
2008,381,2,826,"H3","841319",5,14397,66268,1222145,4
2008,381,1,757,"H3","841320",5,1372,2227,74177,0
2008,381,2,757,"H3","841320",5,1072,3978,141884,0
2008,381,1,826,"H3","841320",5,1457100,85352,1538982,4
2008,381,2,826,"H3","841320",5,19345,44787,708649,4
2008,381,1,757,"H3","841330",5,3634,6133,360442,0
2008,381,2,757,"H3","841330",5,142545,155087,3520162,0
2008,381,1,826,"H3","841330",5,179748,462664,11885871,4
2008,381,2,826,"H3","841330",5,2042083,1206688,39462155,4
2008,381,1,757,"H3","841340",5,89,3500,141343,0
2008,381,2,757,"H3","841340",5,97,55120,1464751,0
2008,381,2,826,"H3","841340",5,4,2238,35528,4
2008,381,1,757,"H3","841350",5,41268,7577,1448013,2
2008,381,2,757,"H3","841350",5,69987,64321,1996985,2
2008,381,1,826,"H3","841350",5,2537854,335066,11769519,6
2008,381,2,826,"H3","841350",5,78139,481552,10650132,6
2008,381,1,757,"H3","841360",5,4761,23832,1886047,2
2008,381,2,757,"H3","841360",5,62436,221993,8361368,2
2008,381,1,826,"H3","841360",5,78241,211473,8985535,6
2008,381,2,826,"H3","841360",5,86230,447429,9825056,6
2008,381,1,757,"H3","841370",5,791905,218077,6358786,0
2008,381,2,757,"H3","841370",5,15168,171545,4073983,0
2008,381,1,826,"H3","841370",5,99390,706234,11707125,4
2008,381,2,826,"H3","841370",5,291558,696322,15821377,4
2008,381,1,757,"H3","841381",5,170892,147251,4632387,0
2008,381,2,757,"H3","841381",5,4866470,2385272,43684766,0
2008,381,1,826,"H3","841381",5,974746,701479,4896445,4
2008,381,2,826,"H3","841381",5,2095049,4421470,61355351,4
2008,381,1,757,"H3","841382",5,63,4251,154798,0
2008,381,2,757,"H3","841382",5,156,24730,372991,0
2008,381,1,826,"H3","841382",5,5199,32056,291178,4
2008,381,2,826,"H3","841382",5,336,25529,346059,4
2008,381,1,757,"H3","841391",8,342581,342581,14123908,0
2008,381,2,757,"H3","841391",8,230144,230144,6483155,0
2008,381,1,826,"H3","841391",8,877959,877959,30085643,0
2008,381,2,826,"H3","841391",8,1360235,1360235,27481573,0
2008,381,1,757,"H3","841392",8,594,594,85222,0
2008,381,2,757,"H3","841392",8,24552,24552,460670,0
2008,381,1,826,"H3","841392",8,5703,5703,170596,0
2008,381,2,826,"H3","841392",8,23673,23673,464123,0
2008,381,1,757,"H3","8414",1,,3376957,98800550,0
2008,381,2,757,"H3","8414",1,,6667613,85465041,0
2008,381,1,826,"H3","8414",1,,14483128,164369172,4
2008,381,2,826,"H3","8414",1,,24505443,359605977,4
2008,381,1,757,"H3","841410",5,1513,46001,2365842,0
2008,381,2,757,"H3","841410",5,4491,181337,3276837,0
2008,381,1,826,"H3","841410",5,77603,416645,10610290,4
2008,381,2,826,"H3","841410",5,363680,769958,18208515,4
2008,381,1,757,"H3","841420",5,259,143,20672,0
2008,381,2,757,"H3","841420",5,6846,18112,345311,0
2008,381,1,826,"H3","841420",5,6283,27233,129394,4
2008,381,2,826,"H3","841420",5,17657,16498,214096,4
2008,381,1,757,"H3","841430",5,336,7184,59594,0
2008,381,2,757,"H3","841430",5,100944,1054020,9602006,0
2008,381,1,826,"H3","841430",5,74153,1866958,14331287,4
2008,381,2,826,"H3","841430",5,112666,987847,8901433,4
2008,381,1,757,"H3","841440",5,31,16045,169850,0
2008,381,2,757,"H3","841440",5,7682,315144,3944793,0
2008,381,1,826,"H3","841440",5,615,403537,1769210,4
2008,381,2,826,"H3","841440",5,8939,260176,2674133,4
2008,381,1,757,"H3","841451",5,547,1484,85028,0
2008,381,2,757,"H3","841451",5,68036,82350,1398262,0
2008,381,1,826,"H3","841451",5,8731,67884,258191,4
2008,381,2,826,"H3","841451",5,287724,579108,7669852,4
2008,381,1,757,"H3","841459",5,1172775,621078,8143655,0
2008,381,2,757,"H3","841459",5,227367,942724,11516195,0
2008,381,1,826,"H3","841459",5,43832,599713,9502047,4
2008,381,2,826,"H3","841459",5,596984,1970880,21888970,4
2008,381,1,757,"H3","841460",5,533,14720,95555,0
2008,381,2,757,"H3","841460",5,100453,1519396,21267394,0
2008,381,1,826,"H3","841460",5,481,11753,70753,4
2008,381,2,826,"H3","841460",5,440761,5119739,59631993,4
2008,381,1,757,"H3","841480",5,792,1138890,32923893,0
2008,381,2,757,"H3","841480",5,17068,1150570,12036803,0
2008,381,1,826,"H3","841480",5,250308,8153562,75801051,4
2008,381,2,826,"H3","841480",5,720842,8487863,192992807,4
2008,381,1,757,"H3","841490",8,1531412,1531412,54936462,0
2008,381,2,757,"H3","841490",8,1403960,1403960,22077440,0
2008,381,1,826,"H3","841490",8,2935843,2935843,51896949,0
2008,381,2,826,"H3","841490",8,6313373,6313373,47424177,0
2008,381,1,757,"H3","8415",1,,183699,5158540,0
2008,381,2,757,"H3","8415",1,,3756739,59882771,0
2008,381,1,826,"H3","8415",1,,1429123,34859010,0
2008,381,2,826,"H3","8415",1,,5251145,93187659,0
2008,381,1,757,"H3","841510",5,140,1173,37361,2
2008,381,2,757,"H3","841510",5,33411,465703,8360824,2
2008,381,1,826,"H3","841510",5,20671,365962,5518468,2
2008,381,2,826,"H3","841510",5,17087,191268,4275975,2
2008,381,1,757,"H3","841520",5,7,80,2603,2
2008,381,2,757,"H3","841520",1,,7795,167107,0
2008,381,1,826,"H3","841520",5,8835,207993,3380979,2
2008,381,2,826,"H3","841520",1,,48361,1915595,0
2008,381,1,757,"H3","841581",1,,230,4630,0
2008,381,2,757,"H3","841581",5,4864,217164,4169616,2
2008,381,1,826,"H3","841581",1,,5847,76934,0
2008,381,2,826,"H3","841581",5,8182,320580,7013330,2
2008,381,1,757,"H3","841582",1,,23480,474959,0
2008,381,2,757,"H3","841582",1,,1013804,19769758,0
2008,381,1,826,"H3","841582",1,,94691,10000402,0
2008,381,2,826,"H3","841582",1,,2765984,46049666,0
2008,381,1,757,"H3","841583",1,,10142,223099,0
2008,381,2,757,"H3","841583",1,,1640294,20481808,0
2008,381,1,826,"H3","841583",1,,115767,2013933,0
2008,381,2,826,"H3","841583",1,,1203441,19375340,0
2008,381,1,757,"H3","841590",8,148594,148594,4415887,0
2008,381,2,757,"H3","841590",8,411979,411979,6933658,0
2008,381,1,826,"H3","841590",8,638863,638863,13868293,0
2008,381,2,826,"H3","841590",8,721511,721511,14557753,0
2008,381,1,757,"H3","8416",8,40699,40699,1906313,6
2008,381,2,757,"H3","8416",8,49403,49403,1568500,0
2008,381,1,826,"H3","8416",8,271825,271825,3864487,6
2008,381,2,826,"H3","8416",8,1341056,1341056,30132909,6
2008,381,1,757,"H3","841610",8,10490,10490,544971,6
2008,381,2,757,"H3","841610",8,25078,25078,747522,0
2008,381,1,826,"H3","841610",8,16304,16304,451295,6
2008,381,2,826,"H3","841610",8,640390,640390,10879623,6
2008,381,1,757,"H3","841620",8,22350,22350,692134,0
2008,381,2,757,"H3","841620",8,6358,6358,262287,0
2008,381,1,826,"H3","841620",8,55263,55263,1432033,6
2008,381,2,826,"H3","841620",8,251729,251729,5921774,6
2008,381,1,757,"H3","841630",8,2600,2600,1542,0
2008,381,2,757,"H3","841630",8,185,185,17497,0
2008,381,1,757,"H3","841690",8,5259,5259,667666,0
2008,381,2,757,"H3","841690",8,17782,17782,541195,0
2008,381,1,826,"H3","841690",8,200257,200257,1981159,0
2008,381,2,826,"H3","841690",8,448937,448937,13331512,0
2008,381,1,757,"H3","8417",1,,57116,1405131,0
2008,381,2,757,"H3","8417",1,,606197,9444021,0
2008,381,1,826,"H3","8417",1,,76302,2589810,0
2008,381,2,826,"H3","8417",1,,724795,11974074,0
2008,381,1,757,"H3","841710",1,,424,8987,0
2008,381,2,757,"H3","841710",5,21,35235,619742,2
2008,381,1,826,"H3","841710",1,,6302,126175,0
2008,381,2,826,"H3","841710",5,25,41495,740269,2
2008,381,1,757,"H3","841720",1,,220,11191,0
2008,381,2,757,"H3","841720",5,238,79345,1290982,2
2008,381,1,826,"H3","841720",1,,390,128968,0
2008,381,2,826,"H3","841720",5,1030,247019,5577243,2
2008,381,1,757,"H3","841780",1,,18160,162784,0
2008,381,2,757,"H3","841780",1,,353437,4384018,0
2008,381,1,826,"H3","841780",1,,12145,365476,0
2008,381,2,826,"H3","841780",1,,295112,2024039,0
2008,381,1,757,"H3","841790",8,38312,38312,1222168,0
2008,381,2,757,"H3","841790",8,138180,138180,3149279,0
2008,381,1,826,"H3","841790",8,57465,57465,1969191,0
2008,381,2,826,"H3","841790",8,141169,141169,3632524,0
2008,381,1,757,"H3","8418",1,,162938,4521443,0
2008,381,2,757,"H3","8418",1,,10325503,97497913,0
2008,381,1,826,"H3","8418",1,,1752612,20356173,4
2008,381,2,826,"H3","8418",1,,44548331,322321242,4
2008,381,1,757,"H3","841810",5,31,923,19900,0
2008,381,2,757,"H3","841810",5,42781,2422835,17391599,0
2008,381,1,826,"H3","841810",5,35,19431,104920,4
2008,381,2,826,"H3","841810",5,143607,15714154,66938817,4
2008,381,1,757,"H3","841821",5,870,22800,420673,0
2008,381,2,757,"H3","841821",5,48033,2020929,14830320,0
2008,381,1,826,"H3","841821",5,5433,318422,1509534,4
2008,381,2,826,"H3","841821",5,193341,11537456,55528292,4
2008,381,1,757,"H3","841829",5,216,10472,112920,0
2008,381,2,757,"H3","841829",5,985,52992,738919,0
2008,381,1,826,"H3","841829",5,7,480,2605,4
2008,381,2,826,"H3","841829",5,7481,77709,732471,4
2008,381,1,757,"H3","841830",5,38,1708,11506,0
2008,381,2,757,"H3","841830",5,2731,147912,1095940,0
2008,381,1,826,"H3","841830",5,4053,280076,1406420,4
2008,381,2,826,"H3","841830",5,57299,1845821,13549605,4
2008,381,1,757,"H3","841840",5,85,6196,38616,0
2008,381,2,757,"H3","841840",5,36125,2236671,13422318,0
2008,381,1,826,"H3","841840",5,3080,202007,911874,4
2008,381,2,826,"H3","841840",5,49372,3960119,21071036,4
2008,381,1,757,"H3","841850",5,420,12609,194779,0
2008,381,2,757,"H3","841850",5,15727,2014774,28936346,0
2008,381,1,826,"H3","841850",5,10354,68330,396213,4
2008,381,2,826,"H3","841850",5,37741,6502453,81960777,4
2008,381,1,757,"H3","841861",1,,50088,2115155,0
2008,381,2,757,"H3","841861",1,,168062,3348278,0
2008,381,1,826,"H3","841861",1,,6558,143826,0
2008,381,2,826,"H3","841861",1,,902266,18285161,0
2008,381,1,757,"H3","841869",8,46272,46272,1377088,0
2008,381,2,757,"H3","841869",8,306246,306246,5880408,0
2008,381,1,826,"H3","841869",8,358290,358290,5175413,0
2008,381,2,826,"H3","841869",8,1406104,1406104,26414114,0
2008,381,2,757,"H3","841891",8,43801,43801,582849,0
2008,381,1,826,"H3","841891",8,300,300,39352,0
2008,381,2,826,"H3","841891",8,183414,183414,2553276,0
2008,381,1,757,"H3","841899",8,11870,11870,230808,0
2008,381,2,757,"H3","841899",8,911281,911281,11270937,0
2008,381,1,826,"H3","841899",8,498719,498719,10666016,0
2008,381,2,826,"H3","841899",8,2418835,2418835,35287694,0
2008,381,1,757,"H3","8419",1,,1166943,50485112,0
2008,381,2,757,"H3","8419",1,,2833932,75285551,0
2008,381,1,826,"H3","8419",1,,382275,13518897,0
2008,381,2,826,"H3","8419",1,,7490935,161380861,0
2008,381,2,757,"H3","841911",1,,445,6896,0
2008,381,1,826,"H3","841911",1,,25980,1098091,0
2008,381,2,826,"H3","841911",1,,3872,141601,0
2008,381,1,757,"H3","841919",5,3177,193432,1533114,2
2008,381,2,757,"H3","841919",5,2049,23053,643213,2
2008,381,1,826,"H3","841919",5,4161,47228,2008155,2
2008,381,2,826,"H3","841919",5,5045,170369,1584028,2
2008,381,1,757,"H3","841920",1,,14441,989144,0
2008,381,2,757,"H3","841920",5,786,38617,3311300,2
2008,381,1,826,"H3","841920",1,,5935,308479,0
2008,381,2,826,"H3","841920",5,1252,62529,5277842,2
2008,381,1,757,"H3","841931",5,1,516,30375,2
2008,381,2,757,"H3","841931",5,2,5992,68854,2
2008,381,1,826,"H3","841931",5,0,100,10954,2
2008,381,2,826,"H3","841931",5,72,395492,2865499,2
2008,381,1,757,"H3","841932",1,,10000,12188,0
2008,381,2,757,"H3","841932",5,6,6025,171510,2
2008,381,1,826,"H3","841932",1,,17807,474296,0
2008,381,2,826,"H3","841932",5,64,238901,1856693,2
2008,381,1,757,"H3","841939",1,,57742,5586384,0
2008,381,2,757,"H3","841939",1,,78084,1031518,0
2008,381,1,826,"H3","841939",1,,11331,221772,0
2008,381,2,826,"H3","841939",1,,655108,10961129,0
2008,381,1,757,"H3","841940",1,,5868,878195,0
2008,381,2,757,"H3","841940",1,,22306,1131780,0
2008,381,1,826,"H3","841940",1,,1065,38450,0
2008,381,2,826,"H3","841940",1,,25885,979772,0
2008,381,1,757,"H3","841950",1,,110888,2724200,0
2008,381,2,757,"H3","841950",1,,1086402,18973391,0
2008,381,1,826,"H3","841950",1,,133166,4302812,0
2008,381,2,826,"H3","841950",1,,2423593,44363569,0
2008,381,1,757,"H3","841960",1,,8200,410787,0
2008,381,2,757,"H3","841960",5,4,3884,121895,2
2008,381,1,826,"H3","841960",1,,630,66627,0
2008,381,2,826,"H3","841960",5,0,127,2511,2
2008,381,1,757,"H3","841981",1,,416521,18495750,0
2008,381,2,757,"H3","841981",1,,822821,28645223,0
2008,381,1,826,"H3","841981",1,,10624,603142,0
2008,381,2,826,"H3","841981",1,,1669265,56823168,0
2008,381,1,757,"H3","841989",1,,128515,7809167,0
2008,381,2,757,"H3","841989",1,,362453,8132621,0
2008,381,1,826,"H3","841989",1,,26445,1355988,0
2008,381,2,826,"H3","841989",1,,905274,19052275,0
2008,381,1,757,"H3","841990",8,220820,220820,12015807,0
2008,381,2,757,"H3","841990",8,383850,383850,13047350,0
2008,381,1,826,"H3","841990",8,101964,101964,3030131,0
2008,381,2,826,"H3","841990",8,940520,940520,17472776,0
2008,381,1,757,"H3","8420",1,,58941,975254,0
2008,381,2,757,"H3","8420",1,,242608,4297937,0
2008,381,1,826,"H3","8420",1,,43615,377510,0
2008,381,2,826,"H3","8420",1,,83973,2612043,0
2008,381,1,757,"H3","842010",1,,30874,681179,0
2008,381,2,757,"H3","842010",1,,32730,869434,0
2008,381,1,826,"H3","842010",1,,90,2242,0
2008,381,2,826,"H3","842010",1,,51947,1655409,0
2008,381,1,757,"H3","842091",8,27965,27965,275070,0
2008,381,2,757,"H3","842091",8,142290,142290,1301979,0
2008,381,1,826,"H3","842091",8,43085,43085,368550,0
2008,381,2,826,"H3","842091",8,5327,5327,168780,0
2008,381,1,757,"H3","842099",8,102,102,19006,0
2008,381,2,757,"H3","842099",8,67588,67588,2126525,0
2008,381,1,826,"H3","842099",8,440,440,6717,0
2008,381,2,826,"H3","842099",8,26699,26699,787853,0
2008,381,1,757,"H3","8421",1,,575517,29192852,0
2008,381,2,757,"H3","8421",1,,1626195,34861657,0
2008,381,1,826,"H3","8421",1,,3007514,91249105,0
2008,381,2,826,"H3","8421",1,,4459344,74600582,4
2008,381,1,757,"H3","842111",1,,15,1863,0
2008,381,2,757,"H3","842111",1,,2137,177553,0
2008,381,1,826,"H3","842111",1,,195,14322,0
2008,381,2,826,"H3","842111",1,,4710,338878,0
2008,381,2,757,"H3","842112",5,12,375,11064,0
2008,381,2,826,"H3","842112",5,1,96,1543,4
2008,381,1,757,"H3","842119",1,,6106,446695,0
2008,381,2,757,"H3","842119",5,60,51012,829719,2
2008,381,1,826,"H3","842119",1,,4958,1373323,0
2008,381,2,826,"H3","842119",5,226,61150,3125874,2
2008,381,1,757,"H3","842121",1,,33902,1348964,0
2008,381,2,757,"H3","842121",1,,475357,6924067,0
2008,381,1,826,"H3","842121",1,,81600,3141451,0
2008,381,2,826,"H3","842121",1,,682705,10148712,0
2008,381,1,757,"H3","842122",1,,1802,59905,0
2008,381,2,757,"H3","842122",1,,18162,1112410,0
2008,381,1,826,"H3","842122",1,,32802,3204105,0
2008,381,2,826,"H3","842122",1,,52407,499026,0
2008,381,1,757,"H3","842123",5,9576,1435,58293,2
2008,381,2,757,"H3","842123",5,648065,42859,1554916,2
2008,381,1,826,"H3","842123",5,1590236,630629,9680556,2
2008,381,2,826,"H3","842123",5,5949920,947912,14275776,2
2008,381,1,757,"H3","842129",1,,39517,3567105,0
2008,381,2,757,"H3","842129",1,,140221,5854260,0
2008,381,1,826,"H3","842129",1,,407814,20381743,0
2008,381,2,826,"H3","842129",1,,824707,13706747,0
2008,381,1,757,"H3","842131",5,12811,3044,173534,2
2008,381,2,757,"H3","842131",1,,63207,1158371,0
2008,381,1,826,"H3","842131",5,624891,615510,8464498,2
2008,381,2,826,"H3","842131",1,,281361,3756169,0
2008,381,1,757,"H3","842139",1,,136609,4376590,0
2008,381,2,757,"H3","842139",1,,463880,8592429,0
2008,381,1,826,"H3","842139",1,,334636,19740471,0
2008,381,2,826,"H3","842139",1,,860751,15118400,0
2008,381,1,757,"H3","842191",8,116994,116994,9663073,0
2008,381,2,757,"H3","842191",8,5974,5974,266644,0
2008,381,1,826,"H3","842191",8,11778,11778,743574,0
2008,381,2,826,"H3","842191",8,21992,21992,849101,0
2008,381,1,757,"H3","842199",8,236093,236093,9496830,0
2008,381,2,757,"H3","842199",8,363011,363011,8380224,0
2008,381,1,826,"H3","842199",8,887592,887592,24505062,0
2008,381,2,826,"H3","842199",8,721553,721553,12780356,0
2008,381,1,757,"H3","8422",1,,605721,44323454,0
2008,381,2,757,"H3","8422",1,,4378278,174514966,0
2008,381,1,826,"H3","8422",1,,261345,14287658,4
2008,381,2,826,"H3","8422",1,,15582664,361176458,4
2008,381,1,757,"H3","842211",5,489,15950,142174,0
2008,381,2,757,"H3","842211",5,57201,2373551,24103195,0
2008,381,1,826,"H3","842211",5,354,16274,94997,4
2008,381,2,826,"H3","842211",5,287182,10269555,81007942,4
2008,381,1,757,"H3","842219",5,13,1717,69352,0
2008,381,2,757,"H3","842219",5,2588,143590,3854154,0
2008,381,1,826,"H3","842219",5,158,3966,107516,4
2008,381,2,826,"H3","842219",5,18874,1268689,33329567,4
2008,381,1,757,"H3","842220",1,,39477,742110,0
2008,381,2,757,"H3","842220",5,64,38612,1816753,2
2008,381,1,826,"H3","842220",1,,550,20221,0
2008,381,2,826,"H3","842220",5,162,71166,4624146,2
2008,381,1,757,"H3","842230",1,,64861,5495749,0
2008,381,2,757,"H3","842230",5,814,277454,19605801,2
2008,381,1,826,"H3","842230",1,,55183,4023590,0
2008,381,2,826,"H3","842230",5,1895,706741,45614734,2
2008,381,1,757,"H3","842240",1,,345506,25921997,0
2008,381,2,757,"H3","842240",1,,1021537,83854056,0
2008,381,1,826,"H3","842240",1,,115563,2632946,0
2008,381,2,826,"H3","842240",1,,2562808,145898935,0
2008,381,1,757,"H3","842290",8,138210,138210,11952072,0
2008,381,2,757,"H3","842290",8,523534,523534,41281008,0
2008,381,1,826,"H3","842290",8,69809,69809,7408387,0
2008,381,2,826,"H3","842290",8,703705,703705,50701134,0
2008,381,1,757,"H3","8423",1,,98499,5806451,0
2008,381,2,757,"H3","8423",1,,136068,2171116,0
2008,381,1,826,"H3","8423",1,,297308,10028434,4
2008,381,2,826,"H3","8423",1,,342242,5215818,4
2008,381,2,757,"H3","842310",5,5813,2565,47181,0
2008,381,1,826,"H3","842310",5,36251,93585,516898,4
2008,381,2,826,"H3","842310",5,1001,2430,35871,4
2008,381,1,757,"H3","842320",5,6,1150,99404,0
2008,381,2,757,"H3","842320",5,27,20452,100203,0
2008,381,2,826,"H3","842320",5,125,3294,97743,4
2008,381,1,757,"H3","842330",5,195,39574,2011249,0
2008,381,2,757,"H3","842330",5,4,2641,47285,0
2008,381,1,826,"H3","842330",5,92,107574,5248150,4
2008,381,2,826,"H3","842330",5,84,54173,1646571,4
2008,381,1,757,"H3","842381",5,87,1211,65471,0
2008,381,2,757,"H3","842381",5,2910,14375,969454,0
2008,381,1,826,"H3","842381",5,2014,26876,1407019,4
2008,381,2,826,"H3","842381",5,1381,45687,951592,4
2008,381,1,757,"H3","842382",5,21,1787,202458,0
2008,381,2,757,"H3","842382",5,614,2061,65754,0
2008,381,1,826,"H3","842382",5,122,2397,45354,4
2008,381,2,826,"H3","842382",5,37,1287,49106,4
2008,381,1,757,"H3","842389",5,1566,44794,2437475,0
2008,381,2,757,"H3","842389",5,25,645,42060,0
2008,381,1,826,"H3","842389",5,51,265,7214,4
2008,381,2,826,"H3","842389",5,21,1264,17300,4
2008,381,1,757,"H3","842390",8,9983,9983,990394,0
2008,381,2,757,"H3","842390",8,93329,93329,899180,0
2008,381,1,826,"H3","842390",8,66611,66611,2803798,0
2008,381,2,826,"H3","842390",8,234106,234106,2417636,0
2008,381,1,757,"H3","8424",1,,488207,24576277,0
2008,381,2,757,"H3","8424",1,,2843844,41200308,0
2008,381,1,826,"H3","8424",1,,347723,12425715,4
2008,381,2,826,"H3","8424",1,,5655647,68863959,4
2008,381,1,757,"H3","842410",1,,13676,405783,0
2008,381,2,757,"H3","842410",1,,66383,1039108,0
2008,381,1,826,"H3","842410",1,,12265,365097,0
2008,381,2,826,"H3","842410",1,,295851,1849664,0
2008,381,1,757,"H3","842420",1,,64727,3726721,0
2008,381,2,757,"H3","842420",1,,227018,4362104,0
2008,381,1,826,"H3","842420",1,,24663,1690700,0
2008,381,2,826,"H3","842420",1,,66504,1858040,0
2008,381,1,757,"H3","842430",5,45137,96354,2954601,2
2008,381,2,757,"H3","842430",5,77473,1022755,14313396,2
2008,381,1,826,"H3","842430",5,17492,29476,1194580,6
2008,381,2,826,"H3","842430",5,192193,1802616,26950410,6
2008,381,1,757,"H3","842481",5,102,8139,114461,0
2008,381,2,757,"H3","842481",5,63966,154022,2361742,2
2008,381,1,826,"H3","842481",5,50800,37088,525207,6
2008,381,2,826,"H3","842481",5,260099,941123,6612225,6
2008,381,1,757,"H3","842489",1,,147200,9832946,0
2008,381,2,757,"H3","842489",1,,342413,4033739,0
2008,381,1,826,"H3","842489",1,,63278,1506282,0
2008,381,2,826,"H3","842489",1,,1597852,15357188,0
2008,381,1,757,"H3","842490",8,158111,158111,7541764,0
2008,381,2,757,"H3","842490",8,1031253,1031253,15090220,0
2008,381,1,826,"H3","842490",8,180953,180953,7143848,0
2008,381,2,826,"H3","842490",8,951701,951701,16236431,0
2008,381,1,757,"H3","8425",5,1733,71444,1869103,0
2008,381,2,757,"H3","8425",5,7135,1021815,9201012,0
2008,381,1,826,"H3","8425",5,14770,,4216635,0
2008,381,2,826,"H3","8425",5,24677,5314380,39119595,4
2008,381,1,757,"H3","842511",5,1473,41735,1300678,0
2008,381,2,757,"H3","842511",5,221,16573,396217,0
2008,381,1,826,"H3","842511",5,661,35951,375696,4
2008,381,2,826,"H3","842511",5,2179,330590,3700619,4
2008,381,1,757,"H3","842519",5,25,449,11748,0
2008,381,2,757,"H3","842519",5,460,39766,549967,0
2008,381,1,826,"H3","842519",5,5133,43172,212407,4
2008,381,2,826,"H3","842519",5,1364,18355,322341,4
2008,381,1,757,"H3","842531",5,19,8261,201856,0
2008,381,2,757,"H3","842531",5,129,24435,811469,0
2008,381,1,826,"H3","842531",5,4022,48509,973535,4
2008,381,2,826,"H3","842531",5,2159,380121,4080032,4
2008,381,1,757,"H3","842539",5,10,3562,163972,0
2008,381,2,757,"H3","842539",5,893,118141,1893194,0
2008,381,1,826,"H3","842539",5,536,25180,566327,4
2008,381,2,826,"H3","842539",5,2812,185304,3739961,4
2008,381,1,757,"H3","842541",5,8,11260,51988,0
2008,381,2,757,"H3","842541",5,1406,652716,3855325,0
2008,381,1,826,"H3","842541",5,172,6771,14216,4
2008,381,2,826,"H3","842541",5,4149,3613852,19550003,4
2008,381,1,757,"H3","842542",5,6,930,9767,0
2008,381,2,757,"H3","842542",5,3020,127618,1196062,0
2008,381,1,826,"H3","842542",5,1457,571011,2032103,4
2008,381,2,826,"H3","842542",5,10030,583056,5437056,4
2008,381,1,757,"H3","842549",5,192,5247,129094,0
2008,381,2,757,"H3","842549",5,1006,42566,498777,0
2008,381,1,826,"H3","842549",5,2789,,42350,0
2008,381,2,826,"H3","842549",5,1984,203101,2289582,4
2008,381,1,757,"H3","8426",1,,360900,727924,0
2008,381,2,757,"H3","8426",1,,4723458,27167122,0
2008,381,1,826,"H3","8426",1,,145700,1702660,0
2008,381,2,826,"H3","8426",1,,13732919,107923927,4
2008,381,1,757,"H3","842611",1,,2500,30229,0
2008,381,2,757,"H3","842611",1,,266714,1245566,0
2008,381,2,826,"H3","842611",1,,6250,29878,0
2008,381,2,757,"H3","842612",1,,220055,1150630,0
2008,381,2,826,"H3","842612",1,,1096080,6283685,0
2008,381,1,757,"H3","842619",1,,16446,49100,0
2008,381,2,757,"H3","842619",1,,16947,66248,0
2008,381,1,826,"H3","842619",1,,1728,68368,0
2008,381,1,757,"H3","842620",5,3,272750,412410,2
2008,381,2,757,"H3","842620",5,125,2979510,9903104,2
2008,381,2,826,"H3","842620",5,563,7241880,44777389,2
2008,381,1,757,"H3","842630",1,,3860,41548,0
2008,381,2,757,"H3","842630",1,,3525,57934,0
2008,381,1,826,"H3","842630",1,,107,534,0
2008,381,2,826,"H3","842630",1,,33800,249595,0
2008,381,1,757,"H3","842641",1,,57600,86986,0
2008,381,2,757,"H3","842641",5,17,157385,1514569,2
2008,381,1,826,"H3","842641",1,,32200,185520,0
2008,381,2,826,"H3","842641",5,182,2221617,15785229,2
2008,381,1,757,"H3","842649",1,,2274,24811,0
2008,381,2,757,"H3","842649",1,,175794,1515667,0
2008,381,1,826,"H3","842649",1,,109139,1432948,0
2008,381,2,826,"H3","842649",1,,203594,5100412,0
2008,381,1,757,"H3","842691",5,2,5470,82838,0
2008,381,2,757,"H3","842691",5,1135,698184,10210017,2
2008,381,2,826,"H3","842691",5,1750,2526900,26932664,6
2008,381,2,757,"H3","842699",5,75,205344,1503387,2
2008,381,1,826,"H3","842699",1,,2526,15289,0
2008,381,2,826,"H3","842699",5,440,402798,8765074,2
2008,381,1,757,"H3","8427",5,82,246009,1228179,0
2008,381,2,757,"H3","8427",5,6788,2617650,24845290,0
2008,381,1,826,"H3","8427",5,19006,21489082,119701250,4
2008,381,2,826,"H3","8427",5,5248,6761617,58055917,4
2008,381,1,757,"H3","842710",5,57,151364,375200,0
2008,381,2,757,"H3","842710",5,1054,1178517,10665864,0
2008,381,1,826,"H3","842710",5,8153,7562329,52831506,4
2008,381,2,826,"H3","842710",5,1971,3424173,31289791,4
2008,381,1,757,"H3","842720",5,12,63470,532458,0
2008,381,2,757,"H3","842720",5,933,1068736,10526986,0
2008,381,1,826,"H3","842720",5,468,6075552,29951861,4
2008,381,2,826,"H3","842720",5,602,2981374,23955249,4
2008,381,1,757,"H3","842790",5,13,31175,320521,0
2008,381,2,757,"H3","842790",5,4801,370397,3652440,0
2008,381,1,826,"H3","842790",5,10385,7851201,36917883,4
2008,381,2,826,"H3","842790",5,2675,356070,2810877,4
2008,381,1,757,"H3","8428",1,,1276203,18991805,0
2008,381,2,757,"H3","8428",1,,7592561,65026290,0
2008,381,1,826,"H3","8428",1,,976129,13480786,0
2008,381,2,826,"H3","8428",1,,11255905,91138193,0
2008,381,1,757,"H3","842810",5,6,7652,142910,2
2008,381,2,757,"H3","842810",5,2059,5622413,40352941,2
2008,381,1,826,"H3","842810",5,179,315657,4371407,2
2008,381,2,826,"H3","842810",5,3077,9377003,60325778,2
2008,381,1,757,"H3","842820",1,,15503,523855,0
2008,381,2,757,"H3","842820",5,153,235617,2288055,2
2008,381,1,826,"H3","842820",1,,130626,1234042,0
2008,381,2,826,"H3","842820",5,120,127631,1782727,2
2008,381,1,757,"H3","842833",5,121,100436,2438547,2
2008,381,2,757,"H3","842833",5,287,177784,3985344,2
2008,381,1,826,"H3","842833",5,18,3051,356487,2
2008,381,2,826,"H3","842833",5,550,317074,7627349,2
2008,381,1,757,"H3","842839",1,,155770,2485681,0
2008,381,2,757,"H3","842839",5,709,539237,8618095,2
2008,381,2,757,"H3","842840",5,6,14409,161552,2
2008,381,1,826,"H3","842840",5,40,47133,1655941,2
2008,381,2,826,"H3","842840",5,5,7631,142643,2
2008,381,1,757,"H3","842860",1,,280,2790,0
2008,381,2,757,"H3","842860",1,,643428,5056297,0
2008,381,1,826,"H3","842860",1,,2268,66606,0
2008,381,1,757,"H3","842890",1,,671088,11844666,0
2008,381,2,757,"H3","842890",5,115,338849,4425990,2
2008,381,1,826,"H3","842890",1,,93888,1139152,0
2008,381,2,826,"H3","842890",5,343,675477,13137060,2
2008,381,1,757,"H3","8429",5,293,615475,3406905,0
2008,381,2,757,"H3","8429",5,1274,2997584,27664025,0
2008,381,1,826,"H3","8429",5,4715,23387691,155440569,4
2008,381,2,826,"H3","8429",5,2448,26162805,120585647,4
2008,381,1,757,"H3","842911",5,1,2320,4421,0
2008,381,2,757,"H3","842911",5,1,1350,2973,0
2008,381,2,826,"H3","842911",5,7,157747,1181485,4
2008,381,1,826,"H3","842919",5,1,36,206,4
2008,381,2,757,"H3","842920",5,1,70,2418,0
2008,381,1,826,"H3","842920",5,5,8519,97739,4
2008,381,1,757,"H3","842940",5,78,142080,1694816,0
2008,381,2,757,"H3","842940",5,543,193019,1148500,0
2008,381,1,826,"H3","842940",5,20,40323,269600,4
2008,381,2,826,"H3","842940",5,23,17001,73793,4
2008,381,1,757,"H3","842951",5,17,152690,594513,0
2008,381,2,757,"H3","842951",5,211,240334,2158538,0
2008,381,1,757,"H3","842952",5,43,249763,858598,0
2008,381,2,757,"H3","842952",5,460,2452566,23097503,0
2008,381,1,826,"H3","842952",5,1219,11239863,58518432,4
2008,381,2,826,"H3","842952",5,1875,21807380,91605672,4
2008,381,1,757,"H3","842959",5,154,68622,254557,0
2008,381,2,757,"H3","842959",5,57,92145,1070302,0
2008,381,1,826,"H3","842959",5,2663,10380577,80177564,4
2008,381,2,826,"H3","842959",5,440,3297037,23030245,4
2008,381,1,757,"H3","8430",1,,184033,1979205,0
2008,381,2,757,"H3","8430",1,,639354,11761889,0
2008,381,1,826,"H3","8430",1,,151124,2018204,4
2008,381,2,826,"H3","8430",1,,2739688,42120480,4
2008,381,1,757,"H3","843010",5,2,41740,153144,0
2008,381,2,757,"H3","843010",5,5,27110,544473,0
2008,381,2,826,"H3","843010",5,1,4443,77242,4
2008,381,1,757,"H3","843020",5,30,16316,325632,0
2008,381,2,757,"H3","843020",5,11,5372,124740,0
2008,381,1,757,"H3","843031",1,,750,66046,0
2008,381,2,757,"H3","843031",1,,39136,618463,0
2008,381,1,826,"H3","843031",1,,40000,97642,0
2008,381,2,826,"H3","843031",1,,67194,502130,0
2008,381,1,757,"H3","843039",1,,800,4759,0
2008,381,2,757,"H3","843039",1,,3937,65329,0
2008,381,1,826,"H3","843039",1,,3900,323026,0
2008,381,2,826,"H3","843039",1,,1984,67926,0
2008,381,1,757,"H3","843041",5,5,80650,1216231,2
2008,381,2,757,"H3","843041",1,,414763,8094565,0
2008,381,1,826,"H3","843041",5,1,11215,275456,2
2008,381,2,826,"H3","843041",1,,2380346,36292905,0
2008,381,1,757,"H3","843049",1,,29227,192773,0
2008,381,2,757,"H3","843049",1,,85350,1670956,0
2008,381,1,826,"H3","843049",1,,40245,566890,0
2008,381,2,757,"H3","842930",5,1,18100,183791,0
2008,381,2,826,"H3","842951",5,103,883640,4694452,4
2008,381,1,826,"H3","842951",5,807,1718373,16377028,4
2008,381,2,826,"H3","842839",5,630,688781,7653670,2
2008,381,1,826,"H3","842839",1,,383506,4657151,0
2008,381,2,826,"H3","842832",5,19,61689,464534,2
2008,381,2,757,"H3","842832",5,2,5852,49037,2
2008,381,2,826,"H3","842831",1,,619,4431,0
2008,381,2,757,"H3","842831",1,,14972,88979,0
2008,381,1,757,"H3","842831",1,,325474,1553356,0
2008,381,2,826,"H3","843049",1,,187233,4037349,0
2008,381,1,757,"H3","843050",1,,2200,3851,0
2008,381,2,757,"H3","843050",5,3,4120,99135,2
2008,381,1,826,"H3","843050",1,,675,6822,0
2008,381,2,826,"H3","843050",5,1,2445,28830,2
2008,381,1,826,"H3","843061",5,49,33170,383512,4
2008,381,1,757,"H3","843069",1,,12350,16769,0
2008,381,2,757,"H3","843069",1,,59566,544227,0
2008,381,1,826,"H3","843069",1,,21919,364858,0
2008,381,2,826,"H3","843069",1,,96043,1114097,0
2008,381,1,757,"H3","8431",8,1633442,1633442,36168650,0
2008,381,2,757,"H3","8431",8,9818568,9818568,87719266,0
2008,381,1,826,"H3","8431",8,5001481,5001481,56155686,0
2008,381,2,826,"H3","8431",8,23448434,23448434,210327984,0
2008,381,1,757,"H3","843110",8,42788,42788,321944,0
2008,381,2,757,"H3","843110",8,117985,117985,1068044,0
2008,381,1,826,"H3","843110",8,11059,11059,336237,0
2008,381,2,826,"H3","843110",8,637595,637595,8842595,0
2008,381,1,757,"H3","843120",8,8227,8227,230972,0
2008,381,2,757,"H3","843120",8,368845,368845,4405983,0
2008,381,1,826,"H3","843120",8,1272633,1272633,6667827,0
2008,381,2,826,"H3","843120",8,1426681,1426681,16559524,0
2008,381,1,757,"H3","843131",8,952483,952483,29916961,0
2008,381,2,757,"H3","843131",8,5677358,5677358,50437654,0
2008,381,1,826,"H3","843131",8,839632,839632,13755318,0
2008,381,2,826,"H3","843131",8,3743619,3743619,36104764,0
2008,381,1,757,"H3","843139",8,176427,176427,3601951,0
2008,381,2,757,"H3","843139",8,981927,981927,8663799,0
2008,381,1,826,"H3","843139",8,316541,316541,3518628,0
2008,381,2,826,"H3","843139",8,1225302,1225302,14554974,0
2008,381,1,757,"H3","843141",8,28110,28110,55280,0
2008,381,2,757,"H3","843141",8,698326,698326,5794173,0
2008,381,1,826,"H3","843141",8,40409,40409,449782,0
2008,381,2,826,"H3","843141",8,523067,523067,5351622,0
2008,381,1,757,"H3","843142",8,7085,7085,41106,0
2008,381,2,757,"H3","843142",8,5925,5925,60897,0
2008,381,1,826,"H3","843142",8,387,387,693,0
2008,381,2,826,"H3","843142",8,140498,140498,249455,0
2008,381,1,757,"H3","843143",8,15565,15565,150462,0
2008,381,2,757,"H3","843143",8,328401,328401,5373591,0
2008,381,1,826,"H3","843143",8,726510,726510,12557185,0
2008,381,2,826,"H3","843143",8,625991,625991,11049870,0
2008,381,1,757,"H3","843149",8,402757,402757,1849974,0
2008,381,2,757,"H3","843149",8,1639801,1639801,11915127,0
2008,381,1,826,"H3","843149",8,1794310,1794310,18870015,0
2008,381,2,826,"H3","843149",8,15125681,15125681,117615181,0
2008,381,1,757,"H3","8432",1,,23766,390159,0
2008,381,2,757,"H3","8432",1,,1283587,13374086,0
2008,381,1,826,"H3","8432",1,,92520,1366827,4
2008,381,2,826,"H3","8432",1,,7168544,44761650,4
2008,381,2,757,"H3","843210",5,323,79536,375916,0
2008,381,1,826,"H3","843210",5,19,7564,56879,4
2008,381,2,826,"H3","843210",5,189,55605,426939,4
2008,381,2,757,"H3","843221",5,5,1190,9687,0
2008,381,2,826,"H3","843221",5,22,47512,261279,4
2008,381,1,757,"H3","843229",5,2,1824,29516,0
2008,381,2,757,"H3","843229",5,1851,214768,2008972,0
2008,381,1,826,"H3","843229",5,73,17824,142105,4
2008,381,2,826,"H3","843229",5,3898,1090466,7645665,4
2008,381,1,757,"H3","843230",5,2,4660,65670,0
2008,381,2,757,"H3","843230",5,73,46113,669118,0
2008,381,1,826,"H3","843230",5,16,9944,73894,4
2008,381,2,826,"H3","843230",5,75,98254,1082856,4
2008,381,1,757,"H3","843240",5,23,11096,186732,0
2008,381,2,757,"H3","843240",5,178,48133,452637,0
2008,381,1,826,"H3","843240",5,24,4660,36144,4
2008,381,2,826,"H3","843240",5,3126,163917,966964,4
2008,381,1,757,"H3","843280",1,,4290,69691,0
2008,381,2,757,"H3","843280",5,1470,487839,5619819,2
2008,381,1,826,"H3","843280",1,,13351,363818,0
2008,381,2,826,"H3","843280",5,2166,1221712,8283180,2
2008,381,1,757,"H3","843290",8,1896,1896,38550,0
2008,381,2,757,"H3","843290",8,406008,406008,4237936,0
2008,381,1,826,"H3","843290",8,39178,39178,693988,0
2008,381,2,826,"H3","843290",8,4491078,4491078,26094767,0
2008,381,1,757,"H3","8433",1,,82826,1167274,0
2008,381,2,757,"H3","8433",1,,1884186,22214340,0
2008,381,1,826,"H3","8433",1,,806616,7648316,4
2008,381,2,826,"H3","8433",1,,9709491,82475390,4
2008,381,1,757,"H3","843311",5,32,5725,41193,0
2008,381,2,757,"H3","843311",5,27698,919994,10206266,0
2008,381,1,826,"H3","843311",5,18507,311171,2109428,4
2008,381,2,826,"H3","843311",5,201560,7257675,60416383,4
2008,381,1,757,"H3","843319",5,14,4640,123889,0
2008,381,2,757,"H3","843319",5,691,29580,373385,0
2008,381,1,826,"H3","843319",5,1313,190708,1568792,4
2008,381,2,826,"H3","843319",5,1624,134858,1683158,4
2008,381,1,757,"H3","843320",5,23,9816,180633,0
2008,381,2,757,"H3","843320",5,1496,250714,2616751,0
2008,381,1,826,"H3","843320",5,464,9449,85621,4
2008,381,2,826,"H3","843320",5,2025,430685,4213743,4
2008,381,1,757,"H3","843330",5,7,3905,64018,0
2008,381,2,757,"H3","843330",5,2264,185211,1985651,0
2008,381,1,826,"H3","843330",5,250,99,808,4
2008,381,2,826,"H3","843330",5,133,64057,295279,4
2008,381,1,757,"H3","843340",5,2,10510,198125,0
2008,381,2,757,"H3","843340",5,51,37280,379659,0
2008,381,1,826,"H3","843340",5,3,36319,311094,4
2008,381,2,826,"H3","843340",5,46,85213,709837,4
2008,381,1,757,"H3","843351",5,3,25880,48216,0
2008,381,2,757,"H3","843351",5,7,78480,1084311,0
2008,381,1,826,"H3","843351",5,1,55984,530907,4
2008,381,2,826,"H3","843351",5,57,844732,6878745,4
2008,381,1,757,"H3","843352",5,1,2000,17620,0
2008,381,2,757,"H3","843352",5,4,6500,58173,0
2008,381,2,826,"H3","843352",5,76,148098,1418219,4
2008,381,1,757,"H3","843353",5,1,231,4707,0
2008,381,2,757,"H3","843353",5,11,4831,52027,0
2008,381,2,826,"H3","843353",5,1,1001,10465,4
2008,381,1,757,"H3","843359",5,5,2980,1837,0
2008,381,2,757,"H3","843359",5,346,134281,1603514,0
2008,381,1,826,"H3","843359",5,35,125265,1339335,4
2008,381,2,826,"H3","843359",5,503,110215,1287110,4
2008,381,1,757,"H3","843360",5,1,2212,30342,2
2008,381,2,757,"H3","843360",5,40,42570,1111381,2
2008,381,1,826,"H3","843360",5,0,174,2150,2
2008,381,2,826,"H3","843360",5,29,26085,818518,2
2008,381,1,757,"H3","843390",8,14927,14927,456694,0
2008,381,2,757,"H3","843390",8,194745,194745,2743222,0
2008,381,1,826,"H3","843390",8,77447,77447,1700181,0
2008,381,2,826,"H3","843390",8,606872,606872,4743931,0
2008,381,1,757,"H3","8434",1,,3619,133476,0
2008,381,2,757,"H3","8434",1,,88272,2439349,0
2008,381,1,826,"H3","8434",1,,88148,1864562,0
2008,381,2,826,"H3","8434",1,,37959,2553153,0
2008,381,2,757,"H3","843410",1,,11800,298188,0
2008,381,2,826,"H3","843410",1,,5362,78338,0
2008,381,1,757,"H3","843420",1,,1106,44610,0
2008,381,2,757,"H3","843420",1,,53071,1435296,0
2008,381,1,826,"H3","843420",1,,48,76760,0
2008,381,2,826,"H3","843420",1,,8838,604118,0
2008,381,1,757,"H3","843490",8,2513,2513,88866,0
2008,381,2,757,"H3","843490",8,23401,23401,705866,0
2008,381,1,826,"H3","843490",8,88100,88100,1787802,0
2008,381,2,826,"H3","843490",8,23759,23759,1870698,0
2008,381,1,757,"H3","8435",1,,13034,444450,0
2008,381,2,757,"H3","8435",1,,628249,3418007,0
2008,381,1,826,"H3","8435",1,,749,21430,0
2008,381,2,826,"H3","8435",1,,12672,179578,0
2008,381,2,757,"H3","843510",1,,585449,2660548,0
2008,381,1,826,"H3","843510",1,,722,20920,0
2008,381,2,826,"H3","843510",1,,11764,168478,0
2008,381,1,757,"H3","843590",8,13034,13034,444450,0
2008,381,2,757,"H3","843590",8,42800,42800,757460,0
2008,381,1,826,"H3","843590",8,27,27,509,0
2008,381,2,826,"H3","843590",8,908,908,11100,0
2008,381,1,757,"H3","8436",1,,10114,183461,0
2008,381,2,757,"H3","8436",1,,669110,5193069,0
2008,381,1,826,"H3","8436",1,,50748,700298,4
2008,381,2,826,"H3","8436",1,,1309228,11220970,4
2008,381,1,757,"H3","843610",1,,2983,9581,0
2008,381,2,757,"H3","843610",5,253,563267,3803216,2
2008,381,1,826,"H3","843610",1,,40071,346702,0
2008,381,2,826,"H3","843610",5,85,147554,1275295,2
2008,381,2,757,"H3","843621",1,,3542,79892,0
2008,381,1,826,"H3","843621",1,,4616,196643,0
2008,381,2,826,"H3","843621",1,,27347,468855,0
2008,381,2,757,"H3","843629",1,,3408,47769,0
2008,381,1,826,"H3","843629",1,,179,1982,0
2008,381,2,826,"H3","843629",1,,833113,5760585,0
2008,381,1,757,"H3","843680",5,15280,6298,139582,2
2008,381,2,757,"H3","843680",5,8026,48291,551854,2
2008,381,1,826,"H3","843680",5,8,862,8961,4
2008,381,2,826,"H3","843680",5,29083,239912,2688373,6
2008,381,2,757,"H3","843691",8,1003,1003,11659,0
2008,381,1,826,"H3","843691",8,85,85,2622,0
2008,381,2,826,"H3","843691",8,6972,6972,63899,0
2008,381,1,757,"H3","843699",8,833,833,34298,0
2008,381,2,757,"H3","843699",8,49599,49599,698679,0
2008,381,1,826,"H3","843699",8,4935,4935,143387,0
2008,381,2,826,"H3","843699",8,54330,54330,963963,0
2008,381,1,757,"H3","8437",1,,119428,3102129,0
2008,381,2,757,"H3","8437",1,,56950,1592754,0
2008,381,1,826,"H3","8437",1,,,2098390,0
2008,381,2,826,"H3","8437",1,,466546,1808161,0
2008,381,1,757,"H3","843710",5,3,168,58010,0
2008,381,1,826,"H3","843710",5,23,,1817793,0
2008,381,1,757,"H3","843780",5,74,76970,1681498,2
2008,381,2,757,"H3","843780",5,70,13781,1060290,2
2008,381,1,826,"H3","843780",5,1,665,21412,2
2008,381,2,826,"H3","843780",5,104,452573,1573359,2
2008,381,1,757,"H3","843790",8,42290,42290,1362621,0
2008,381,2,757,"H3","843790",8,43169,43169,532463,0
2008,381,1,826,"H3","843790",8,21761,21761,259184,0
2008,381,2,826,"H3","843790",8,13973,13973,234803,0
2008,381,1,757,"H3","8438",1,,543896,18517381,0
2008,381,2,757,"H3","8438",1,,795002,23854471,0
2008,381,1,826,"H3","8438",1,,105596,5067687,0
2008,381,2,826,"H3","8438",1,,1291326,45008797,0
2008,381,1,757,"H3","843810",1,,126146,5075892,0
2008,381,2,757,"H3","843810",5,1094,262870,9247046,2
2008,381,1,826,"H3","843810",1,,21913,1613637,0
2008,381,2,826,"H3","843810",5,2410,750273,20368988,2
2008,381,1,757,"H3","843820",1,,13809,146316,0
2008,381,2,757,"H3","843820",1,,22384,1556652,0
2008,381,1,826,"H3","843820",1,,40872,1105476,0
2008,381,2,826,"H3","843820",1,,32707,1122880,0
2008,381,2,757,"H3","843830",1,,219215,2512967,0
2008,381,1,826,"H3","843830",5,0,38,548,2
2008,381,2,826,"H3","843830",1,,342,3258,0
2008,381,2,757,"H3","843840",5,0,21,4579,2
2008,381,1,826,"H3","843840",1,,4499,97160,0
2008,381,2,826,"H3","843840",5,2,900,34283,2
2008,381,1,757,"H3","843850",1,,11471,775216,0
2008,381,2,757,"H3","843850",5,298,105758,3160235,2
2008,381,1,826,"H3","843850",1,,798,45513,0
2008,381,2,826,"H3","843850",5,531,145338,5637768,2
2008,381,1,757,"H3","843860",1,,828,27597,0
2008,381,2,757,"H3","843860",5,38,31062,1011760,2
2008,381,1,826,"H3","843860",1,,4332,155436,0
2008,381,2,826,"H3","843860",5,285,141740,7657609,2
2008,381,1,757,"H3","843880",1,,17288,575360,0
2008,381,2,757,"H3","843880",1,,51676,2014318,0
2008,381,1,826,"H3","843880",1,,6145,357291,0
2008,381,2,826,"H3","843880",1,,42969,1705610,0
2008,381,1,757,"H3","843890",8,374354,374354,11917001,0
2008,381,2,757,"H3","843890",8,102016,102016,4346915,0
2008,381,1,826,"H3","843890",8,26999,26999,1692627,0
2008,381,2,826,"H3","843890",8,177057,177057,8478402,0
2008,381,1,757,"H3","8439",1,,28903,1381519,0
2008,381,2,757,"H3","8439",1,,158174,4498146,0
2008,381,1,826,"H3","8439",1,,2128020,7954916,0
2008,381,2,826,"H3","8439",1,,736941,23128811,0
2008,381,1,757,"H3","843910",1,,500,1875,0
2008,381,2,757,"H3","843910",1,,1060,24012,0
2008,381,2,826,"H3","843910",1,,25109,918438,0
2008,381,2,757,"H3","843920",1,,446,36670,0
2008,381,1,826,"H3","843920",1,,35963,302866,0
2008,381,2,826,"H3","843920",1,,5835,219056,0
2008,381,1,757,"H3","843930",1,,12994,902761,0
2008,381,2,757,"H3","843930",5,6,2514,284059,2
2008,381,1,826,"H3","843930",1,,2538,285647,0
2008,381,2,826,"H3","843930",5,34,25220,1558117,2
2008,381,1,757,"H3","843991",8,1174,1174,101785,0
2008,381,2,757,"H3","843991",8,4602,4602,223381,0
2008,381,1,826,"H3","843991",8,1191,1191,82402,0
2008,381,2,826,"H3","843991",8,4014,4014,216457,0
2008,381,1,757,"H3","843999",8,14235,14235,375097,0
2008,381,2,757,"H3","843999",8,149552,149552,3930023,0
2008,381,1,826,"H3","843999",8,2088328,2088328,7284000,0
2008,381,2,826,"H3","843999",8,676763,676763,20216743,0
2008,381,1,757,"H3","8440",1,,182106,9180205,0
2008,381,2,757,"H3","8440",1,,200192,5006933,0
2008,381,1,826,"H3","8440",1,,76976,3543166,0
2008,381,2,826,"H3","8440",1,,147234,3048811,0
2008,381,1,757,"H3","844010",1,,33183,1366340,0
2008,381,2,757,"H3","844010",5,136,39774,2024821,2
2008,381,1,826,"H3","844010",1,,72148,3103637,0
2008,381,2,826,"H3","844010",5,179,142565,2667115,2
2008,381,1,757,"H3","844090",8,148923,148923,7813865,0
2008,381,2,757,"H3","844090",8,160418,160418,2982112,0
2008,381,1,826,"H3","844090",8,4828,4828,439529,0
2008,381,2,826,"H3","844090",8,4669,4669,381696,0
2008,381,1,757,"H3","8441",1,,391932,9647043,0
2008,381,2,757,"H3","8441",1,,624983,15312529,0
2008,381,1,826,"H3","8441",1,,151844,6758633,0
2008,381,2,826,"H3","8441",1,,804631,25003933,0
2008,381,1,757,"H3","844110",1,,81555,3281207,0
2008,381,2,757,"H3","844110",1,,443186,7003213,0
2008,381,1,826,"H3","844110",1,,33345,1272433,0
2008,381,2,826,"H3","844110",1,,67433,3377899,0
2008,381,2,757,"H3","844120",5,1,95,21260,2
2008,381,2,826,"H3","844120",5,4,10005,135856,2
2008,381,1,757,"H3","844130",5,19,124250,1399462,2
2008,381,2,757,"H3","844130",5,10,11310,460116,2
2008,381,1,826,"H3","844130",5,0,1951,20374,2
2008,381,2,826,"H3","844130",5,41,63484,1907657,2
2008,381,2,757,"H3","844140",5,4,9860,108794,2
2008,381,2,826,"H3","844140",5,24,15085,698836,2
2008,381,1,757,"H3","844180",1,,71844,1847451,0
2008,381,2,757,"H3","844180",5,30,14917,970916,2
2008,381,1,826,"H3","844180",1,,39233,541084,0
2008,381,2,826,"H3","844180",5,357,409369,11458116,2
2008,381,1,757,"H3","844190",8,114283,114283,3118923,0
2008,381,2,757,"H3","844190",8,145615,145615,6748231,0
2008,381,1,826,"H3","844190",8,77315,77315,4924741,0
2008,381,2,826,"H3","844190",8,239255,239255,7425569,0
2008,381,1,757,"H3","8442",1,,131898,6378536,0
2008,381,2,757,"H3","8442",1,,391743,6972479,0
2008,381,1,826,"H3","8442",1,,118534,5138575,4
2008,381,2,826,"H3","8442",1,,96590,3897221,4
2008,381,1,757,"H3","844230",5,15,8466,764995,2
2008,381,2,757,"H3","844230",5,51,39114,1214474,2
2008,381,1,826,"H3","844230",5,18,13528,850540,6
2008,381,2,826,"H3","844230",5,68,5448,192470,6
2008,381,1,757,"H3","844240",8,2303,2303,571341,0
2008,381,2,757,"H3","844240",8,121976,121976,2855116,0
2008,381,1,826,"H3","844240",8,13356,13356,847223,0
2008,381,2,826,"H3","844240",8,36011,36011,1280368,0
2008,381,1,757,"H3","844250",8,121129,121129,5042199,0
2008,381,2,757,"H3","844250",8,230653,230653,2902889,0
2008,381,1,826,"H3","844250",8,91650,91650,3440812,0
2008,381,2,826,"H3","844250",8,55131,55131,2424383,0
2008,381,1,757,"H3","8443",1,,488923,26558927,0
2008,381,2,757,"H3","8443",1,,762805,25036928,0
2008,381,1,826,"H3","8443",1,,,108115570,0
2008,381,2,826,"H3","8443",1,,,46944062,0
2008,381,1,757,"H3","844311",5,13,73767,3126450,0
2008,381,2,757,"H3","844311",5,2,17015,26049,0
2008,381,1,826,"H3","844311",5,87,1516831,30746453,4
2008,381,2,757,"H3","844312",5,7,780,44744,0
2008,381,1,826,"H3","844312",5,725,10410,333975,4
2008,381,2,826,"H3","844312",5,9,274,6968,4
2008,381,1,757,"H3","844313",5,51,101354,1597786,0
2008,381,2,757,"H3","844313",5,5,82320,237774,0
2008,381,1,826,"H3","844313",5,34,109675,3290249,4
2008,381,2,826,"H3","844313",5,11,98138,1139745,4
2008,381,1,757,"H3","844314",5,4,10710,306845,0
2008,381,2,757,"H3","844314",5,1,6500,14902,0
2008,381,1,826,"H3","844314",5,8,62192,783917,4
2008,381,2,826,"H3","844314",5,2,,181552,0
2008,381,2,757,"H3","844315",5,3,10746,1234522,0
2008,381,1,826,"H3","844315",5,14,,67399,0
2008,381,2,826,"H3","844315",5,1,19,537,4
2008,381,1,757,"H3","844316",5,6,64330,4707594,0
2008,381,2,757,"H3","844316",5,110,150740,9697024,0
2008,381,1,826,"H3","844316",5,2,5515,293660,4
2008,381,2,826,"H3","844316",5,11,68848,2905200,4
2008,381,2,757,"H3","844317",5,57,154474,4996587,0
2008,381,2,826,"H3","844317",5,1,502,17577,4
2008,381,1,757,"H3","844319",5,122,33551,1700137,0
2008,381,2,757,"H3","844319",5,688,33271,1421426,0
2008,381,1,826,"H3","844319",5,214,89235,3852598,4
2008,381,2,826,"H3","844319",5,747,80100,2640554,4
2008,381,1,757,"H3","844331",5,2,7,3421,0
2008,381,2,757,"H3","844331",5,318,20699,649780,0
2008,381,1,826,"H3","844331",5,21201,165508,2995740,4
2008,381,2,826,"H3","844331",5,21892,431711,8323761,4
2008,381,1,757,"H3","844332",5,26,7476,603805,0
2008,381,2,757,"H3","844332",5,1769,14599,839036,0
2008,381,1,826,"H3","844332",5,59305,640163,20487963,4
2008,381,2,826,"H3","844332",5,22656,218698,8782475,4
2008,381,1,757,"H3","844339",5,95,15065,1266528,0
2008,381,2,757,"H3","844339",5,29,12206,237514,0
2008,381,1,826,"H3","844339",5,887,61218,699958,4
2008,381,2,826,"H3","844339",5,351,8842,167822,4
2008,381,1,757,"H3","844391",8,45699,45699,1822091,0
2008,381,2,757,"H3","844391",8,96744,96744,2244560,0
2008,381,1,826,"H3","844391",8,104666,104666,8590403,0
2008,381,2,826,"H3","844391",8,77686,77686,3017004,0
2008,381,1,757,"H3","844399",8,136964,136964,11424269,0
2008,381,2,757,"H3","844399",8,162711,162711,3393010,0
2008,381,1,826,"H3","844399",8,583190,583190,35973255,0
2008,381,2,826,"H3","844399",8,411717,411717,19760867,0
2008,381,1,757,"H3","8444",5,13,29264,1355953,0
2008,381,2,757,"H3","8444",5,104,24733,503386,0
2008,381,1,826,"H3","8444",5,276,4934,112290,4
2008,381,1,757,"H3","844400",5,13,29264,1355953,0
2008,381,2,757,"H3","844400",5,104,24733,503386,0
2008,381,1,826,"H3","844400",5,276,4934,112290,4
2008,381,1,757,"H3","8445",5,81,255989,8417970,0
2008,381,2,757,"H3","8445",5,257,394142,8207887,0
2008,381,1,826,"H3","8445",5,8,19410,305111,4
2008,381,2,826,"H3","8445",5,34,103413,1186026,4
2008,381,1,757,"H3","844511",5,2,21070,741284,0
2008,381,2,826,"H3","844511",5,1,156,1468,4
2008,381,1,757,"H3","844512",5,4,17200,100330,0
2008,381,2,826,"H3","844512",5,4,12219,161502,4
2008,381,1,757,"H3","844513",5,2,11125,188532,0
2008,381,2,757,"H3","844513",5,6,47986,590916,0
2008,381,1,757,"H3","844519",5,9,4150,420418,0
2008,381,2,757,"H3","844519",5,26,5551,269661,0
2008,381,2,826,"H3","844519",5,3,20393,226471,4
2008,381,1,757,"H3","844520",5,8,58063,1192463,0
2008,381,2,757,"H3","844520",5,3,2316,130974,0
2008,381,1,826,"H3","844520",5,3,10526,110122,4
2008,381,2,826,"H3","844520",5,1,39172,298652,4
2008,381,2,757,"H3","844530",5,117,251060,4697574,0
2008,381,1,826,"H3","844530",5,1,3392,46251,4
2008,381,2,826,"H3","844530",5,12,6511,81485,4
2008,381,1,757,"H3","844540",5,33,43628,2528169,0
2008,381,2,757,"H3","844540",5,14,30202,938290,0
2008,381,2,826,"H3","844540",5,7,12613,295481,4
2008,381,1,757,"H3","844590",5,23,100753,3246774,0
2008,381,2,757,"H3","844590",5,91,57027,1580473,0
2008,381,1,826,"H3","844590",5,4,5493,148737,4
2008,381,2,826,"H3","844590",5,6,12349,120967,4
2008,381,1,757,"H3","8446",5,685,451160,5690732,0
2008,381,2,757,"H3","8446",5,172,375934,5855820,0
2008,381,1,826,"H3","8446",5,5,10759,113793,4
2008,381,2,826,"H3","8446",5,12,128052,1081111,4
2008,381,1,757,"H3","844610",5,31,25202,1685268,0
2008,381,2,757,"H3","844610",5,12,16095,872445,0
2008,381,2,826,"H3","844621",5,2,78943,591011,4
2008,381,1,757,"H3","844629",5,475,60229,475473,0
2008,381,2,757,"H3","844629",5,8,54,10302,0
2008,381,2,826,"H3","844629",5,4,10142,67338,4
2008,381,1,757,"H3","844630",5,179,365729,3529991,0
2008,381,2,757,"H3","844630",5,152,359785,4973072,0
2008,381,1,826,"H3","844630",5,5,10759,113793,4
2008,381,2,826,"H3","844630",5,6,38966,422762,4
2008,381,1,757,"H3","8447",5,99,183486,7557502,0
2008,381,2,757,"H3","8447",5,102,81647,2517095,0
2008,381,1,826,"H3","8447",5,58,94058,2302805,4
2008,381,2,826,"H3","8447",5,44,277264,4376547,4
2008,381,2,757,"H3","844711",5,28,6190,115225,0
2008,381,2,826,"H3","844711",5,14,6376,371153,4
2008,381,1,826,"H3","844712",5,10,62011,990037,4
2008,381,1,757,"H3","844720",5,70,79984,3881926,0
2008,381,2,757,"H3","844720",5,4,4773,128248,0
2008,381,1,826,"H3","844720",5,29,19297,911706,4
2008,381,2,826,"H3","844720",5,25,152375,2889220,4
2008,381,1,757,"H3","844790",5,29,103502,3675576,0
2008,381,2,757,"H3","844790",5,70,70684,2273623,0
2008,381,1,826,"H3","844790",5,19,12750,401061,4
2008,381,2,826,"H3","844790",5,5,118512,1116173,4
2008,381,1,757,"H3","8448",8,931023,931023,64866637,0
2008,381,2,757,"H3","8448",8,895431,895431,27081599,0
2008,381,1,826,"H3","8448",8,47804,47804,1854564,0
2008,381,2,826,"H3","8448",8,170613,170613,5497377,0
2008,381,1,757,"H3","844811",8,4651,4651,367155,0
2008,381,2,757,"H3","844811",8,1294,1294,162019,0
2008,381,1,826,"H3","844811",8,2,2,65,0
2008,381,2,826,"H3","844811",8,2569,2569,137208,0
2008,381,1,757,"H3","844819",8,128771,128771,7849247,0
2008,381,2,757,"H3","844819",8,5709,5709,281977,0
2008,381,1,826,"H3","844819",8,2610,2610,48373,0
2008,381,2,826,"H3","844819",8,11265,11265,986203,0
2008,381,1,757,"H3","844820",8,12613,12613,2261755,0
2008,381,2,757,"H3","844820",8,53790,53790,1702957,0
2008,381,1,826,"H3","844820",8,356,356,39214,0
2008,381,2,826,"H3","844820",8,5486,5486,272924,0
2008,381,1,757,"H3","844831",8,275189,275189,3674197,0
2008,381,2,757,"H3","844831",8,229962,229962,3837108,0
2008,381,1,826,"H3","844831",8,2487,2487,35556,0
2008,381,2,826,"H3","844831",8,14108,14108,446607,0
2008,381,1,757,"H3","844832",8,13022,13022,2619158,0
2008,381,2,757,"H3","844832",8,30780,30780,745755,0
2008,381,1,826,"H3","844832",8,1426,1426,107968,0
2008,381,2,826,"H3","844832",8,10079,10079,388855,0
2008,381,1,757,"H3","844833",8,7011,7011,1067490,0
2008,381,2,757,"H3","844833",8,55052,55052,3380739,0
2008,381,1,826,"H3","844833",8,3274,3274,24092,0
2008,381,2,826,"H3","844833",8,1539,1539,58879,0
2008,381,1,757,"H3","844839",8,117727,117727,28786810,0
2008,381,2,757,"H3","844839",8,152978,152978,5685661,0
2008,381,1,826,"H3","844839",8,2266,2266,243726,0
2008,381,2,826,"H3","844839",8,3495,3495,260694,0
2008,381,1,757,"H3","844842",8,150078,150078,7414128,0
2008,381,2,757,"H3","844842",8,4306,4306,188557,0
2008,381,2,826,"H3","844842",8,587,587,13414,0
2008,381,1,757,"H3","844849",8,195270,195270,8407005,0
2008,381,2,757,"H3","844849",8,310234,310234,7506629,0
2008,381,1,826,"H3","844849",8,149,149,51072,0
2008,381,2,826,"H3","844849",8,85516,85516,2219903,0
2008,381,1,757,"H3","844851",8,66,66,35973,0
2008,381,1,826,"H3","844851",8,2522,2522,389106,0
2008,381,2,826,"H3","844851",8,31,31,12499,0
2008,381,1,757,"H3","844859",8,26625,26625,2383718,0
2008,381,2,757,"H3","844859",8,51326,51326,3590197,0
2008,381,1,826,"H3","844859",8,32712,32712,915392,0
2008,381,2,826,"H3","844859",8,35938,35938,700190,0
2008,381,1,757,"H3","8449",8,1052,1052,41543,0
2008,381,1,826,"H3","8449",8,9219,9219,666048,0
2008,381,2,826,"H3","8449",8,32708,32708,1043862,0
2008,381,1,757,"H3","844900",8,1052,1052,41543,0
2008,381,1,826,"H3","844900",8,9219,9219,666048,0
2008,381,2,826,"H3","844900",8,32708,32708,1043862,0
2008,381,1,757,"H3","8450",1,,56435,1051048,0
2008,381,2,757,"H3","8450",1,,4369495,21179403,0
2008,381,1,826,"H3","8450",1,,4172102,14502516,4
2008,381,2,826,"H3","8450",1,,77920765,350183782,4
2008,381,1,757,"H3","845011",5,58,7771,180773,0
2008,381,2,757,"H3","845011",5,59194,4113771,19340877,0
2008,381,1,826,"H3","845011",5,37700,3371000,11298494,4
2008,381,2,826,"H3","845011",5,1120695,73674683,322725801,4
2008,381,2,757,"H3","845012",5,2,146,4775,0
2008,381,2,826,"H3","845012",5,1,322,4002,4
2008,381,1,757,"H3","845019",5,18,6554,89588,0
2008,381,2,757,"H3","845019",5,1508,96290,453590,0
2008,381,1,826,"H3","845019",5,1,20,112,4
2008,381,2,826,"H3","845019",5,2,10247,53648,4
2008,381,1,757,"H3","845020",5,112,27564,579369,0
2008,381,2,757,"H3","845020",5,43,43975,651165,0
2008,381,1,826,"H3","845020",5,6,4826,35420,4
2008,381,2,826,"H3","845020",5,96,44972,526519,4
2008,381,1,757,"H3","845090",8,14546,14546,201318,0
2008,381,2,757,"H3","845090",8,115313,115313,728997,0
2008,381,1,826,"H3","845090",8,796256,796256,3168490,0
2008,381,2,826,"H3","845090",8,4190541,4190541,26873811,0
2008,381,1,757,"H3","8451",1,,474570,15800204,0
2008,381,2,757,"H3","8451",1,,924575,15813503,0
2008,381,1,826,"H3","8451",1,,1463129,13561712,4
2008,381,2,826,"H3","8451",1,,823037,15013223,4
2008,381,1,757,"H3","845110",5,1,6526,18063,2
2008,381,2,757,"H3","845110",1,,60499,1344071,0
2008,381,2,826,"H3","845110",1,,266214,5337742,0
2008,381,1,757,"H3","845121",5,62,164,17457,2
2008,381,2,757,"H3","845121",5,1129,38950,246958,2
2008,381,1,826,"H3","845121",5,42992,1398084,12127303,2
2008,381,2,826,"H3","845121",5,2525,95282,552512,2
2008,381,1,757,"H3","845129",1,,7240,123362,0
2008,381,2,757,"H3","845129",1,,208224,3189568,0
2008,381,1,826,"H3","845129",1,,3347,127641,0
2008,381,2,826,"H3","845129",1,,14452,278584,0
2008,381,1,757,"H3","845130",5,886,25501,358525,0
2008,381,2,757,"H3","845130",5,5042,152721,3201164,0
2008,381,1,826,"H3","845130",5,58,21890,370762,4
2008,381,2,826,"H3","845130",5,1725,119533,2683162,4
2008,381,1,757,"H3","845140",1,,205564,6530314,0
2008,381,2,757,"H3","845140",5,16,21605,488436,2
2008,381,1,826,"H3","845140",1,,38,1164,0
2008,381,2,826,"H3","845140",5,19,14790,595969,2
2008,381,1,757,"H3","845150",5,56,71933,1694204,2
2008,381,2,757,"H3","845150",1,,58502,1884129,0
2008,381,1,826,"H3","845150",5,7,2658,213728,2
2008,381,2,826,"H3","845150",1,,16522,289226,0
2008,381,1,757,"H3","845180",1,,83082,4094801,0
2008,381,2,757,"H3","845180",1,,208355,2371013,0
2008,381,1,826,"H3","845180",1,,115,14141,0
2008,381,2,826,"H3","845180",1,,61224,1342102,0
2008,381,1,757,"H3","845190",8,74560,74560,2963479,0
2008,381,2,757,"H3","845190",8,175719,175719,3088164,0
2008,381,1,826,"H3","845190",8,36997,36997,706973,0
2008,381,2,826,"H3","845190",8,235020,235020,3933926,0
2008,381,1,757,"H3","8452",1,,57442,3277457,0
2008,381,2,757,"H3","8452",1,,42869,2430465,0
2008,381,1,826,"H3","8452",1,,18848,348471,4
2008,381,2,826,"H3","8452",1,,45713,1720562,4
2008,381,1,757,"H3","845210",5,510,7704,482572,0
2008,381,2,757,"H3","845210",5,1144,9546,92852,0
2008,381,1,826,"H3","845210",5,7,12040,150377,4
2008,381,2,826,"H3","845210",5,37,1464,27391,4
2008,381,1,757,"H3","845221",5,3,2580,221986,0
2008,381,2,757,"H3","845221",5,39,13897,601409,0
2008,381,1,826,"H3","845221",5,4,1210,35192,4
2008,381,2,826,"H3","845221",5,12,12957,520185,4
2008,381,1,757,"H3","845229",5,795,44484,2220847,0
2008,381,2,757,"H3","845229",5,136,10831,713647,0
2008,381,1,826,"H3","845229",5,36,4329,88914,4
2008,381,2,826,"H3","845229",5,50,28168,871006,4
2008,381,1,826,"H3","845230",8,156,156,17467,6
2008,381,2,826,"H3","845230",8,39,39,1086,6
2008,381,1,757,"H3","845240",8,8,8,1831,0
2008,381,2,757,"H3","845240",8,2364,2364,21600,0
2008,381,2,826,"H3","845240",8,2273,2273,19029,0
2008,381,1,757,"H3","845290",8,2666,2666,350220,0
2008,381,2,757,"H3","845290",8,6231,6231,1000957,0
2008,381,1,826,"H3","845290",8,1113,1113,56521,0
2008,381,2,826,"H3","845290",8,811,811,281864,0
2008,381,1,757,"H3","8453",1,,34299,1775315,0
2008,381,2,757,"H3","8453",1,,76997,2355359,0
2008,381,1,826,"H3","8453",1,,23788,790102,0
2008,381,2,826,"H3","8453",1,,260614,5504600,0
2008,381,1,757,"H3","845310",1,,7240,298065,0
2008,381,2,757,"H3","845310",5,7,3873,105082,2
2008,381,1,826,"H3","845310",1,,9682,86226,0
2008,381,2,826,"H3","845310",5,150,161797,2404679,2
2008,381,1,757,"H3","845320",5,225,26127,1270064,2
2008,381,2,757,"H3","845320",5,197,29297,1068067,2
2008,381,1,826,"H3","845320",5,2,507,9503,2
2008,381,2,826,"H3","845320",5,305,67291,1654985,2
2008,381,1,757,"H3","845380",1,,160,29441,0
2008,381,2,757,"H3","845380",1,,1520,42930,0
2008,381,2,826,"H3","845380",1,,3060,96367,0
2008,381,1,757,"H3","845390",8,772,772,177746,0
2008,381,2,757,"H3","845390",8,42307,42307,1139280,0
2008,381,1,826,"H3","845390",8,13599,13599,694373,0
2008,381,2,826,"H3","845390",8,28466,28466,1348569,0
2008,381,1,757,"H3","8454",1,,192946,5785722,0
2008,381,2,757,"H3","8454",1,,261180,1139150,0
2008,381,1,826,"H3","8454",1,,32181,831953,0
2008,381,2,826,"H3","8454",1,,833207,12688083,0
2008,381,1,757,"H3","845410",1,,13,6973,0
2008,381,2,757,"H3","845410",5,5,1777,72482,2
2008,381,1,826,"H3","845410",1,,267,5196,0
2008,381,1,757,"H3","845420",1,,49350,30554,0
2008,381,2,757,"H3","845420",1,,4900,75774,0
2008,381,1,757,"H3","845430",1,,32069,369364,0
2008,381,2,757,"H3","845430",1,,6150,84922,0
2008,381,1,826,"H3","845430",1,,11338,233514,0
2008,381,2,826,"H3","845430",1,,503757,7343757,0
2008,381,1,757,"H3","845490",8,111514,111514,5378831,0
2008,381,2,757,"H3","845490",8,248353,248353,905972,0
2008,381,1,826,"H3","845490",8,20576,20576,593243,0
2008,381,2,826,"H3","845490",8,329450,329450,5344327,0
2008,381,1,757,"H3","8455",1,,1328755,4251112,0
2008,381,2,757,"H3","8455",1,,1323273,18283620,0
2008,381,1,826,"H3","8455",1,,930196,7349988,0
2008,381,2,826,"H3","8455",1,,1675196,16048568,0
2008,381,2,757,"H3","845510",5,0,24,2537,2
2008,381,1,757,"H3","845521",1,,1280,1850,0
2008,381,2,757,"H3","845521",1,,7250,249401,0
2008,381,1,757,"H3","845522",1,,2218,73500,0
2008,381,2,757,"H3","845522",5,27,28125,943992,2
2008,381,1,826,"H3","845522",1,,971,18007,0
2008,381,2,826,"H3","845522",5,10,7643,354295,2
2008,381,1,757,"H3","845530",1,,28885,328435,0
2008,381,2,757,"H3","845530",5,39,72799,784161,2
2008,381,1,826,"H3","845530",1,,597160,4075533,0
2008,381,2,826,"H3","845530",5,23,64500,471694,2
2008,381,1,757,"H3","845590",8,1296372,1296372,3847327,0
2008,381,2,757,"H3","845590",8,1215075,1215075,16303529,0
2008,381,1,826,"H3","845590",8,332065,332065,3256448,0
2008,381,2,826,"H3","845590",8,1603053,1603053,15222578,0
2008,381,1,757,"H3","8456",5,1289,2466219,78827161,0
2008,381,2,757,"H3","8456",5,205,207227,5515130,0
2008,381,1,826,"H3","8456",5,44,69743,2449543,4
2008,381,2,826,"H3","8456",5,360,349617,9116723,4
2008,381,1,757,"H3","845610",5,1161,2051082,58977328,0
2008,381,2,757,"H3","845610",5,54,142103,2658837,0
2008,381,1,826,"H3","845610",5,21,61374,2106125,4
2008,381,2,826,"H3","845610",5,101,317703,8457792,4
2008,381,1,757,"H3","845620",5,2,140,21349,0
2008,381,2,757,"H3","845620",5,31,18222,1905601,0
2008,381,1,826,"H3","845620",5,9,2611,139982,4
2008,381,2,826,"H3","845620",5,14,11058,336608,4
2008,381,1,757,"H3","845630",5,124,414993,19826349,0
2008,381,2,757,"H3","845630",5,7,15661,476004,0
2008,381,1,826,"H3","845630",5,12,3883,117696,4
2008,381,1,757,"H3","845690",5,2,4,2135,0
2008,381,2,757,"H3","845690",5,113,31241,474688,0
2008,381,1,826,"H3","845690",5,2,1875,85741,4
2008,381,2,826,"H3","845690",5,245,20856,322324,4
2008,381,1,757,"H3","8457",5,184,785850,26080162,0
2008,381,2,757,"H3","8457",5,603,267480,10915909,0
2008,381,1,826,"H3","8457",5,59,,2399996,0
2008,381,2,826,"H3","8457",5,186,305919,9332802,4
2008,381,1,757,"H3","845710",5,58,534895,14642634,0
2008,381,2,757,"H3","845710",5,368,215794,6468635,0
2008,381,1,826,"H3","845710",5,14,95994,1366764,4
2008,381,2,826,"H3","845710",5,45,226777,6842707,4
2008,381,1,757,"H3","845720",5,1,7050,609931,0
2008,381,2,757,"H3","845720",5,61,782,27563,0
2008,381,1,826,"H3","845720",5,30,,842425,0
2008,381,2,826,"H3","845720",5,139,42331,1405722,4
2008,381,1,757,"H3","845730",5,125,243905,10827596,0
2008,381,2,757,"H3","845730",5,174,50904,4419712,0
2008,381,1,826,"H3","845730",5,15,17512,190807,4
2008,381,2,826,"H3","845730",5,2,36810,1084373,4
2008,381,1,757,"H3","8458",5,269,352966,14809083,0
2008,381,2,757,"H3","8458",5,9637,494244,12293546,0
2008,381,1,826,"H3","8458",5,48,214182,2513141,4
2008,381,2,826,"H3","8458",5,22,263077,6668497,4
2008,381,1,757,"H3","845811",5,142,252828,13583051,0
2008,381,2,757,"H3","845811",5,166,281725,9259621,0
2008,381,1,826,"H3","845811",5,18,52501,1159311,4
2008,381,2,826,"H3","845811",5,12,56018,1663424,4
2008,381,1,757,"H3","845819",5,98,55715,623206,0
2008,381,2,757,"H3","845819",5,9364,47706,1043905,0
2008,381,1,826,"H3","845819",5,8,87622,474280,4
2008,381,2,826,"H3","845819",5,2,9520,68271,4
2008,381,1,757,"H3","845891",5,8,12693,421822,0
2008,381,2,757,"H3","845891",5,7,48085,1035601,0
2008,381,2,826,"H3","845891",5,3,174245,4664074,4
2008,381,1,757,"H3","845899",5,21,31730,181005,0
2008,381,2,757,"H3","845899",5,100,116728,954419,0
2008,381,1,826,"H3","845899",5,22,74059,879550,4
2008,381,2,826,"H3","845899",5,5,23294,272728,4
2008,381,1,757,"H3","8459",5,223,275766,11440969,0
2008,381,2,757,"H3","8459",5,1203,437131,9007512,0
2008,381,1,826,"H3","8459",5,301,,2135129,0
2008,381,2,826,"H3","8459",5,947,727425,12024007,4
2008,381,1,757,"H3","845910",5,1,185,29410,0
2008,381,2,757,"H3","845910",5,5,41875,1238257,0
2008,381,2,826,"H3","845910",5,5,133547,3371459,4
2008,381,1,757,"H3","845921",5,25,22183,1351410,0
2008,381,2,757,"H3","845921",5,1,600,10956,0
2008,381,2,826,"H3","845921",5,9,136184,3390778,4
2008,381,1,757,"H3","845929",5,106,14660,1284682,0
2008,381,2,757,"H3","845929",5,137,79856,1879221,0
2008,381,1,826,"H3","845929",5,217,21241,83285,4
2008,381,2,826,"H3","845929",5,10,13659,203072,4
2008,381,1,757,"H3","845931",5,7,97555,917187,0
2008,381,2,757,"H3","845931",5,11,58465,423782,0
2008,381,1,826,"H3","845931",5,1,2124,34975,4
2008,381,2,826,"H3","845931",5,4,109573,1980747,4
2008,381,1,757,"H3","845939",5,5,23268,400067,0
2008,381,2,757,"H3","845939",5,44,15557,252762,0
2008,381,1,826,"H3","845939",5,1,191810,1446309,4
2008,381,2,826,"H3","845939",5,19,12442,77439,4
2008,381,2,757,"H3","845940",5,2,8000,36705,0
2008,381,1,826,"H3","845940",5,5,,164893,0
2008,381,2,826,"H3","845940",5,21,117797,427974,4
2008,381,1,757,"H3","845951",5,10,46490,3085553,0
2008,381,2,757,"H3","845951",5,1,20000,7488,0
2008,381,2,826,"H3","845951",5,2,1067,23198,4
2008,381,1,757,"H3","845959",5,2,90,3495,0
2008,381,2,757,"H3","845959",5,2,6950,23638,0
2008,381,2,826,"H3","845959",5,1,9223,113947,4
2008,381,1,757,"H3","845961",5,43,57758,3701030,0
2008,381,2,757,"H3","845961",5,211,81093,1832963,0
2008,381,1,826,"H3","845961",5,8,20987,279878,4
2008,381,2,826,"H3","845961",5,68,23337,429188,4
2008,381,1,757,"H3","845969",5,23,13557,660072,0
2008,381,2,757,"H3","845969",5,781,28135,836032,0
2008,381,1,826,"H3","845969",5,68,11013,102443,4
2008,381,2,826,"H3","845969",5,808,170599,2006204,4
2008,381,1,757,"H3","845970",5,1,20,8062,0
2008,381,2,757,"H3","845970",5,8,96600,2465708,0
2008,381,1,826,"H3","845970",5,1,1351,23346,4
2008,381,1,757,"H3","8460",5,286,752451,40911340,0
2008,381,2,757,"H3","8460",5,1622,595228,12458585,0
2008,381,1,826,"H3","8460",5,95,86324,3523135,4
2008,381,2,826,"H3","8460",5,1044,153884,3816720,4
2008,381,1,757,"H3","846011",5,3,19110,283254,0
2008,381,2,757,"H3","846011",5,26,220150,4503391,0
2008,381,1,826,"H3","846011",5,2,5730,146476,4
2008,381,1,757,"H3","846019",5,6,15510,104895,0
2008,381,2,757,"H3","846019",5,166,14402,374978,0
2008,381,1,826,"H3","846019",5,1,8397,102261,4
2008,381,2,826,"H3","846019",5,180,26143,494352,4
2008,381,1,757,"H3","846021",5,120,288147,18931258,0
2008,381,2,757,"H3","846021",5,52,59108,1883069,0
2008,381,1,826,"H3","846021",5,5,4730,278823,4
2008,381,2,826,"H3","846021",5,7,76643,2132200,4
2008,381,1,757,"H3","846029",5,62,118646,3533833,0
2008,381,2,757,"H3","846029",5,15,59789,1455183,0
2008,381,1,826,"H3","846029",5,3,2950,46012,4
2008,381,2,826,"H3","846029",5,1,1923,62845,4
2008,381,1,757,"H3","846031",5,29,176250,8213216,0
2008,381,2,757,"H3","846031",5,2,1655,103685,0
2008,381,1,826,"H3","846031",5,9,53674,2782103,4
2008,381,2,826,"H3","846031",5,5,1113,72501,4
2008,381,1,757,"H3","846039",5,17,13106,677891,0
2008,381,2,757,"H3","846039",5,101,6956,294973,0
2008,381,1,826,"H3","846039",5,2,2228,24886,4
2008,381,2,826,"H3","846039",5,658,12990,256589,4
2008,381,1,757,"H3","846040",5,8,12575,709546,0
2008,381,2,757,"H3","846040",5,635,199234,2925548,0
2008,381,1,826,"H3","846040",5,16,6316,55356,4
2008,381,2,826,"H3","846040",5,119,29680,681499,4
2008,381,1,757,"H3","846090",5,41,109107,8457445,0
2008,381,2,757,"H3","846090",5,625,33934,917760,0
2008,381,1,826,"H3","846090",5,57,2299,87218,4
2008,381,2,826,"H3","846090",5,74,5392,116734,4
2008,381,1,757,"H3","8461",5,81,102927,3058890,0
2008,381,2,757,"H3","8461",5,1629,314005,6101836,0
2008,381,1,826,"H3","8461",5,611,,1554150,0
2008,381,2,826,"H3","8461",5,1374,522038,9048348,4
2008,381,1,826,"H3","846120",5,9,,7341,0
2008,381,2,826,"H3","846120",5,14,430,13293,4
2008,381,2,757,"H3","846130",5,4,1874,31675,0
2008,381,1,826,"H3","846130",5,4,242,9159,4
2008,381,1,757,"H3","846140",5,16,36028,2450518,0
2008,381,2,757,"H3","846140",5,21,27265,416622,0
2008,381,1,826,"H3","846140",5,20,,895621,0
2008,381,2,826,"H3","846140",5,1,0,13,4
2008,381,1,757,"H3","846150",5,64,26899,321041,0
2008,381,2,757,"H3","846150",5,1491,248257,5228177,0
2008,381,1,826,"H3","846150",5,128,103601,626222,4
2008,381,2,826,"H3","846150",5,1343,509477,8882811,4
2008,381,1,757,"H3","846190",5,1,40000,287331,0
2008,381,2,757,"H3","846190",5,113,36609,425362,0
2008,381,1,826,"H3","846190",5,450,1643,15806,4
2008,381,2,826,"H3","846190",5,16,12130,152231,4
2008,381,1,757,"H3","8462",5,405,659377,11127482,0
2008,381,2,757,"H3","8462",5,2756,2748282,35498437,0
2008,381,1,826,"H3","8462",5,650,475859,3370500,4
2008,381,2,826,"H3","8462",5,2955,2368530,29109317,4
2008,381,1,757,"H3","846210",5,23,96630,259143,0
2008,381,2,757,"H3","846210",5,1758,856908,11242962,0
2008,381,1,826,"H3","846210",5,498,304705,1666139,4
2008,381,2,826,"H3","846210",5,95,329586,3789098,4
2008,381,1,757,"H3","846221",5,37,134726,3573762,0
2008,381,2,757,"H3","846221",5,91,234687,4187289,0
2008,381,1,826,"H3","846221",5,74,39499,501521,4
2008,381,2,826,"H3","846221",5,53,494790,8326348,4
2008,381,1,757,"H3","846229",5,32,62290,443765,0
2008,381,2,757,"H3","846229",5,234,385927,5326106,0
2008,381,1,826,"H3","846229",5,14,3785,27390,4
2008,381,2,826,"H3","846229",5,2055,234248,3370821,4
2008,381,1,757,"H3","846231",5,2,1140,39565,0
2008,381,2,826,"H3","846231",5,2,55975,656311,4
2008,381,1,757,"H3","846239",5,11,50378,389515,0
2008,381,2,757,"H3","846239",5,154,338905,4896461,0
2008,381,1,826,"H3","846239",5,6,30734,111382,4
2008,381,2,826,"H3","846239",5,133,418511,4344560,4
2008,381,1,757,"H3","846241",5,9,89710,3769572,0
2008,381,2,757,"H3","846241",5,46,19458,254728,0
2008,381,1,826,"H3","846241",5,43,43422,747564,4
2008,381,2,826,"H3","846241",5,4,67823,1521979,4
2008,381,1,757,"H3","846249",5,10,18312,398835,0
2008,381,2,757,"H3","846249",5,19,53035,1071842,0
2008,381,1,826,"H3","846249",5,6,2410,29607,4
2008,381,2,826,"H3","846249",5,44,69278,769555,4
2008,381,1,757,"H3","846291",5,28,45033,161091,0
2008,381,2,757,"H3","846291",5,189,245892,2694724,0
2008,381,1,826,"H3","846291",5,2,2399,15471,4
2008,381,2,826,"H3","846291",5,497,359477,3550428,4
2008,381,1,757,"H3","846299",5,253,161158,2092233,0
2008,381,2,757,"H3","846299",5,265,613470,5824324,0
2008,381,1,826,"H3","846299",5,7,48904,271427,4
2008,381,2,826,"H3","846299",5,72,338841,2780218,4
2008,381,1,757,"H3","8463",5,1128,176137,5828651,0
2008,381,2,757,"H3","8463",5,1321,294733,7298783,0
2008,381,1,826,"H3","8463",5,89,63942,1421392,4
2008,381,2,826,"H3","8463",5,328,316637,6804186,4
2008,381,1,757,"H3","846310",5,35,48718,696079,0
2008,381,2,757,"H3","846310",5,210,139248,2323532,0
2008,381,2,826,"H3","846310",5,2,3117,52855,4
2008,381,1,757,"H3","846320",5,1,3878,4111,0
2008,381,1,826,"H3","846320",5,2,579,8808,4
2008,381,2,826,"H3","846320",5,8,23177,569149,4
2008,381,1,757,"H3","846330",5,22,30396,1264675,0
2008,381,2,757,"H3","846330",5,102,23094,860388,0
2008,381,1,826,"H3","846330",5,22,46887,1163957,4
2008,381,2,826,"H3","846330",5,9,14497,365938,4
2008,381,1,757,"H3","846390",5,1070,93145,3863785,0
2008,381,2,757,"H3","846390",5,1009,132391,4114863,0
2008,381,1,826,"H3","846390",5,65,16477,248627,4
2008,381,2,826,"H3","846390",5,309,275845,5816243,4
2008,381,1,757,"H3","8464",1,,178570,6885660,0
2008,381,2,757,"H3","8464",1,,531152,10741162,0
2008,381,1,826,"H3","8464",1,,48797,468494,4
2008,381,2,826,"H3","8464",1,,1563267,29823146,4
2008,381,1,757,"H3","846410",5,26,32417,1328169,0
2008,381,2,757,"H3","846410",5,264,191761,3527577,0
2008,381,1,826,"H3","846410",5,418,3215,25108,4
2008,381,2,826,"H3","846410",5,1769,480288,4374435,4
2008,381,1,757,"H3","846420",5,100,14432,390146,2
2008,381,2,757,"H3","846420",1,,229729,4643681,0
2008,381,1,826,"H3","846420",5,38,14500,148846,2
2008,381,2,826,"H3","846420",1,,551043,12794971,4
2008,381,1,757,"H3","846490",1,,131721,5167345,0
2008,381,2,757,"H3","846490",1,,109662,2569905,0
2008,381,1,826,"H3","846490",1,,31082,294541,0
2008,381,2,826,"H3","846490",1,,531936,12653739,4
2008,381,1,757,"H3","8465",5,5082,450869,10769182,0
2008,381,2,757,"H3","8465",5,7517,1593834,29300587,0
2008,381,1,826,"H3","8465",5,220,82935,724438,4
2008,381,2,826,"H3","8465",5,6792,4053808,62939966,4
2008,381,1,757,"H3","846510",5,10,17850,307703,0
2008,381,2,757,"H3","846510",5,776,164435,4621801,0
2008,381,1,826,"H3","846510",5,22,14324,250304,4
2008,381,2,826,"H3","846510",5,1371,243779,3892952,4
2008,381,1,757,"H3","846591",5,50,115922,1274370,0
2008,381,2,757,"H3","846591",5,2827,150247,2019070,0
2008,381,1,826,"H3","846591",5,82,19097,95726,4
2008,381,2,826,"H3","846591",5,981,417344,5626264,4
2008,381,1,757,"H3","846592",5,6,12500,118884,0
2008,381,2,757,"H3","846592",5,53,68763,2962249,0
2008,381,1,826,"H3","846592",5,29,23119,112019,4
2008,381,2,826,"H3","846592",5,391,251653,3797358,4
2008,381,1,757,"H3","846593",5,6,13844,281068,0
2008,381,2,757,"H3","846593",5,47,56306,749291,0
2008,381,2,826,"H3","846593",5,147,131571,2599898,4
2008,381,2,757,"H3","846594",5,20,28050,496528,0
2008,381,2,826,"H3","846594",5,79,260588,3039378,4
2008,381,1,757,"H3","846595",5,4,22640,893394,0
2008,381,2,757,"H3","846595",5,52,136967,3792301,0
2008,381,1,826,"H3","846595",5,7,3343,55192,4
2008,381,2,826,"H3","846595",5,191,472956,11783060,4
2008,381,1,757,"H3","846596",5,5,1620,16093,0
2008,381,2,757,"H3","846596",5,1588,216755,1475716,0
2008,381,2,826,"H3","846596",5,742,91577,1264344,4
2008,381,1,757,"H3","846599",5,5001,266493,7877671,0
2008,381,2,757,"H3","846599",5,2154,772311,13183632,0
2008,381,1,826,"H3","846599",5,80,23052,211197,4
2008,381,2,826,"H3","846599",5,2890,2184341,30936711,4
2008,381,1,757,"H3","8466",8,1364738,1364738,64454022,0
2008,381,2,757,"H3","8466",8,6399865,6399865,93424651,0
2008,381,1,826,"H3","8466",8,239212,239212,16392689,0
2008,381,2,826,"H3","8466",8,1356596,1356596,40761382,0
2008,381,1,757,"H3","846610",8,34801,34801,5438741,0
2008,381,2,757,"H3","846610",8,70919,70919,9157645,0
2008,381,1,826,"H3","846610",8,67670,67670,2992366,0
2008,381,2,826,"H3","846610",8,145999,145999,4045229,0
2008,381,1,757,"H3","846620",8,5752,5752,2271897,0
2008,381,2,757,"H3","846620",8,114466,114466,2057381,0
2008,381,1,826,"H3","846620",8,4203,4203,205857,0
2008,381,2,826,"H3","846620",8,52777,52777,1154384,0
2008,381,1,757,"H3","846630",8,19727,19727,3221350,0
2008,381,2,757,"H3","846630",8,7860,7860,600359,0
2008,381,1,826,"H3","846630",8,610,610,85948,0
2008,381,2,826,"H3","846630",8,38975,38975,1188939,0
2008,381,1,757,"H3","846691",8,64839,64839,3613879,0
2008,381,2,757,"H3","846691",8,66388,66388,1900991,0
2008,381,1,826,"H3","846691",8,2529,2529,187430,0
2008,381,2,826,"H3","846691",8,92122,92122,4074417,0
2008,381,1,757,"H3","846692",8,22457,22457,1877214,0
2008,381,2,757,"H3","846692",8,408386,408386,9089435,0
2008,381,1,826,"H3","846692",8,6238,6238,485377,0
2008,381,2,826,"H3","846692",8,103277,103277,5686326,0
2008,381,1,757,"H3","846693",8,770954,770954,37095680,0
2008,381,2,757,"H3","846693",8,983139,983139,19062606,0
2008,381,1,826,"H3","846693",8,83099,83099,5177854,0
2008,381,2,826,"H3","846693",8,279613,279613,10506258,0
2008,381,1,757,"H3","846694",8,446208,446208,10935261,0
2008,381,2,757,"H3","846694",8,4748707,4748707,51556232,0
2008,381,1,826,"H3","846694",8,74863,74863,7257857,0
2008,381,2,826,"H3","846694",8,643833,643833,14105830,0
2008,381,1,757,"H3","8467",1,,662066,37439858,0
2008,381,2,757,"H3","8467",1,,184845,5849198,0
2008,381,1,826,"H3","8467",1,,615438,8566446,4
2008,381,2,826,"H3","8467",1,,567556,20670082,4
2008,381,1,757,"H3","846711",1,,1218,28829,0
2008,381,2,757,"H3","846711",1,,33125,1348176,0
2008,381,1,826,"H3","846711",1,,68241,1351586,0
2008,381,2,826,"H3","846711",1,,26227,1114865,0
2008,381,1,757,"H3","846719",1,,4382,637437,0
2008,381,2,757,"H3","846719",1,,38426,1367619,0
2008,381,1,826,"H3","846719",1,,6492,547529,0
2008,381,2,826,"H3","846719",1,,15764,956484,0
2008,381,1,757,"H3","846721",5,27746,219528,11327702,0
2008,381,2,757,"H3","846721",5,789,3990,76573,0
2008,381,1,826,"H3","846721",5,9411,155377,1978366,4
2008,381,2,826,"H3","846721",5,2168,7190,169117,4
2008,381,1,757,"H3","846722",5,2773,21037,985766,0
2008,381,2,757,"H3","846722",5,217,2463,37654,0
2008,381,1,826,"H3","846722",5,9033,185806,1194813,4
2008,381,2,826,"H3","846722",5,1709,12730,181341,4
2008,381,1,757,"H3","846729",5,77742,383051,22337795,2
2008,381,2,757,"H3","846729",5,925,8785,318904,0
2008,381,1,826,"H3","846729",5,20378,110404,1318303,6
2008,381,2,826,"H3","846729",5,6110,76096,959963,6
2008,381,2,757,"H3","846781",5,1752,15599,304871,0
2008,381,1,826,"H3","846781",5,650,1726,31297,4
2008,381,2,826,"H3","846781",5,12696,56618,1473462,4
2008,381,1,757,"H3","846789",5,825,3331,183693,2
2008,381,2,757,"H3","846789",1,,29887,751293,0
2008,381,1,826,"H3","846789",5,4311,21655,960427,2
2008,381,2,826,"H3","846789",1,,223136,8138678,0
2008,381,1,826,"H3","846791",8,199,199,9262,0
2008,381,2,826,"H3","846791",8,4223,4223,139794,0
2008,381,1,757,"H3","846792",8,657,657,187023,0
2008,381,2,757,"H3","846792",8,15356,15356,408106,0
2008,381,1,826,"H3","846792",8,36300,36300,458953,0
2008,381,2,826,"H3","846792",8,14246,14246,834134,0
2008,381,1,757,"H3","846799",8,28862,28862,1751614,0
2008,381,2,757,"H3","846799",8,37214,37214,1236002,0
2008,381,1,826,"H3","846799",8,29238,29238,715909,0
2008,381,2,826,"H3","846799",8,131326,131326,6702245,0
2008,381,1,757,"H3","8468",1,,9516,447680,0
2008,381,2,757,"H3","8468",1,,8690,619383,0
2008,381,1,826,"H3","8468",1,,11636,733420,0
2008,381,2,826,"H3","8468",1,,44137,1436647,0
2008,381,2,757,"H3","846810",1,,1080,49556,0
2008,381,1,826,"H3","846810",1,,517,27633,0
2008,381,2,826,"H3","846810",1,,19809,719612,0
2008,381,1,757,"H3","846820",1,,638,36895,0
2008,381,2,757,"H3","846820",1,,572,26729,0
2008,381,1,826,"H3","846820",1,,31,1103,0
2008,381,2,826,"H3","846820",1,,9903,209680,0
2008,381,1,757,"H3","846880",1,,7530,28156,0
2008,381,2,757,"H3","846880",1,,6135,172642,0
2008,381,1,826,"H3","846880",1,,4364,325567,0
2008,381,2,826,"H3","846880",1,,1027,30876,0
2008,381,1,757,"H3","846890",8,1348,1348,382628,0
2008,381,2,757,"H3","846890",8,903,903,370456,0
2008,381,1,826,"H3","846890",8,6724,6724,379116,0
2008,381,2,826,"H3","846890",8,13398,13398,476478,0
2008,381,2,757,"H3","8469",5,1,60,1476,0
2008,381,1,826,"H3","8469",5,4178,,258513,0
2008,381,2,826,"H3","8469",5,73,838,25005,4
2008,381,2,757,"H3","846900",5,1,60,1476,0
2008,381,1,826,"H3","846900",5,4178,,258513,0
2008,381,2,826,"H3","846900",5,73,838,25005,4
2008,381,1,757,"H3","8470",5,121,2424,518094,0
2008,381,2,757,"H3","8470",5,7965,49540,736674,0
2008,381,1,826,"H3","8470",5,23763,13400,332615,4
2008,381,2,826,"H3","8470",5,8060,,371272,0
2008,381,2,757,"H3","847010",5,6901,4007,203195,0
2008,381,1,826,"H3","847010",5,18445,4166,65994,4
2008,381,2,826,"H3","847010",5,2063,66,14117,4
2008,381,2,757,"H3","847021",5,57,50,2433,0
2008,381,1,826,"H3","847021",5,1275,1668,24465,4
2008,381,2,826,"H3","847021",5,76,372,14767,4
2008,381,1,757,"H3","847029",5,11,6,21365,0
2008,381,2,757,"H3","847029",5,6,1,6607,0
2008,381,1,826,"H3","847029",5,146,1041,12134,4
2008,381,2,826,"H3","847029",5,2510,,4562,0
2008,381,2,757,"H3","847030",5,620,172,19238,0
2008,381,1,826,"H3","847030",5,3694,2917,50584,4
2008,381,2,826,"H3","847030",5,208,273,3152,4
2008,381,1,757,"H3","847050",5,2,43,9234,0
2008,381,2,757,"H3","847050",5,176,909,33438,0
2008,381,1,826,"H3","847050",5,8,501,25450,4
2008,381,2,826,"H3","847050",5,690,,133146,0
2008,381,1,757,"H3","847090",5,108,2375,487494,0
2008,381,2,757,"H3","847090",5,205,44401,471763,0
2008,381,1,826,"H3","847090",5,195,3106,153988,4
2008,381,2,826,"H3","847090",5,2513,15244,201529,4
2008,381,1,757,"H3","8471",5,281236,52152,16340417,0
2008,381,2,757,"H3","8471",5,60553,84618,17847335,0
2008,381,1,826,"H3","8471",5,591300,969117,115079961,4
2008,381,2,826,"H3","8471",5,85736,366368,33057660,4
2008,381,1,757,"H3","847130",5,227,1781,472506,0
2008,381,2,757,"H3","847130",5,1593,3703,1308539,0
2008,381,1,826,"H3","847130",5,21554,106085,15562055,4
2008,381,2,826,"H3","847130",5,13034,33231,6597756,4
2008,381,1,757,"H3","847141",5,38371,30751,5753919,0
2008,381,2,757,"H3","847141",5,5208,20213,3007458,0
2008,381,1,826,"H3","847141",5,3928,20714,1902241,4
2008,381,2,826,"H3","847141",5,3611,48660,2253795,4
2008,381,1,757,"H3","847149",5,204,2507,813734,0
2008,381,2,757,"H3","847149",5,945,10482,1931797,0
2008,381,1,826,"H3","847149",5,8307,102972,5966798,4
2008,381,2,826,"H3","847149",5,385,15877,1232010,4
2008,381,1,757,"H3","847150",5,7746,2665,2474690,0
2008,381,2,757,"H3","847150",5,1896,19205,2620049,0
2008,381,1,826,"H3","847150",5,18319,214686,31697628,4
2008,381,2,826,"H3","847150",5,1755,8266,987454,4
2008,381,1,757,"H3","847160",5,758,3800,1896134,0
2008,381,2,757,"H3","847160",5,1868,7246,742117,0
2008,381,1,826,"H3","847160",5,28115,160710,6180875,4
2008,381,2,826,"H3","847160",5,17538,103647,1843981,4
2008,381,1,757,"H3","847170",5,213034,858,593366,0
2008,381,2,757,"H3","847170",5,15632,6397,2034756,0
2008,381,1,826,"H3","847170",5,342324,240543,33214247,4
2008,381,2,826,"H3","847170",5,24244,22387,4145417,4
2008,381,1,757,"H3","847180",5,1466,1148,399244,0
2008,381,2,757,"H3","847180",5,8551,2563,2303542,0
2008,381,1,826,"H3","847180",5,96970,54482,10856092,4
2008,381,2,826,"H3","847180",5,6563,20533,4011083,4
2008,381,1,757,"H3","847190",5,19430,8642,3936826,0
2008,381,2,757,"H3","847190",5,24860,14809,3899078,0
2008,381,1,826,"H3","847190",5,71783,68927,9700025,4
2008,381,2,826,"H3","847190",5,18606,113767,11986164,4
2008,381,1,757,"H3","8472",5,161,18190,2109929,2
2008,381,2,757,"H3","8472",5,425,34814,1741007,2
2008,381,1,826,"H3","8472",5,2645,81854,3291315,6
2008,381,2,826,"H3","8472",5,654,25282,998181,6
2008,381,1,757,"H3","847210",5,1,91,2998,0
2008,381,1,826,"H3","847210",5,337,9614,226514,4
2008,381,2,826,"H3","847210",5,1,11,178,4
2008,381,1,757,"H3","847230",5,117,15613,1958747,0
2008,381,2,757,"H3","847230",5,20,937,105680,0
2008,381,1,826,"H3","847230",5,343,8391,679573,4
2008,381,2,826,"H3","847230",5,3,22,3011,4
2008,381,1,757,"H3","847290",5,43,2486,148184,2
2008,381,2,757,"H3","847290",5,405,33877,1635327,2
2008,381,1,826,"H3","847290",5,1965,63848,2385228,6
2008,381,2,826,"H3","847290",5,650,25249,994992,6
2008,381,1,757,"H3","8473",8,20046,20046,6938129,0
2008,381,2,757,"H3","8473",8,135782,135782,32984803,0
2008,381,1,826,"H3","8473",8,1149838,1149838,157497627,0
2008,381,2,826,"H3","8473",8,138793,138793,30316056,0
2008,381,1,757,"H3","847310",8,42,42,15844,0
2008,381,2,757,"H3","847310",8,6411,6411,365050,0
2008,381,1,826,"H3","847310",8,1162,1162,484914,0
2008,381,2,826,"H3","847310",8,874,874,145973,0
2008,381,1,757,"H3","847321",8,301,301,240021,0
2008,381,2,757,"H3","847321",8,443,443,601961,0
2008,381,1,826,"H3","847321",8,5247,5247,1767608,0
2008,381,2,826,"H3","847321",8,2130,2130,337549,0
2008,381,1,757,"H3","847329",8,32,32,25797,0
2008,381,2,757,"H3","847329",8,1879,1879,703901,0
2008,381,1,826,"H3","847329",8,31167,31167,2152051,0
2008,381,2,826,"H3","847329",8,2462,2462,486030,0
2008,381,1,757,"H3","847330",8,7456,7456,3567181,0
2008,381,2,757,"H3","847330",8,113744,113744,24360378,0
2008,381,1,826,"H3","847330",8,1077567,1077567,149091098,0
2008,381,2,826,"H3","847330",8,119222,119222,28693549,0
2008,381,1,757,"H3","847340",8,11315,11315,2753892,0
2008,381,2,757,"H3","847340",8,6542,6542,4020435,0
2008,381,1,826,"H3","847340",8,13154,13154,955945,0
2008,381,2,826,"H3","847340",8,6717,6717,532669,0
2008,381,1,757,"H3","847350",8,900,900,335393,0
2008,381,2,757,"H3","847350",8,6763,6763,2933079,0
2008,381,1,826,"H3","847350",8,21541,21541,3046010,0
2008,381,2,826,"H3","847350",8,7388,7388,120286,0
2008,381,1,757,"H3","8474",1,,674003,6569619,0
2008,381,2,757,"H3","8474",1,,3070426,22406166,0
2008,381,1,826,"H3","8474",1,,2906901,22617055,0
2008,381,2,826,"H3","8474",1,,3274470,32772250,0
2008,381,1,757,"H3","847410",1,,303030,1988910,0
2008,381,2,757,"H3","847410",5,18,33993,625774,2
2008,381,1,826,"H3","847410",1,,2261985,14773534,0
2008,381,2,826,"H3","847410",5,58,176688,2002177,2
2008,381,1,757,"H3","847420",1,,85193,1039488,0
2008,381,2,757,"H3","847420",5,138,626573,5841309,2
2008,381,1,826,"H3","847420",1,,149589,1206407,0
2008,381,2,826,"H3","847420",5,189,831705,7978818,2
2008,381,1,757,"H3","847431",1,,5470,22243,0
2008,381,2,757,"H3","847431",1,,473678,4009951,0
2008,381,1,826,"H3","847431",1,,1769,9030,0
2008,381,2,826,"H3","847431",1,,335632,3334355,0
2008,381,2,757,"H3","847432",5,0,16070,22149,2
2008,381,2,826,"H3","847432",5,0,5567,53720,2
2008,381,1,757,"H3","847439",5,1,550,27774,2
2008,381,2,757,"H3","847439",5,25,34459,499976,2
2008,381,1,826,"H3","847439",5,7,12230,201848,2
2008,381,2,826,"H3","847439",5,23,26864,460841,2
2008,381,1,757,"H3","847480",1,,194877,2216958,0
2008,381,2,757,"H3","847480",5,58,96354,1470509,2
2008,381,1,826,"H3","847480",1,,1862,371700,0
2008,381,2,826,"H3","847480",5,351,1057733,8950935,2
2008,381,1,757,"H3","847490",8,84883,84883,1274245,0
2008,381,2,757,"H3","847490",8,1789299,1789299,9936497,0
2008,381,1,826,"H3","847490",8,479466,479466,6054535,0
2008,381,2,826,"H3","847490",8,840281,840281,9991403,0
2008,381,1,757,"H3","8475",1,,29758,155882,0
2008,381,2,757,"H3","8475",1,,164891,11002829,0
2008,381,1,826,"H3","8475",1,,148477,8132015,0
2008,381,2,826,"H3","8475",1,,67453,3417555,0
2008,381,2,757,"H3","847510",1,,8224,762209,0
2008,381,1,826,"H3","847510",1,,964,100940,0
2008,381,2,826,"H3","847510",1,,3593,149757,0
2008,381,1,757,"H3","847529",1,,29469,81404,0
2008,381,2,757,"H3","847529",1,,150333,9742214,0
2008,381,1,826,"H3","847529",1,,2041,848897,0
2008,381,2,826,"H3","847529",1,,42966,1550587,0
2008,381,1,757,"H3","847590",8,289,289,74478,0
2008,381,2,757,"H3","847590",8,6334,6334,498405,0
2008,381,1,826,"H3","847590",8,145472,145472,7182178,0
2008,381,2,826,"H3","847590",8,20894,20894,1717212,0
2008,381,1,757,"H3","8476",1,,17989,741460,0
2008,381,2,757,"H3","8476",1,,943444,23351522,0
2008,381,1,826,"H3","8476",1,,557713,20944605,4
2008,381,2,826,"H3","8476",1,,1088850,24329030,4
2008,381,1,757,"H3","847621",5,30,6064,28519,0
2008,381,2,757,"H3","847621",5,4403,490552,11634131,0
2008,381,1,826,"H3","847621",5,223,11566,92054,4
2008,381,2,826,"H3","847621",5,5315,403160,8568860,4
2008,381,1,757,"H3","847629",5,52,2178,67935,0
2008,381,2,757,"H3","847629",5,467,13970,313371,0
2008,381,1,826,"H3","847629",5,1,10,93,4
2008,381,2,826,"H3","847629",5,349,47572,1122589,4
2008,381,1,757,"H3","847681",5,18,2899,176213,0
2008,381,2,757,"H3","847681",5,383,78497,1419334,0
2008,381,1,826,"H3","847681",5,83,13184,473425,4
2008,381,2,826,"H3","847681",5,3858,508195,9345627,4
2008,381,1,757,"H3","847689",5,17,4516,12291,0
2008,381,2,757,"H3","847689",5,4370,305403,7522367,0
2008,381,1,826,"H3","847689",5,7005,341188,3604777,4
2008,381,2,826,"H3","847689",5,131,12768,334869,4
2008,381,1,757,"H3","847690",8,2332,2332,456501,0
2008,381,2,757,"H3","847690",8,55022,55022,2462320,0
2008,381,1,826,"H3","847690",8,191765,191765,16774257,0
2008,381,2,826,"H3","847690",8,117156,117156,4957085,0
2008,381,1,757,"H3","8477",1,,1472688,49528819,0
2008,381,2,757,"H3","8477",1,,1941228,46646518,0
2008,381,1,826,"H3","8477",1,,622775,9072245,0
2008,381,2,826,"H3","8477",1,,3033811,73969131,0
2008,381,1,757,"H3","847710",5,128,336787,8323009,2
2008,381,2,757,"H3","847710",1,,87490,2482070,0
2008,381,1,826,"H3","847710",5,1,1716,50847,2
2008,381,2,826,"H3","847710",1,,457291,8581984,0
2008,381,1,757,"H3","847720",1,,64307,5590494,0
2008,381,2,757,"H3","847720",5,60,72726,2933142,2
2008,381,1,826,"H3","847720",1,,3852,361353,0
2008,381,2,826,"H3","847720",5,176,208404,8554332,2
2008,381,1,757,"H3","847730",1,,27935,1235732,0
2008,381,2,757,"H3","847730",5,37,151119,1817097,2
2008,381,2,826,"H3","847730",5,52,69544,2589780,2
2008,381,1,757,"H3","847740",1,,294415,12385282,0
2008,381,2,757,"H3","847740",5,122,123437,3757970,2
2008,381,1,826,"H3","847740",1,,6002,346151,0
2008,381,2,826,"H3","847740",5,40,61575,1215858,2
2008,381,2,757,"H3","847751",1,,3050,55351,0
2008,381,1,826,"H3","847751",1,,7088,9133,0
2008,381,2,826,"H3","847751",1,,23208,704372,0
2008,381,1,757,"H3","847759",1,,110842,2295736,0
2008,381,2,757,"H3","847759",5,97,248507,3962823,2
2008,381,1,826,"H3","847759",1,,481627,4985734,0
2008,381,2,826,"H3","847759",5,431,1127621,17565970,2
2008,381,1,757,"H3","847780",1,,97227,5359539,0
2008,381,2,757,"H3","847780",5,424,307405,10729430,2
2008,381,1,826,"H3","847780",1,,68334,1544540,0
2008,381,2,826,"H3","847780",5,684,708803,17332150,2
2008,381,1,757,"H3","847790",8,541175,541175,14339027,0
2008,381,2,757,"H3","847790",8,947494,947494,20908635,0
2008,381,1,826,"H3","847790",8,54156,54156,1774487,0
2008,381,2,826,"H3","847790",8,377365,377365,17424684,0
2008,381,1,757,"H3","8478",1,,3527,467116,0
2008,381,2,757,"H3","8478",1,,116404,4682454,0
2008,381,1,826,"H3","8478",1,,71912,1334845,0
2008,381,2,826,"H3","8478",1,,424680,11399025,0
2008,381,2,757,"H3","847810",1,,111322,4484728,0
2008,381,1,826,"H3","847810",1,,9752,185396,0
2008,381,2,826,"H3","847810",1,,391967,9729903,0
2008,381,1,757,"H3","847890",8,3527,3527,467116,0
2008,381,2,757,"H3","847890",8,5082,5082,197726,0
2008,381,1,826,"H3","847890",8,62160,62160,1149449,0
2008,381,2,826,"H3","847890",8,32713,32713,1669122,0
2008,381,1,757,"H3","8479",1,,1298255,75915487,0
2008,381,2,757,"H3","8479",1,,6955506,180054474,0
2008,381,1,826,"H3","8479",1,,1131953,38473700,0
2008,381,2,826,"H3","8479",1,,8315779,127729615,4
2008,381,1,757,"H3","847910",1,,33816,386769,0
2008,381,2,757,"H3","847910",5,71,155102,2182572,2
2008,381,1,826,"H3","847910",1,,268009,2308340,0
2008,381,2,826,"H3","847910",5,305,707194,9420270,2
2008,381,1,757,"H3","847920",1,,3213,57387,0
2008,381,2,757,"H3","847920",5,15,62736,332870,2
2008,381,2,826,"H3","847920",5,6,380,123370,2
2008,381,1,757,"H3","847930",1,,4528,21035,0
2008,381,2,757,"H3","847930",1,,216320,3811800,0
2008,381,1,826,"H3","847930",1,,40529,2129497,0
2008,381,2,826,"H3","847930",1,,88102,1747579,0
2008,381,2,757,"H3","847940",5,712,108162,2050158,0
2008,381,2,826,"H3","847940",5,6,81731,1600523,4
2008,381,1,757,"H3","847950",5,33,13964,1230390,2
2008,381,2,757,"H3","847950",5,184,88967,4360705,2
2008,381,1,826,"H3","847950",5,17,7976,647216,2
2008,381,2,826,"H3","847950",5,255,104575,6031662,2
2008,381,1,757,"H3","847960",1,,5494,282697,0
2008,381,2,757,"H3","847960",1,,2401,43059,0
2008,381,1,826,"H3","847960",1,,113,3542,0
2008,381,2,826,"H3","847960",1,,116,1891,0
2008,381,1,757,"H3","847981",1,,29010,5498094,0
2008,381,2,757,"H3","847981",5,285,78156,4824872,2
2008,381,1,826,"H3","847981",1,,38222,837739,0
2008,381,2,826,"H3","847981",5,194,106469,3284648,2
2008,381,1,757,"H3","847982",1,,105050,8292639,0
2008,381,2,757,"H3","847982",1,,468215,11419614,0
2008,381,1,826,"H3","847982",1,,90227,3440141,0
2008,381,2,826,"H3","847982",1,,407239,8727607,0
2008,381,1,757,"H3","847989",1,,831791,40316491,0
2008,381,2,757,"H3","847989",1,,3138347,75198339,0
2008,381,1,826,"H3","847989",1,,334973,15706297,0
2008,381,2,826,"H3","847989",1,,6003415,75802376,0
2008,381,1,757,"H3","847990",8,271389,271389,19829985,0
2008,381,2,757,"H3","847990",8,2637100,2637100,75830485,0
2008,381,1,826,"H3","847990",8,351904,351904,13400928,0
2008,381,2,826,"H3","847990",8,816558,816558,20989689,0
2008,381,1,757,"H3","8480",8,460235,460235,38653339,0
2008,381,2,757,"H3","8480",8,1206913,1206913,53884370,0
2008,381,1,826,"H3","8480",8,106527,106527,2988109,0
2008,381,2,826,"H3","8480",8,775454,775454,25564956,0
2008,381,1,757,"H3","848010",8,45,45,2013,0
2008,381,2,757,"H3","848010",8,45326,45326,162369,0
2008,381,1,826,"H3","848010",8,278,278,2912,0
2008,381,2,826,"H3","848010",8,1805,1805,17019,0
2008,381,1,757,"H3","848020",8,61,61,5867,0
2008,381,2,757,"H3","848020",8,4814,4814,70970,0
2008,381,1,826,"H3","848020",8,4,4,4240,0
2008,381,2,826,"H3","848020",8,3198,3198,36999,0
2008,381,1,757,"H3","848030",8,16714,16714,241081,0
2008,381,2,757,"H3","848030",8,43073,43073,1106101,0
2008,381,1,826,"H3","848030",8,531,531,29199,0
2008,381,2,826,"H3","848030",8,1394,1394,239113,0
2008,381,1,757,"H3","848041",8,28979,28979,353900,0
2008,381,2,757,"H3","848041",8,182063,182063,4821117,0
2008,381,1,826,"H3","848041",8,20049,20049,56500,0
2008,381,2,826,"H3","848041",8,109287,109287,2796274,0
2008,381,1,757,"H3","848049",8,90358,90358,2118079,0
2008,381,2,757,"H3","848049",8,169863,169863,5196615,0
2008,381,1,826,"H3","848049",8,253,253,69951,0
2008,381,2,826,"H3","848049",8,127007,127007,3939183,0
2008,381,1,757,"H3","848050",8,2236,2236,32670,0
2008,381,2,757,"H3","848050",8,7663,7663,234468,0
2008,381,1,826,"H3","848050",8,1579,1579,205005,0
2008,381,2,826,"H3","848050",8,33394,33394,1162577,0
2008,381,1,757,"H3","848060",8,21280,21280,10877,0
2008,381,2,757,"H3","848060",8,4310,4310,109497,0
2008,381,1,826,"H3","848060",8,1762,1762,260284,0
2008,381,2,826,"H3","848060",8,65287,65287,733522,0
2008,381,1,757,"H3","848071",8,197448,197448,15522381,0
2008,381,2,757,"H3","848071",8,327794,327794,13979949,0
2008,381,1,826,"H3","848071",8,34048,34048,817394,0
2008,381,2,826,"H3","848071",8,352442,352442,13035364,0
2008,381,1,757,"H3","848079",8,103114,103114,20366470,0
2008,381,2,757,"H3","848079",8,422007,422007,28203283,0
2008,381,1,826,"H3","848079",8,48023,48023,1542624,0
2008,381,2,826,"H3","848079",8,81640,81640,3604904,0
2008,381,1,757,"H3","8481",8,592274,592274,35902984,0
2008,381,2,757,"H3","8481",8,5913718,5913718,154383018,0
2008,381,1,826,"H3","8481",8,3195287,3195287,106119577,0
2008,381,2,826,"H3","8481",8,19859108,19859108,499991868,0
2008,381,1,757,"H3","848110",8,18401,18401,1282720,0
2008,381,2,757,"H3","848110",8,149115,149115,4800514,0
2008,381,1,826,"H3","848110",8,89890,89890,4521405,0
2008,381,2,826,"H3","848110",8,214991,214991,7886405,0
2008,381,1,757,"H3","848120",8,82268,82268,11431575,0
2008,381,2,757,"H3","848120",8,136532,136532,7449685,0
2008,381,1,826,"H3","848120",8,1108385,1108385,39597998,0
2008,381,2,826,"H3","848120",8,2118711,2118711,49821967,0
2008,381,1,757,"H3","848130",8,6338,6338,455441,0
2008,381,2,757,"H3","848130",8,123568,123568,4401581,0
2008,381,1,826,"H3","848130",8,41592,41592,1492238,0
2008,381,2,826,"H3","848130",8,210167,210167,4947073,0
2008,381,1,757,"H3","848140",8,37203,37203,3667529,0
2008,381,2,757,"H3","848140",8,43845,43845,2188990,0
2008,381,1,826,"H3","848140",8,83404,83404,4656424,0
2008,381,2,826,"H3","848140",8,204702,204702,5158498,0
2008,381,1,757,"H3","848180",8,314449,314449,13187533,0
2008,381,2,757,"H3","848180",8,4650793,4650793,111956541,0
2008,381,1,826,"H3","848180",8,1662581,1662581,44222585,0
2008,381,2,826,"H3","848180",8,15234739,15234739,384674409,0
2008,381,1,757,"H3","848190",8,133615,133615,5878185,0
2008,381,2,757,"H3","848190",8,809865,809865,23585708,0
2008,381,1,826,"H3","848190",8,209435,209435,11628926,0
2008,381,2,826,"H3","848190",8,1875798,1875798,47503516,0
2008,381,1,757,"H3","8482",1,,132195,9666842,0
2008,381,2,757,"H3","8482",1,,891169,25083832,0
2008,381,1,826,"H3","8482",1,,1594340,33996009,0
2008,381,2,826,"H3","8482",1,,7479481,79445562,0
2008,381,1,757,"H3","848210",1,,50628,5522114,0
2008,381,2,757,"H3","848210",1,,331141,14469425,0
2008,381,1,826,"H3","848210",1,,535304,24706777,0
2008,381,2,826,"H3","848210",1,,2695539,36982354,0
2008,381,1,757,"H3","848220",1,,3182,102763,0
2008,381,2,757,"H3","848220",1,,84244,1952054,0
2008,381,1,826,"H3","848220",1,,13135,565677,0
2008,381,2,826,"H3","848220",1,,444510,8371742,0
2008,381,1,757,"H3","848230",1,,52890,1444461,0
2008,381,2,757,"H3","848230",5,88,503,15018,2
2008,381,1,826,"H3","848230",1,,19033,598959,0
2008,381,2,826,"H3","848230",5,6276,55408,1067665,2
2008,381,1,757,"H3","848240",5,39246,299,58544,2
2008,381,2,757,"H3","848240",1,,908,69566,0
2008,381,1,826,"H3","848240",5,195839,3804,292134,2
2008,381,2,826,"H3","848240",1,,8230,340293,0
2008,381,1,757,"H3","848250",1,,8744,606487,0
2008,381,2,757,"H3","848250",1,,1201,125473,0
2008,381,1,826,"H3","848250",1,,29614,2663144,0
2008,381,2,826,"H3","848250",1,,16933,1302705,0
2008,381,1,757,"H3","848280",1,,6836,471021,0
2008,381,2,757,"H3","848280",1,,58941,4751130,0
2008,381,1,826,"H3","848280",1,,21261,694464,0
2008,381,2,826,"H3","848280",1,,48391,1668158,0
2008,381,1,757,"H3","848291",8,4379,4379,410529,0
2008,381,2,757,"H3","848291",8,410880,410880,3435743,0
2008,381,1,826,"H3","848291",8,904942,904942,4180869,0
2008,381,2,826,"H3","848291",8,363369,363369,2585163,0
2008,381,1,757,"H3","848299",8,5237,5237,1050923,0
2008,381,2,757,"H3","848299",8,3351,3351,265423,0
2008,381,1,826,"H3","848299",8,67247,67247,293986,0
2008,381,2,826,"H3","848299",8,3847101,3847101,27127483,0
2008,381,1,757,"H3","8483",1,,2853216,43001357,0
2008,381,2,757,"H3","8483",1,,3808556,63744038,0
2008,381,1,826,"H3","8483",1,,3163480,86891286,0
2008,381,2,826,"H3","8483",1,,17024429,211721845,0
2008,381,1,757,"H3","848310",1,,561010,7476757,0
2008,381,2,757,"H3","848310",1,,130773,2706892,0
2008,381,1,826,"H3","848310",1,,1631311,24746917,0
2008,381,2,826,"H3","848310",1,,1446257,16310245,0
2008,381,1,757,"H3","848320",1,,61,13105,0
2008,381,2,757,"H3","848320",1,,8225,158741,0
2008,381,1,826,"H3","848320",1,,30289,559851,0
2008,381,2,826,"H3","848320",1,,74269,840325,0
2008,381,1,757,"H3","848330",1,,5590,449556,0
2008,381,2,757,"H3","848330",1,,19919,469708,0
2008,381,1,826,"H3","848330",1,,701692,24925152,0
2008,381,2,826,"H3","848330",1,,624196,12259315,0
2008,381,1,757,"H3","848340",1,,454020,8866554,0
2008,381,2,757,"H3","848340",1,,2479679,41031197,0
2008,381,1,826,"H3","848340",1,,411052,25907368,0
2008,381,2,826,"H3","848340",1,,7516097,107977418,0
2008,381,1,757,"H3","848350",5,26198,16733,334505,2
2008,381,2,757,"H3","848350",5,272648,175234,3010316,2
2008,381,1,826,"H3","848350",5,138317,158560,1766072,2
2008,381,2,826,"H3","848350",5,3684237,4206653,40677808,2
2008,381,1,757,"H3","848360",1,,15033,1310992,0
2008,381,2,757,"H3","848360",1,,116563,3145937,0
2008,381,1,826,"H3","848360",1,,69412,3662957,0
2008,381,2,826,"H3","848360",1,,1466232,18893324,0
2008,381,1,757,"H3","848390",8,1800769,1800769,24549888,0
2008,381,2,757,"H3","848390",8,878163,878163,13221247,0
2008,381,1,826,"H3","848390",8,161164,161164,5322969,0
2008,381,2,826,"H3","848390",8,1690725,1690725,14763411,0
2008,381,1,757,"H3","8484",8,45702,45702,2485440,0
2008,381,2,757,"H3","8484",8,82138,82138,3981918,0
2008,381,1,826,"H3","8484",8,233823,233823,21197639,0
2008,381,2,826,"H3","8484",8,236289,236289,12111411,0
2008,381,1,757,"H3","848410",8,45199,45199,2375120,0
2008,381,2,757,"H3","848410",8,40336,40336,2179993,0
2008,381,1,826,"H3","848410",8,59781,59781,3085321,0
2008,381,2,826,"H3","848410",8,30120,30120,1212105,0
2008,381,1,757,"H3","848420",8,176,176,32329,0
2008,381,2,757,"H3","848420",8,5327,5327,621542,0
2008,381,1,826,"H3","848420",8,62286,62286,15864210,0
2008,381,2,826,"H3","848420",8,26913,26913,2368039,0
2008,381,1,757,"H3","848490",8,327,327,77992,0
2008,381,2,757,"H3","848490",8,36475,36475,1180383,0
2008,381,1,826,"H3","848490",8,111756,111756,2248108,0
2008,381,2,826,"H3","848490",8,179256,179256,8531267,0
2008,381,1,757,"H3","8486",1,,43876,2813827,0
2008,381,2,757,"H3","8486",1,,52843,2473589,0
2008,381,1,826,"H3","8486",1,,45124,19969579,0
2008,381,2,826,"H3","8486",1,,13695,316392,0
2008,381,1,757,"H3","848610",1,,756,206206,0
2008,381,2,757,"H3","848610",5,0,27,10511,2
2008,381,1,826,"H3","848610",1,,10,25647,0
2008,381,2,826,"H3","848610",5,0,5,6103,2
2008,381,1,757,"H3","848620",5,1,20469,1575981,2
2008,381,2,757,"H3","848620",1,,10120,1000091,0
2008,381,1,826,"H3","848620",5,5,17710,11755121,2
2008,381,2,826,"H3","848620",1,,2977,53589,0
2008,381,1,826,"H3","848630",1,,10,3671,0
2008,381,2,757,"H3","848640",1,,2162,101647,0
2008,381,1,826,"H3","848640",1,,99,272707,0
2008,381,2,826,"H3","848640",1,,866,36100,0
2008,381,1,757,"H3","848690",8,22651,22651,1031640,0
2008,381,2,757,"H3","848690",8,40534,40534,1361341,0
2008,381,1,826,"H3","848690",8,27295,27295,7912433,0
2008,381,2,826,"H3","848690",8,9847,9847,220599,0
2008,381,1,757,"H3","8487",8,454317,454317,21720996,0
2008,381,2,757,"H3","8487",8,889321,889321,24451421,0
2008,381,1,826,"H3","8487",8,448425,448425,6917698,6
2008,381,2,826,"H3","8487",8,1321628,1321628,10336619,6
2008,381,1,757,"H3","848710",8,132319,132319,9515572,0
2008,381,2,757,"H3","848710",8,204007,204007,4637242,0
2008,381,1,826,"H3","848710",8,59320,59320,2693316,6
2008,381,2,826,"H3","848710",8,10788,10788,335626,6
2008,381,1,757,"H3","848790",8,321998,321998,12205424,0
2008,381,2,757,"H3","848790",8,685314,685314,19814179,0
2008,381,1,826,"H3","848790",8,389105,389105,4224382,0
2008,381,2,826,"H3","848790",8,1310840,1310840,10000993,0
2008,381,1,757,"H3","85",1,,,480745625,0
2008,381,2,757,"H3","85",1,,,1000714403,0
2008,381,1,826,"H3","85",1,,,1779501827,0
2008,381,2,826,"H3","85",1,,,1393953626,0
2008,381,1,757,"H3","8501",5,1525685,720246,43752665,0
2008,381,2,757,"H3","8501",5,1045818,2680860,46965721,0
2008,381,1,826,"H3","8501",5,38240,,39674320,0
2008,381,2,826,"H3","8501",5,1819520,8919131,91775587,4
2008,381,1,757,"H3","850110",5,1390300,290079,22297716,0
2008,381,2,757,"H3","850110",5,517284,669800,10856758,0
2008,381,1,826,"H3","850110",5,12638,275903,2900104,4
2008,381,2,826,"H3","850110",5,242647,403631,5330069,4
2008,381,1,757,"H3","850120",5,34180,88141,1657887,0
2008,381,2,757,"H3","850120",5,43732,99944,1647885,0
2008,381,1,826,"H3","850120",5,8804,1375841,7124936,4
2008,381,2,826,"H3","850120",5,601265,1947425,17441860,4
2008,381,1,757,"H3","850131",5,82126,23610,4596168,0
2008,381,2,757,"H3","850131",5,153814,222095,5338242,0
2008,381,1,826,"H3","850131",5,5467,200631,1644842,4
2008,381,2,826,"H3","850131",5,85073,278623,5709419,4
2008,381,1,757,"H3","850132",5,389,1868,196621,0
2008,381,2,757,"H3","850132",5,5846,34111,821335,0
2008,381,1,826,"H3","850132",5,937,130526,739284,4
2008,381,2,826,"H3","850132",5,14053,143846,2309058,4
2008,381,1,757,"H3","850133",5,5,2516,50132,0
2008,381,2,757,"H3","850133",5,1165,40293,774291,0
2008,381,1,826,"H3","850133",5,3,,188988,0
2008,381,2,826,"H3","850133",5,28,34825,531500,4
2008,381,1,757,"H3","850134",5,1,18,4233,0
2008,381,2,757,"H3","850134",5,5,908,18884,0
2008,381,2,826,"H3","850134",5,19,42933,725490,4
2008,381,1,757,"H3","850140",5,4505,12925,941649,0
2008,381,2,757,"H3","850140",5,193252,587397,7110478,0
2008,381,1,826,"H3","850140",5,801,,821529,0
2008,381,2,826,"H3","850140",5,561062,1659760,15839499,4
2008,381,1,757,"H3","850151",5,5984,46386,3203353,0
2008,381,2,757,"H3","850151",5,60676,280112,3726709,0
2008,381,1,826,"H3","850151",5,2416,492633,2546294,4
2008,381,2,826,"H3","850151",5,206266,724229,8202693,4
2008,381,1,757,"H3","850152",5,6906,156457,7493855,0
2008,381,2,757,"H3","850152",5,47142,511564,11980384,0
2008,381,1,826,"H3","850152",5,4604,2657107,9355510,4
2008,381,2,826,"H3","850152",5,67669,1065299,12986787,4
2008,381,1,757,"H3","850153",5,107,70929,2182787,0
2008,381,2,757,"H3","850153",5,3628,106422,1843586,0
2008,381,1,826,"H3","850153",5,21,90012,698028,4
2008,381,2,826,"H3","850153",5,175,288547,4111791,4
2008,381,1,757,"H3","850161",5,1143,6092,168709,0
2008,381,2,757,"H3","850161",5,13918,43220,1828010,0
2008,381,1,826,"H3","850161",5,1679,420433,2475098,4
2008,381,2,826,"H3","850161",5,39934,1321339,10896300,4
2008,381,1,757,"H3","850162",5,8,6719,95116,0
2008,381,2,757,"H3","850162",5,26,18831,244158,0
2008,381,1,826,"H3","850162",5,518,525723,3932004,4
2008,381,2,826,"H3","850162",5,709,282451,1932224,4
2008,381,1,757,"H3","850163",5,10,5305,206895,0
2008,381,2,757,"H3","850163",5,561,24592,423139,0
2008,381,1,826,"H3","850163",5,206,251870,1611481,4
2008,381,2,826,"H3","850163",5,446,439322,3037963,4
2008,381,1,757,"H3","850164",5,21,9201,657542,0
2008,381,2,757,"H3","850164",5,4769,41571,351861,0
2008,381,1,826,"H3","850164",5,146,446282,5636223,4
2008,381,2,826,"H3","850164",5,174,286902,2720935,4
2008,381,1,757,"H3","8502",5,252,499521,26148404,0
2008,381,2,757,"H3","8502",5,1541,285078,3902421,0
2008,381,1,826,"H3","8502",5,1851,1204329,14598236,4
2008,381,2,826,"H3","8502",5,5848,3186815,42642594,4
2008,381,1,757,"H3","850211",5,4,3735,56833,0
2008,381,2,757,"H3","850211",5,753,163682,2290243,0
2008,381,1,826,"H3","850211",5,197,470270,1877230,4
2008,381,2,826,"H3","850211",5,3868,1717618,23314836,4
2008,381,1,757,"H3","850212",5,3,1700,28632,0
2008,381,2,757,"H3","850212",5,45,55415,699831,0
2008,381,1,826,"H3","850212",5,575,279480,4477139,4
2008,381,2,826,"H3","850212",5,417,968647,10740976,4
2008,381,1,757,"H3","850213",5,5,1960,54205,0
2008,381,2,757,"H3","850213",5,1,5515,67182,0
2008,381,1,826,"H3","850213",5,488,356554,7788756,4
2008,381,2,826,"H3","850213",5,61,295722,5387655,4
2008,381,1,757,"H3","850220",5,62,36355,1274962,0
2008,381,2,757,"H3","850220",5,149,30217,494949,0
2008,381,1,826,"H3","850220",5,106,94224,312736,4
2008,381,2,826,"H3","850220",5,1439,120679,1722748,4
2008,381,2,757,"H3","850231",5,525,713,18908,0
2008,381,1,826,"H3","850231",5,70,2072,27231,4
2008,381,1,757,"H3","850239",5,172,455766,24732089,0
2008,381,2,757,"H3","850239",5,39,19089,230623,0
2008,381,1,826,"H3","850239",5,39,1522,78481,4
2008,381,2,826,"H3","850239",5,38,83993,1473195,4
2008,381,1,757,"H3","850240",5,6,5,1683,0
2008,381,2,757,"H3","850240",5,29,10447,100685,0
2008,381,1,826,"H3","850240",5,376,207,36663,4
2008,381,2,826,"H3","850240",5,25,155,3185,4
2008,381,1,757,"H3","8503",8,536124,536124,9895444,0
2008,381,2,757,"H3","8503",8,1048598,1048598,9275499,0
2008,381,1,826,"H3","8503",8,501125,501125,11042761,0
2008,381,2,826,"H3","8503",8,12527470,12527470,65996180,0
2008,381,1,757,"H3","850300",8,536124,536124,9895444,0
2008,381,2,757,"H3","850300",8,1048598,1048598,9275499,0
2008,381,1,826,"H3","850300",8,501125,501125,11042761,0
2008,381,2,826,"H3","850300",8,12527470,12527470,65996180,0
2008,381,1,757,"H3","8504",1,,3217752,84583930,0
2008,381,2,757,"H3","8504",1,,11993373,130113290,0
2008,381,1,826,"H3","8504",1,,,51492010,0
2008,381,2,826,"H3","8504",1,,6550738,97838061,4
2008,381,1,757,"H3","850410",5,602,1150,81674,0
2008,381,2,757,"H3","850410",5,65126,56204,1015924,0
2008,381,1,826,"H3","850410",5,78923,,753042,0
2008,381,2,826,"H3","850410",5,386648,337004,3513803,4
2008,381,1,757,"H3","850421",5,11,48389,266859,0
2008,381,2,757,"H3","850421",5,15590,66110,261754,0
2008,381,1,826,"H3","850421",5,55,74697,675525,4
2008,381,2,826,"H3","850421",5,60,35909,395614,4
2008,381,1,757,"H3","850422",5,46,580796,7088344,0
2008,381,2,757,"H3","850422",5,1389,17316,250734,0
2008,381,1,826,"H3","850422",5,14,1966,25851,4
2008,381,2,826,"H3","850422",5,30,147351,1535891,4
2008,381,1,757,"H3","850423",5,6,121850,502305,0
2008,381,2,757,"H3","850423",5,8,320450,4443213,0
2008,381,1,826,"H3","850423",5,2,90602,542232,4
2008,381,2,826,"H3","850423",5,15,597771,8548771,4
2008,381,1,757,"H3","850431",5,200990,121455,1942157,0
2008,381,2,757,"H3","850431",5,220364,929721,9924782,0
2008,381,1,826,"H3","850431",5,129925,125474,1649927,4
2008,381,2,826,"H3","850431",5,1097466,598442,7483139,4
2008,381,1,757,"H3","850432",5,8662,18366,1369492,0
2008,381,2,757,"H3","850432",5,52359,480171,4789507,0
2008,381,1,826,"H3","850432",5,106081,72041,1225496,4
2008,381,2,826,"H3","850432",5,2518,13815,144214,4
2008,381,1,757,"H3","850433",5,489,98282,1537357,0
2008,381,2,757,"H3","850433",5,39298,1778818,16433499,0
2008,381,1,826,"H3","850433",5,1348,2082,20778,4
2008,381,2,826,"H3","850433",5,2280,179711,1847293,4
2008,381,1,757,"H3","850434",5,139,827900,12547619,0
2008,381,2,757,"H3","850434",5,6295,785764,8410972,0
2008,381,1,826,"H3","850434",5,4,42,562,4
2008,381,2,826,"H3","850434",5,249,754404,8967574,4
2008,381,1,757,"H3","850440",5,1057472,618120,33486436,2
2008,381,2,757,"H3","850440",5,174191,929285,25432049,2
2008,381,1,826,"H3","850440",5,1956688,461686,40603198,6
2008,381,2,826,"H3","850440",5,203401,1933974,48673789,6
2008,381,1,757,"H3","850450",1,,469804,6542374,0
2008,381,2,757,"H3","850450",1,,1250528,17518279,0
2008,381,1,826,"H3","850450",1,,31358,3725545,0
2008,381,2,826,"H3","850450",1,,133490,3856500,0
2008,381,1,757,"H3","850490",8,311640,311640,19219313,0
2008,381,2,757,"H3","850490",8,5379006,5379006,41632576,0
2008,381,1,826,"H3","850490",8,66428,66428,2269853,0
2008,381,2,826,"H3","850490",8,1818867,1818867,12871472,0
2008,381,1,757,"H3","8505",8,25141,25141,2034196,0
2008,381,2,757,"H3","8505",8,178502,178502,2952534,0
2008,381,1,826,"H3","8505",8,85513,85513,3237450,0
2008,381,2,826,"H3","8505",8,192308,192308,2184808,0
2008,381,1,757,"H3","850511",8,14277,14277,852571,0
2008,381,2,757,"H3","850511",8,101021,101021,357812,0
2008,381,1,826,"H3","850511",8,36644,36644,1475793,0
2008,381,2,826,"H3","850511",8,5366,5366,101080,0
2008,381,1,757,"H3","850519",8,244,244,37258,0
2008,381,2,757,"H3","850519",8,10354,10354,220038,0
2008,381,1,826,"H3","850519",8,37766,37766,670274,0
2008,381,2,826,"H3","850519",8,101950,101950,361312,0
2008,381,1,757,"H3","850520",8,4169,4169,478632,0
2008,381,2,757,"H3","850520",8,12000,12000,359866,0
2008,381,1,826,"H3","850520",8,5857,5857,336290,0
2008,381,2,826,"H3","850520",8,2783,2783,127762,0
2008,381,1,757,"H3","850590",8,6451,6451,665735,0
2008,381,2,757,"H3","850590",8,55127,55127,2014818,0
2008,381,1,826,"H3","850590",8,5246,5246,755093,0
2008,381,2,826,"H3","850590",8,82209,82209,1594655,0
2008,381,1,757,"H3","8506",1,,4029,755350,0
2008,381,2,757,"H3","8506",1,,42421,501812,0
2008,381,1,826,"H3","8506",1,,,3797044,0
2008,381,2,826,"H3","8506",1,,416602,3797538,4
2008,381,1,757,"H3","850610",5,131567,1658,41501,0
2008,381,2,757,"H3","850610",5,32663,1522,36795,0
2008,381,1,826,"H3","850610",5,968062,210211,1470491,4
2008,381,2,826,"H3","850610",5,1792370,204672,1689960,4
2008,381,2,757,"H3","850630",5,778,5675,44312,0
2008,381,1,826,"H3","850630",5,52169,8465,25714,4
2008,381,2,826,"H3","850630",5,2313,519,8256,4
2008,381,1,757,"H3","850640",5,1074900,656,435312,0
2008,381,1,826,"H3","850640",5,71400,167,20612,4
2008,381,2,826,"H3","850640",5,26,0,38,4
2008,381,1,757,"H3","850650",5,382210,1323,195122,0
2008,381,2,757,"H3","850650",5,11366,1281,146753,0
2008,381,1,826,"H3","850650",5,133243,10760,755338,4
2008,381,2,826,"H3","850650",5,2965,59,6742,4
2008,381,1,757,"H3","850660",5,83560,273,48910,0
2008,381,2,757,"H3","850660",5,241,6463,40298,0
2008,381,1,826,"H3","850660",5,1622983,,1432575,0
2008,381,2,826,"H3","850660",5,805,890,4274,4
2008,381,1,757,"H3","850680",5,22158,119,34504,0
2008,381,2,757,"H3","850680",5,10604,15229,160832,0
2008,381,1,826,"H3","850680",5,35328,11208,73390,4
2008,381,2,826,"H3","850680",5,163878,110896,408076,4
2008,381,2,757,"H3","850690",8,12251,12251,72823,0
2008,381,1,826,"H3","850690",8,4891,4891,18923,0
2008,381,2,826,"H3","850690",8,99565,99565,1680192,0
2008,381,1,757,"H3","8507",1,,239722,7147400,0
2008,381,2,757,"H3","8507",1,,1243439,8194396,0
2008,381,1,826,"H3","8507",1,,4963456,20558438,4
2008,381,2,826,"H3","8507",1,,13053610,38034052,4
2008,381,1,757,"H3","850710",5,28,360,5210,0
2008,381,2,757,"H3","850710",5,33120,622023,3195733,0
2008,381,1,826,"H3","850710",5,46335,1629599,4693184,4
2008,381,2,826,"H3","850710",5,622993,11659626,30685215,4
2008,381,1,757,"H3","850720",5,29,2971,17514,0
2008,381,2,757,"H3","850720",5,44117,288032,1619921,0
2008,381,1,826,"H3","850720",5,198909,2652923,9866328,4
2008,381,2,826,"H3","850720",5,87611,1183001,6349075,4
2008,381,1,757,"H3","850730",5,98,2136,26243,0
2008,381,2,757,"H3","850730",5,4354,37658,186214,0
2008,381,1,826,"H3","850730",5,57445,70696,1529497,4
2008,381,2,826,"H3","850730",5,2009,2825,44939,4
2008,381,2,757,"H3","850740",5,17,12,6326,0
2008,381,1,826,"H3","850740",5,104,257,3801,4
2008,381,2,826,"H3","850740",5,193,3292,11398,4
2008,381,1,757,"H3","850780",5,13818,230543,7049425,0
2008,381,2,757,"H3","850780",5,32756,105928,1609608,0
2008,381,1,826,"H3","850780",5,73930,207328,2466013,4
2008,381,2,826,"H3","850780",5,4435,35875,189903,4
2008,381,1,757,"H3","850790",8,3712,3712,49009,0
2008,381,2,757,"H3","850790",8,189786,189786,1576593,0
2008,381,1,826,"H3","850790",8,402654,402654,1999614,0
2008,381,2,826,"H3","850790",8,168990,168990,753522,0
2008,381,1,757,"H3","8508",1,,13295,374269,0
2008,381,2,757,"H3","8508",1,,253002,4555469,0
2008,381,1,826,"H3","8508",1,,343547,2833004,4
2008,381,2,826,"H3","8508",1,,229188,3348025,4
2008,381,1,757,"H3","850811",5,391,4766,128833,0
2008,381,2,757,"H3","850811",5,10168,66192,1403524,0
2008,381,1,826,"H3","850811",5,7637,77822,742683,4
2008,381,2,826,"H3","850811",5,12039,119112,1666932,4
2008,381,1,757,"H3","850819",5,218,3137,72694,0
2008,381,2,757,"H3","850819",5,9292,71841,1224851,0
2008,381,1,826,"H3","850819",5,3846,227130,1421429,4
2008,381,2,826,"H3","850819",5,4717,63264,859623,4
2008,381,1,757,"H3","850860",5,53,3421,44422,0
2008,381,2,757,"H3","850860",5,2121,23211,397864,0
2008,381,1,826,"H3","850860",5,452,560,3753,4
2008,381,2,826,"H3","850860",5,411,27277,383966,4
2008,381,1,757,"H3","850870",8,1971,1971,128320,0
2008,381,2,757,"H3","850870",8,91758,91758,1529230,0
2008,381,1,826,"H3","850870",8,38035,38035,665139,0
2008,381,2,826,"H3","850870",8,19535,19535,437504,0
2008,381,1,757,"H3","8509",1,,16904,731934,0
2008,381,2,757,"H3","8509",1,,266447,6142382,0
2008,381,1,826,"H3","8509",1,,194102,2281318,4
2008,381,2,826,"H3","8509",1,,730589,13881529,4
2008,381,1,757,"H3","850940",5,3309,5544,290736,0
2008,381,2,757,"H3","850940",5,15402,45053,1045944,0
2008,381,1,826,"H3","850940",5,18766,68833,551619,4
2008,381,2,826,"H3","850940",5,16169,176015,3410153,4
2008,381,1,757,"H3","850980",1,,9553,347322,0
2008,381,2,757,"H3","850980",1,,160451,3156572,0
2008,381,1,826,"H3","850980",1,,49969,697573,0
2008,381,2,826,"H3","850980",1,,461112,7628318,0
2008,381,1,757,"H3","850990",8,1807,1807,93876,0
2008,381,2,757,"H3","850990",8,60943,60943,1939866,0
2008,381,1,826,"H3","850990",8,75300,75300,1032126,0
2008,381,2,826,"H3","850990",8,93462,93462,2843059,0
2008,381,1,757,"H3","8510",1,,6886,544322,0
2008,381,2,757,"H3","8510",1,,3179,280396,0
2008,381,1,826,"H3","8510",1,,22585,551351,4
2008,381,2,826,"H3","8510",1,,285,9004,4
2008,381,2,757,"H3","851010",5,552,538,44037,0
2008,381,1,826,"H3","851010",5,12808,20443,429091,4
2008,381,1,757,"H3","851020",5,2174,6685,488920,0
2008,381,2,757,"H3","851020",5,1027,1919,32858,0
2008,381,1,826,"H3","851020",5,50,502,11958,4
2008,381,2,826,"H3","851020",5,17,88,2392,4
2008,381,2,757,"H3","851030",5,12,438,193916,0
2008,381,1,826,"H3","851030",5,303,573,22318,4
2008,381,2,826,"H3","851030",5,60,30,2958,4
2008,381,1,757,"H3","851090",8,201,201,55402,0
2008,381,2,757,"H3","851090",8,284,284,9584,0
2008,381,1,826,"H3","851090",8,1067,1067,87983,0
2008,381,2,826,"H3","851090",8,167,167,3654,0
2008,381,1,757,"H3","8511",1,,14317,486876,0
2008,381,2,757,"H3","8511",1,,33032,1134806,0
2008,381,1,826,"H3","8511",1,,1973150,28363776,0
2008,381,2,826,"H3","8511",1,,1897594,25973193,0
2008,381,1,757,"H3","851110",5,157162,4489,186544,2
2008,381,2,757,"H3","851110",5,103772,2744,72341,2
2008,381,1,826,"H3","851110",5,1771302,133965,2102458,2
2008,381,2,826,"H3","851110",5,3212322,33985,2239365,2
2008,381,1,757,"H3","851120",1,,3,5262,0
2008,381,2,757,"H3","851120",5,3233,329,23488,2
2008,381,1,757,"H3","851130",5,4686,1689,67951,2
2008,381,2,757,"H3","851130",5,20908,7522,235482,2
2008,381,1,826,"H3","851130",5,24540,21598,355814,2
2008,381,2,826,"H3","851130",5,161384,33659,1817590,2
2008,381,1,757,"H3","851140",5,1492,4244,92635,2
2008,381,2,757,"H3","851140",5,1395,1326,56773,2
2008,381,1,826,"H3","851140",5,50291,189324,3122067,2
2008,381,2,826,"H3","851140",5,152053,395728,6188171,2
2008,381,1,757,"H3","851150",5,1019,1725,78304,2
2008,381,2,757,"H3","851150",5,523,31,32590,2
2008,381,1,826,"H3","851150",5,216618,1159602,16640793,2
2008,381,2,826,"H3","851150",5,39216,136183,2442929,2
2008,381,1,757,"H3","851180",1,,2086,47947,0
2008,381,2,757,"H3","851180",5,47426,8200,293688,2
2008,381,1,826,"H3","851180",1,,260370,2489859,0
2008,381,2,826,"H3","851180",5,809635,203542,5013694,2
2008,381,1,757,"H3","851190",8,81,81,8231,0
2008,381,2,757,"H3","851190",8,12880,12880,420444,0
2008,381,1,826,"H3","851190",8,207113,207113,3583559,0
2008,381,2,826,"H3","851190",8,1077832,1077832,7857144,0
2008,381,1,757,"H3","8512",1,,414847,3851112,0
2008,381,2,757,"H3","8512",1,,98539,2048484,0
2008,381,1,826,"H3","8512",1,,375881,11190191,4
2008,381,2,826,"H3","8512",1,,2494827,43264712,4
2008,381,2,757,"H3","851210",5,8688,267,15846,2
2008,381,2,757,"H3","851230",5,10149,6846,447889,2
2008,381,1,826,"H3","851230",5,27582,58766,936165,6
2008,381,2,826,"H3","851230",5,464368,1012692,13327560,6
2008,381,1,757,"H3","851240",5,7875,5929,147665,2
2008,381,2,757,"H3","851240",1,,3092,83812,0
2008,381,1,826,"H3","851240",5,59730,31440,1120050,2
2008,381,2,826,"H3","851240",1,,137469,2835127,0
2008,381,1,757,"H3","851290",8,63443,63443,763276,0
2008,381,2,757,"H3","851290",8,72413,72413,936951,0
2008,381,1,826,"H3","851290",8,158591,158591,5075127,0
2008,381,2,826,"H3","851290",8,189924,189924,8097917,0
2008,381,1,757,"H3","8513",1,,3942,204384,0
2008,381,2,757,"H3","8513",1,,12551,445016,0
2008,381,1,826,"H3","8513",1,,21888,610273,0
2008,381,2,826,"H3","8513",1,,9802,557117,0
2008,381,1,757,"H3","851310",1,,3942,204384,0
2008,381,2,757,"H3","851310",1,,12144,438561,0
2008,381,1,826,"H3","851310",1,,21546,591166,0
2008,381,2,826,"H3","851310",1,,7307,377447,0
2008,381,2,757,"H3","851390",8,407,407,6454,0
2008,381,1,826,"H3","851390",8,342,342,19107,0
2008,381,2,826,"H3","851390",8,2495,2495,179670,0
2008,381,1,757,"H3","8514",1,,98240,5371571,0
2008,381,2,757,"H3","8514",1,,282007,5899030,0
2008,381,1,826,"H3","8514",1,,317227,9134390,0
2008,381,2,826,"H3","8514",1,,751295,15458965,0
2008,381,1,757,"H3","851410",1,,4003,88095,0
2008,381,2,757,"H3","851410",5,215,170921,2959793,2
2008,381,1,826,"H3","851410",1,,14197,1134293,0
2008,381,2,826,"H3","851410",5,616,534429,8503713,2
2008,381,1,757,"H3","851420",1,,17724,1135509,0
2008,381,2,757,"H3","851420",5,9,7963,237529,2
2008,381,2,826,"H3","851220",1,,1154383,18999990,0
2008,381,1,826,"H3","851220",5,297326,126344,4017660,2
2008,381,2,757,"H3","851220",1,,15921,563986,0
2008,381,1,757,"H3","851220",5,217587,345475,2940171,2
2008,381,2,826,"H3","851210",5,2257,359,4117,2
2008,381,1,826,"H3","851210",1,,740,41189,0
2008,381,2,826,"H3","851120",5,57030,16665,414299,2
2008,381,1,826,"H3","851120",1,,1178,69226,0
2008,381,1,826,"H3","851420",1,,264359,6245866,0
2008,381,2,826,"H3","851420",5,6,2186,164145,2
2008,381,1,757,"H3","851430",1,,31397,1644340,0
2008,381,2,757,"H3","851430",1,,65807,1392790,0
2008,381,1,826,"H3","851430",1,,14652,287431,0
2008,381,2,826,"H3","851430",1,,188510,5515161,0
2008,381,1,757,"H3","851440",1,,928,65814,0
2008,381,2,757,"H3","851440",1,,6824,192189,0
2008,381,1,826,"H3","851440",1,,6278,498646,0
2008,381,2,826,"H3","851440",1,,2149,226490,0
2008,381,1,757,"H3","851490",8,44188,44188,2437813,0
2008,381,2,757,"H3","851490",8,30492,30492,1116729,0
2008,381,1,826,"H3","851490",8,17741,17741,968154,0
2008,381,2,826,"H3","851490",8,24021,24021,1049456,0
2008,381,1,757,"H3","8515",1,,140062,16904814,0
2008,381,2,757,"H3","8515",1,,613240,23673000,0
2008,381,1,826,"H3","8515",1,,199284,6493440,4
2008,381,2,826,"H3","8515",1,,1818798,40574511,4
2008,381,1,826,"H3","851511",1,,2351,137082,0
2008,381,2,826,"H3","851511",5,181,54,716,2
2008,381,1,757,"H3","851519",1,,2114,324175,0
2008,381,2,757,"H3","851519",1,,4898,227509,0
2008,381,1,826,"H3","851519",1,,5683,635408,0
2008,381,2,826,"H3","851519",1,,2342,67746,0
2008,381,1,757,"H3","851521",1,,19541,1042043,0
2008,381,2,757,"H3","851521",1,,39963,1126221,0
2008,381,1,826,"H3","851521",1,,21428,1249258,0
2008,381,2,826,"H3","851521",1,,562217,18749985,0
2008,381,1,757,"H3","851529",1,,369,114294,0
2008,381,2,757,"H3","851529",1,,15271,580258,0
2008,381,1,826,"H3","851529",1,,25207,92114,0
2008,381,2,826,"H3","851529",1,,135705,2642972,0
2008,381,1,757,"H3","851531",1,,43,3818,0
2008,381,2,757,"H3","851531",5,165,3727,373292,2
2008,381,1,826,"H3","851531",1,,10038,292796,0
2008,381,2,826,"H3","851531",5,919,60874,2077828,2
2008,381,1,757,"H3","851539",1,,809,182608,0
2008,381,2,757,"H3","851539",1,,78939,1344275,0
2008,381,1,826,"H3","851539",1,,4366,119699,0
2008,381,2,826,"H3","851539",1,,874757,10894202,0
2008,381,1,757,"H3","851580",5,3278,26543,3752354,0
2008,381,2,757,"H3","851580",5,3625,404167,17114684,0
2008,381,1,826,"H3","851580",5,159,21141,458955,4
2008,381,2,826,"H3","851580",5,686,56059,1525267,4
2008,381,1,757,"H3","851590",8,90643,90643,11485522,0
2008,381,2,757,"H3","851590",8,66275,66275,2906761,0
2008,381,1,826,"H3","851590",8,109070,109070,3508129,0
2008,381,2,826,"H3","851590",8,126790,126790,4615795,0
2008,381,1,757,"H3","8516",1,,1407458,39031994,0
2008,381,2,757,"H3","8516",1,,3616456,65505095,0
2008,381,1,826,"H3","8516",1,,3253449,35327154,4
2008,381,2,826,"H3","8516",1,,17115684,181009929,4
2008,381,1,757,"H3","851610",5,2063,3985,51916,0
2008,381,2,757,"H3","851610",5,30250,986331,7605862,0
2008,381,1,826,"H3","851610",5,1547,193125,1032035,4
2008,381,2,826,"H3","851610",5,133681,782187,3827221,4
2008,381,2,757,"H3","851621",5,2217,39897,1403220,0
2008,381,2,826,"H3","851621",5,4,1012,17066,4
2008,381,1,757,"H3","851629",5,332,29808,344341,0
2008,381,2,757,"H3","851629",5,9153,83459,1229442,0
2008,381,1,826,"H3","851629",5,7177,141185,675519,4
2008,381,2,826,"H3","851629",5,33005,188768,2264335,4
2008,381,1,757,"H3","851631",5,54714,44471,1208703,0
2008,381,2,757,"H3","851631",5,13734,17108,520144,0
2008,381,1,826,"H3","851631",5,2955,2243,24858,4
2008,381,2,826,"H3","851631",5,255846,305272,7492561,4
2008,381,1,757,"H3","851632",5,1831,368,19158,2
2008,381,2,757,"H3","851632",5,82307,19079,664423,2
2008,381,1,826,"H3","851632",5,373136,30382,3904231,2
2008,381,2,826,"H3","851632",5,181214,29822,1462842,2
2008,381,2,757,"H3","851633",5,367,1599,45959,0
2008,381,1,826,"H3","851633",5,71,3192,34308,4
2008,381,2,826,"H3","851633",5,2090,4915,115473,4
2008,381,1,757,"H3","851640",5,85,1229,35592,0
2008,381,2,757,"H3","851640",5,22577,72460,1432511,0
2008,381,1,826,"H3","851640",5,4151,15652,123776,4
2008,381,2,826,"H3","851640",5,17847,115814,1666377,4
2008,381,1,757,"H3","851650",5,596,22537,478436,0
2008,381,2,757,"H3","851650",5,2125,38771,470248,0
2008,381,1,757,"H3","851660",5,4761,69798,1729217,0
2008,381,2,757,"H3","851660",5,47265,821468,9868482,0
2008,381,1,826,"H3","851660",5,211275,586596,3069240,4
2008,381,2,826,"H3","851660",5,574758,13592956,124845555,4
2008,381,1,757,"H3","851671",5,328979,879641,26697862,0
2008,381,2,757,"H3","851671",5,85827,572600,19786466,0
2008,381,1,826,"H3","851671",5,3594,8348,110366,4
2008,381,2,826,"H3","851671",5,39914,256960,7992205,4
2008,381,1,757,"H3","851672",5,189,1100,2327,0
2008,381,2,757,"H3","851672",5,710,2229,62534,0
2008,381,1,826,"H3","851672",5,7495,19762,122085,4
2008,381,2,826,"H3","851672",5,3105,68113,736450,4
2008,381,1,757,"H3","851679",5,1829,6181,119069,0
2008,381,2,757,"H3","851679",5,38206,29258,617092,0
2008,381,1,826,"H3","851679",5,117251,199038,1527035,4
2008,381,2,826,"H3","851679",5,671131,194815,2847933,4
2008,381,1,757,"H3","851680",1,,9876,1100045,0
2008,381,2,757,"H3","851680",1,,351606,11639840,0
2008,381,1,826,"H3","851680",1,,361266,13147877,0
2008,381,2,826,"H3","851680",1,,817620,16708137,0
2008,381,1,757,"H3","851690",8,338464,338464,7245328,0
2008,381,2,757,"H3","851690",8,580591,580591,10158872,0
2008,381,1,826,"H3","851690",8,796691,796691,7507792,0
2008,381,2,826,"H3","851690",8,480952,480952,7859744,0
2008,381,1,757,"H3","8517",1,,81531,23486387,0
2008,381,2,757,"H3","8517",1,,830991,291808363,0
2008,381,1,826,"H3","8517",1,,1107493,324042006,4
2008,381,2,826,"H3","8517",1,,654084,119608720,4
2008,381,1,757,"H3","851711",5,21,33,29589,0
2008,381,2,757,"H3","851711",5,2142,1285,130463,0
2008,381,1,826,"H3","851711",5,1723,8485,241531,4
2008,381,2,826,"H3","851711",5,3371,24390,1538658,4
2008,381,2,826,"H3","851650",5,9872,276478,3174030,4
2008,381,1,826,"H3","851650",5,17129,895970,4048032,4
2008,381,1,757,"H3","851712",5,112512,46268,12066970,0
2008,381,2,757,"H3","851712",5,1210842,650774,270309573,0
2008,381,1,826,"H3","851712",5,511566,476261,179602905,4
2008,381,2,826,"H3","851712",5,18208,9626,3978396,4
2008,381,1,757,"H3","851718",5,2917,1047,252097,2
2008,381,2,757,"H3","851718",5,20936,51913,3011766,2
2008,381,1,826,"H3","851718",5,43551,16679,3763901,2
2008,381,2,826,"H3","851718",5,1829,4279,263139,2
2008,381,1,757,"H3","851761",5,3509,1161,622839,0
2008,381,2,757,"H3","851761",5,3395,61980,2583330,0
2008,381,1,826,"H3","851761",5,90046,17618,1697801,4
2008,381,2,826,"H3","851761",5,7640,44291,4419387,4
2008,381,1,757,"H3","851762",1,,13834,4121784,0
2008,381,2,757,"H3","851762",5,11697,7491,1978769,2
2008,381,1,826,"H3","851762",1,,400481,78542969,0
2008,381,2,826,"H3","851762",5,230647,141574,39017819,2
2008,381,1,757,"H3","851769",5,8477,1292,829925,2
2008,381,2,757,"H3","851769",5,73969,20616,4878934,2
2008,381,1,826,"H3","851769",5,35858,15814,2922142,6
2008,381,2,826,"H3","851769",5,198079,193077,14184414,6
2008,381,1,757,"H3","851770",8,17896,17896,5563184,0
2008,381,2,757,"H3","851770",8,36932,36932,8915528,0
2008,381,1,826,"H3","851770",8,172155,172155,57270757,0
2008,381,2,826,"H3","851770",8,236848,236848,56206907,0
2008,381,1,757,"H3","8518",1,,9424,832509,0
2008,381,2,757,"H3","8518",1,,104260,4134879,0
2008,381,1,826,"H3","8518",1,,1457757,20743137,4
2008,381,2,826,"H3","8518",1,,488100,11648479,4
2008,381,1,757,"H3","851810",1,,66,27410,0
2008,381,2,757,"H3","851810",1,,2096,106806,0
2008,381,1,826,"H3","851810",1,,21834,1865329,0
2008,381,2,826,"H3","851810",1,,15530,402244,0
2008,381,1,757,"H3","851821",5,67,555,51985,0
2008,381,2,757,"H3","851821",5,1204,6506,185512,0
2008,381,1,826,"H3","851821",5,36505,209411,1581794,4
2008,381,2,826,"H3","851821",5,5887,22050,432828,4
2008,381,1,757,"H3","851822",5,145,3095,114836,0
2008,381,2,757,"H3","851822",5,3190,56734,1689865,0
2008,381,1,826,"H3","851822",5,24332,730350,6369798,4
2008,381,2,826,"H3","851822",5,11579,124333,3431927,4
2008,381,1,757,"H3","851829",5,9404,68,9145,0
2008,381,2,757,"H3","851829",5,10270,11929,318048,0
2008,381,1,826,"H3","851829",5,8208,73958,597784,4
2008,381,2,826,"H3","851829",5,143415,238528,3558971,4
2008,381,1,757,"H3","851830",1,,3,6983,0
2008,381,2,757,"H3","851830",5,2704,744,75627,2
2008,381,1,826,"H3","851830",1,,28009,1299378,0
2008,381,2,826,"H3","851830",5,44274,13289,1238091,2
2008,381,1,757,"H3","851840",5,742,3452,380559,0
2008,381,2,757,"H3","851840",5,1252,12216,938131,2
2008,381,1,826,"H3","851840",5,23353,306302,5532970,6
2008,381,2,826,"H3","851840",5,1631,17191,1037311,6
2008,381,1,757,"H3","851850",5,454,1542,125865,0
2008,381,2,757,"H3","851850",5,1306,7997,578602,0
2008,381,1,826,"H3","851850",5,2547,53474,871283,4
2008,381,2,826,"H3","851850",5,5258,23908,975672,4
2008,381,1,757,"H3","851890",8,643,643,115725,0
2008,381,2,757,"H3","851890",8,6038,6038,242287,0
2008,381,1,826,"H3","851890",8,34420,34420,2624801,0
2008,381,2,826,"H3","851890",8,33270,33270,571434,0
2008,381,1,757,"H3","8519",5,318,368,210429,0
2008,381,2,757,"H3","8519",5,14701,13324,1232590,0
2008,381,1,826,"H3","8519",5,37146,,5501787,0
2008,381,2,826,"H3","8519",5,2445,3236,197617,4
2008,381,2,757,"H3","851920",5,1053,266,35777,0
2008,381,1,826,"H3","851920",5,5963,29291,450655,4
2008,381,2,826,"H3","851920",5,13,49,1188,4
2008,381,1,757,"H3","851930",5,101,15,4317,0
2008,381,2,757,"H3","851930",5,5,306,18301,0
2008,381,1,826,"H3","851930",5,3198,29011,474028,4
2008,381,2,826,"H3","851930",5,2,19,1454,4
2008,381,1,757,"H3","851950",5,46,21,18076,0
2008,381,1,757,"H3","851981",5,164,220,163450,0
2008,381,2,757,"H3","851981",5,13494,11188,1112658,0
2008,381,1,826,"H3","851981",5,14211,47461,3009115,4
2008,381,2,826,"H3","851981",5,1204,2003,116590,4
2008,381,1,757,"H3","851989",5,7,112,24587,0
2008,381,2,757,"H3","851989",5,149,1564,65853,0
2008,381,1,826,"H3","851989",5,13774,,1567989,0
2008,381,2,826,"H3","851989",5,1226,1166,78386,4
2008,381,1,757,"H3","8521",5,48,2539,257663,0
2008,381,2,757,"H3","8521",5,1991,5977,555831,0
2008,381,1,826,"H3","8521",5,21255,,8453910,0
2008,381,2,826,"H3","8521",5,8002,17771,1391871,4
2008,381,1,757,"H3","852110",5,34,2418,89626,0
2008,381,2,757,"H3","852110",5,32,2580,95159,0
2008,381,1,826,"H3","852110",5,1108,,935688,0
2008,381,2,826,"H3","852110",5,18,716,77746,4
2008,381,1,757,"H3","852190",5,14,121,168036,0
2008,381,2,757,"H3","852190",5,1959,3397,460673,0
2008,381,1,826,"H3","852190",5,20147,289079,7518222,4
2008,381,2,826,"H3","852190",5,7984,17055,1314125,4
2008,381,1,757,"H3","8522",8,301,301,161883,0
2008,381,2,757,"H3","8522",8,849,849,379220,0
2008,381,1,826,"H3","8522",8,20683,20683,1957956,0
2008,381,2,826,"H3","8522",8,936,936,106915,0
2008,381,1,757,"H3","852210",8,144,144,31640,0
2008,381,2,757,"H3","852210",8,37,37,3408,0
2008,381,1,826,"H3","852210",8,227,227,46849,0
2008,381,1,757,"H3","852290",8,157,157,130242,0
2008,381,2,757,"H3","852290",8,812,812,375812,0
2008,381,1,826,"H3","852290",8,20456,20456,1911107,0
2008,381,2,826,"H3","852290",8,936,936,106915,0
2008,381,1,757,"H3","8523",1,,,22144273,0
2008,381,2,757,"H3","8523",1,,267510,26400907,4
2008,381,1,826,"H3","8523",1,,,135350484,0
2008,381,2,826,"H3","8523",1,,188631,22930576,4
2008,381,1,757,"H3","852321",5,76452,2704,484258,0
2008,381,2,757,"H3","852321",5,106043,3406,5689449,0
2008,381,1,826,"H3","852321",5,2314558,,1797871,0
2008,381,2,826,"H3","852321",5,77090,1431,107749,4
2008,381,1,757,"H3","852329",5,29117,5265,1478690,2
2008,381,2,757,"H3","852329",5,246126,29540,2602220,2
2008,381,1,826,"H3","852329",5,941744,,6874691,2
2008,381,2,826,"H3","852329",5,79304,28415,1149322,6
2008,381,1,757,"H3","852340",5,274212,,2839844,2
2008,381,2,757,"H3","852340",5,1963754,203365,9345192,2
2008,381,1,826,"H3","852340",5,4671141,,104726909,2
2008,381,2,826,"H3","852340",5,5937406,116264,14212598,6
2008,381,1,757,"H3","852351",5,1336,48,20135,0
2008,381,2,757,"H3","852351",5,2124,103,72741,0
2008,381,1,826,"H3","852351",5,1502972,40332,12134520,4
2008,381,2,826,"H3","852351",5,3264,622,288564,4
2008,381,1,757,"H3","852352",5,4217545,28381,16644462,0
2008,381,2,757,"H3","852352",5,688711,24614,8475874,0
2008,381,1,826,"H3","852352",5,4829866,15861,2678614,4
2008,381,2,826,"H3","852352",5,3240401,30615,5490149,4
2008,381,1,757,"H3","852359",5,65204,549,397558,0
2008,381,2,757,"H3","852359",5,15388,1956,31236,0
2008,381,1,826,"H3","852359",5,18556,1859,593366,4
2008,381,2,826,"H3","852359",5,332,4928,616424,4
2008,381,1,757,"H3","852380",1,,4287,279326,0
2008,381,2,757,"H3","852380",1,,4526,184195,4
2008,381,1,826,"H3","852380",1,,49832,6544512,0
2008,381,2,826,"H3","852380",1,,6356,1065771,0
2008,381,1,757,"H3","8525",5,865,585,1690991,0
2008,381,2,757,"H3","8525",5,45799,27255,8577794,0
2008,381,1,826,"H3","8525",5,299973,515711,94483667,4
2008,381,2,826,"H3","8525",5,83273,129306,20991750,4
2008,381,1,757,"H3","852550",5,94,113,68978,0
2008,381,2,757,"H3","852550",5,2680,1300,169181,0
2008,381,1,826,"H3","852550",5,235149,345868,75683116,4
2008,381,2,826,"H3","852550",5,45939,35902,4949355,4
2008,381,1,757,"H3","852560",5,63,28,117251,0
2008,381,2,757,"H3","852560",5,38368,21094,7108056,0
2008,381,1,826,"H3","852560",5,21132,102256,5673353,4
2008,381,2,826,"H3","852560",5,24191,51813,13127189,4
2008,381,1,757,"H3","852580",5,708,444,1504762,0
2008,381,2,757,"H3","852580",5,4751,4861,1300557,0
2008,381,1,826,"H3","852580",5,43692,67587,13127199,4
2008,381,2,826,"H3","852580",5,13143,41591,2915206,4
2008,381,1,757,"H3","8526",1,,21914,863934,0
2008,381,2,757,"H3","8526",1,,9954,9935538,0
2008,381,1,826,"H3","8526",1,,284488,92491295,4
2008,381,2,826,"H3","8526",1,,25241,27390036,4
2008,381,1,757,"H3","852610",1,,11385,469309,0
2008,381,2,757,"H3","852610",1,,2869,6574912,0
2008,381,1,826,"H3","852610",1,,27972,6545113,0
2008,381,2,826,"H3","852610",1,,1771,23543099,0
2008,381,1,757,"H3","852691",5,591,119,94068,2
2008,381,2,757,"H3","852691",5,664,522,180784,2
2008,381,1,826,"H3","852691",5,631647,233804,84498121,6
2008,381,2,826,"H3","852691",5,2400,2863,1419871,6
2008,381,1,757,"H3","852692",1,,10410,300556,0
2008,381,2,757,"H3","852692",1,,6563,3179841,0
2008,381,1,826,"H3","852692",1,,22712,1448061,0
2008,381,2,826,"H3","852692",1,,20607,2427066,0
2008,381,1,757,"H3","8527",5,247,625,93309,0
2008,381,2,757,"H3","8527",5,11813,5767,422292,0
2008,381,1,826,"H3","8527",5,13501,,1277349,0
2008,381,2,826,"H3","8527",5,25500,,801948,0
2008,381,1,826,"H3","852712",5,192,829,23842,4
2008,381,2,826,"H3","852712",5,2,22,414,4
2008,381,1,757,"H3","852713",5,3,10,2153,0
2008,381,2,757,"H3","852713",5,948,643,86257,0
2008,381,1,826,"H3","852713",5,2751,23222,432389,4
2008,381,2,826,"H3","852713",5,2870,1401,321431,4
2008,381,2,757,"H3","852719",5,9046,2230,90251,0
2008,381,1,826,"H3","852719",5,7631,21285,390048,4
2008,381,2,826,"H3","852719",5,193,56,9276,4
2008,381,2,757,"H3","852721",5,1691,1932,160724,0
2008,381,1,826,"H3","852721",5,171,1459,50062,4
2008,381,2,826,"H3","852721",5,2221,2128,137698,4
2008,381,1,757,"H3","852729",5,237,494,82182,0
2008,381,2,757,"H3","852729",5,6,60,4004,0
2008,381,1,826,"H3","852729",5,32,,10503,0
2008,381,2,826,"H3","852729",5,16,39,2517,4
2008,381,2,757,"H3","852791",5,7,136,17648,0
2008,381,1,826,"H3","852791",5,2221,11910,132744,4
2008,381,2,826,"H3","852791",5,41,429,17936,4
2008,381,1,826,"H3","852792",5,415,820,14354,4
2008,381,2,826,"H3","852792",5,19836,,272933,0
2008,381,1,757,"H3","852799",5,7,121,8974,0
2008,381,2,757,"H3","852799",5,115,766,63409,0
2008,381,1,826,"H3","852799",5,88,10660,223408,4
2008,381,2,826,"H3","852799",5,321,787,39743,4
2008,381,1,757,"H3","8528",5,1180,9851,1691286,0
2008,381,2,757,"H3","8528",5,11259,99944,5689641,0
2008,381,1,826,"H3","8528",5,989265,,117829822,0
2008,381,2,826,"H3","8528",5,38331,,15379471,0
2008,381,1,757,"H3","852841",5,94,88,11341,0
2008,381,2,757,"H3","852841",5,92,838,117815,0
2008,381,1,826,"H3","852841",5,1738,,469533,0
2008,381,2,826,"H3","852841",5,548,13309,122605,4
2008,381,1,757,"H3","852849",5,4,59,11701,0
2008,381,2,757,"H3","852849",5,1090,12518,699384,0
2008,381,1,826,"H3","852849",5,16548,330890,7703167,4
2008,381,2,826,"H3","852849",5,6419,,407769,0
2008,381,1,757,"H3","852851",5,224,1238,907464,0
2008,381,2,757,"H3","852851",5,1212,14468,580455,0
2008,381,1,826,"H3","852851",5,6809,61262,2547154,4
2008,381,2,826,"H3","852851",5,15092,208339,8486413,4
2008,381,1,757,"H3","852859",5,41,1341,116551,0
2008,381,2,757,"H3","852859",5,4422,16870,1020001,0
2008,381,1,826,"H3","852859",5,9263,98959,4685819,4
2008,381,2,826,"H3","852859",5,3527,87766,1080098,4
2008,381,2,757,"H3","852861",5,1,7,2706,0
2008,381,1,826,"H3","852861",5,513,855,114388,4
2008,381,2,757,"H3","852869",5,687,1884,287072,0
2008,381,1,826,"H3","852869",5,6247,24701,3750571,4
2008,381,2,826,"H3","852869",5,421,10366,2338437,4
2008,381,1,757,"H3","852871",5,546,2897,344880,0
2008,381,2,757,"H3","852871",5,681,3796,354448,0
2008,381,1,757,"H3","852872",5,271,4228,299349,0
2008,381,2,757,"H3","852872",5,2673,39718,1328713,0
2008,381,1,826,"H3","852872",5,43034,583850,16759379,4
2008,381,2,826,"H3","852872",5,5977,78910,2655405,4
2008,381,2,757,"H3","852873",5,401,9845,1299048,0
2008,381,1,826,"H3","852873",5,3,,408,0
2008,381,1,757,"H3","8529",8,6077,6077,8105409,0
2008,381,2,757,"H3","8529",8,145972,145972,10739283,0
2008,381,1,826,"H3","8529",8,138972,138972,36065427,0
2008,381,2,826,"H3","8529",8,569747,569747,77602066,0
2008,381,1,757,"H3","852910",8,1167,1167,368815,0
2008,381,2,757,"H3","852910",8,112102,112102,1930628,0
2008,381,1,826,"H3","852910",8,65457,65457,14603696,0
2008,381,2,826,"H3","852910",8,448421,448421,25836190,0
2008,381,1,757,"H3","852990",8,4910,4910,7736594,0
2008,381,2,757,"H3","852990",8,33870,33870,8808654,0
2008,381,1,826,"H3","852990",8,73515,73515,21461731,0
2008,381,2,826,"H3","852990",8,121326,121326,51765876,0
2008,381,1,757,"H3","8530",1,,2970,628918,0
2008,381,2,757,"H3","8530",1,,30786,5039950,0
2008,381,1,826,"H3","8530",1,,9842,936353,0
2008,381,2,826,"H3","8530",1,,44447,2080341,0
2008,381,1,757,"H3","853010",1,,89,80758,0
2008,381,2,757,"H3","853010",1,,5702,325745,0
2008,381,2,826,"H3","853010",1,,8024,386741,0
2008,381,1,757,"H3","853080",1,,1654,170650,0
2008,381,2,757,"H3","853080",1,,18061,611331,0
2008,381,1,826,"H3","853080",1,,3923,374661,0
2008,381,2,826,"H3","853080",1,,3243,304194,0
2008,381,1,757,"H3","853090",8,1227,1227,377510,0
2008,381,2,757,"H3","853090",8,7023,7023,4102875,0
2008,381,1,826,"H3","853090",8,5919,5919,561692,0
2008,381,2,826,"H3","852871",5,6347,4250,288744,4
2008,381,1,826,"H3","852871",5,905110,2646660,81799403,4
2008,381,2,826,"H3","853090",8,33180,33180,1389406,0
2008,381,1,757,"H3","8531",1,,18983,2388831,0
2008,381,2,757,"H3","8531",1,,106067,6479144,0
2008,381,1,826,"H3","8531",1,,510327,29014022,4
2008,381,2,826,"H3","8531",1,,555526,41697762,4
2008,381,1,757,"H3","853110",5,6163,8509,927769,0
2008,381,2,757,"H3","853110",5,34402,16167,1676971,0
2008,381,1,826,"H3","853110",5,492453,286406,12531140,4
2008,381,2,826,"H3","853110",5,1196003,335872,27366668,4
2008,381,1,757,"H3","853120",1,,1366,626680,0
2008,381,2,757,"H3","853120",1,,28148,2088046,0
2008,381,1,826,"H3","853120",1,,28289,2989967,0
2008,381,2,826,"H3","853120",1,,149033,12181695,0
2008,381,1,757,"H3","853180",1,,682,147229,0
2008,381,2,757,"H3","853180",1,,7061,804629,0
2008,381,1,826,"H3","853180",1,,10311,2630516,0
2008,381,2,826,"H3","853180",1,,6250,417039,0
2008,381,1,757,"H3","853190",8,8426,8426,687152,0
2008,381,2,757,"H3","853190",8,54691,54691,1909498,0
2008,381,1,826,"H3","853190",8,185321,185321,10862399,0
2008,381,2,826,"H3","853190",8,64371,64371,1732359,0
2008,381,1,757,"H3","8532",8,20033,20033,968343,0
2008,381,2,757,"H3","8532",8,209447,209447,6073971,0
2008,381,1,826,"H3","8532",8,129542,129542,8501086,0
2008,381,2,826,"H3","8532",8,352129,352129,7594598,0
2008,381,1,757,"H3","853210",8,1910,1910,132053,0
2008,381,2,757,"H3","853210",8,77918,77918,2084415,0
2008,381,1,826,"H3","853210",8,13415,13415,440923,0
2008,381,2,826,"H3","853210",8,101634,101634,1959901,0
2008,381,1,757,"H3","853221",8,675,675,58930,0
2008,381,1,826,"H3","853221",8,8210,8210,1228641,0
2008,381,2,826,"H3","853221",8,170,170,15077,0
2008,381,1,757,"H3","853222",8,2318,2318,108357,0
2008,381,2,757,"H3","853222",8,42259,42259,1511515,0
2008,381,1,826,"H3","853222",8,57749,57749,1537184,0
2008,381,2,826,"H3","853222",8,8911,8911,374599,0
2008,381,1,757,"H3","853223",8,15,15,2530,0
2008,381,2,757,"H3","853223",8,2914,2914,72023,0
2008,381,1,826,"H3","853223",8,6256,6256,987983,0
2008,381,2,826,"H3","853223",8,53,53,4452,0
2008,381,1,757,"H3","853224",8,40,40,23775,0
2008,381,2,757,"H3","853224",8,4257,4257,408907,0
2008,381,1,826,"H3","853224",8,9478,9478,1945098,0
2008,381,2,826,"H3","853224",8,564,564,20578,0
2008,381,1,757,"H3","853225",8,675,675,169063,0
2008,381,2,757,"H3","853225",8,39857,39857,1294530,0
2008,381,1,826,"H3","853225",8,20778,20778,548650,0
2008,381,2,826,"H3","853225",8,169123,169123,4315568,0
2008,381,1,757,"H3","853229",8,252,252,248614,0
2008,381,2,757,"H3","853229",8,26546,26546,415195,0
2008,381,1,826,"H3","853229",8,5448,5448,1106174,0
2008,381,2,826,"H3","853229",8,55118,55118,783332,0
2008,381,1,757,"H3","853230",8,20,20,15498,0
2008,381,2,757,"H3","853230",8,12452,12452,219087,0
2008,381,1,826,"H3","853230",8,2578,2578,102492,0
2008,381,2,826,"H3","853230",8,31,31,618,0
2008,381,1,757,"H3","853290",8,14128,14128,209523,0
2008,381,2,757,"H3","853290",8,3244,3244,68299,0
2008,381,1,826,"H3","853290",8,5630,5630,603942,0
2008,381,2,826,"H3","853290",8,16525,16525,120472,0
2008,381,1,757,"H3","8533",8,2408,2408,1037999,0
2008,381,2,757,"H3","8533",8,66908,66908,2733379,0
2008,381,1,826,"H3","8533",8,100672,100672,20579266,0
2008,381,2,826,"H3","8533",8,30638,30638,1270135,0
2008,381,1,757,"H3","853310",8,307,307,23226,0
2008,381,2,757,"H3","853310",8,62,62,7969,0
2008,381,1,826,"H3","853310",8,9856,9856,1289466,0
2008,381,2,826,"H3","853310",8,2239,2239,87286,0
2008,381,1,757,"H3","853321",8,423,423,656921,0
2008,381,2,757,"H3","853321",8,6166,6166,605705,0
2008,381,1,826,"H3","853321",8,43093,43093,6012545,0
2008,381,2,826,"H3","853321",8,576,576,40032,0
2008,381,1,757,"H3","853329",8,751,751,68760,0
2008,381,2,757,"H3","853329",8,53298,53298,1782965,0
2008,381,1,826,"H3","853329",8,5168,5168,623858,0
2008,381,2,826,"H3","853329",8,17998,17998,595893,0
2008,381,1,757,"H3","853331",8,12,12,7694,0
2008,381,2,757,"H3","853331",8,12,12,2829,0
2008,381,1,826,"H3","853331",8,9183,9183,1996654,0
2008,381,2,826,"H3","853331",8,122,122,7748,0
2008,381,1,757,"H3","853339",8,458,458,24993,0
2008,381,2,757,"H3","853339",8,871,871,35172,0
2008,381,1,826,"H3","853339",8,2212,2212,135126,0
2008,381,2,826,"H3","853339",8,204,204,19364,0
2008,381,1,757,"H3","853340",8,383,383,218707,0
2008,381,2,757,"H3","853340",8,6481,6481,296872,0
2008,381,1,826,"H3","853340",8,29828,29828,9834861,0
2008,381,2,826,"H3","853340",8,4524,4524,395916,0
2008,381,1,757,"H3","853390",8,74,74,37697,0
2008,381,2,757,"H3","853390",8,18,18,1866,0
2008,381,1,826,"H3","853390",8,1332,1332,686757,0
2008,381,2,826,"H3","853390",8,4975,4975,123896,0
2008,381,1,757,"H3","8534",8,6899,6899,8996911,0
2008,381,2,757,"H3","8534",8,188246,188246,12589640,0
2008,381,1,826,"H3","8534",8,27627,27627,8636360,0
2008,381,2,826,"H3","8534",8,22029,22029,7288066,0
2008,381,1,757,"H3","853400",8,6899,6899,8996911,0
2008,381,2,757,"H3","853400",8,188246,188246,12589640,0
2008,381,1,826,"H3","853400",8,27627,27627,8636360,0
2008,381,2,826,"H3","853400",8,22029,22029,7288066,0
2008,381,1,757,"H3","8535",8,170275,170275,10811489,0
2008,381,2,757,"H3","8535",8,66598,66598,3349533,0
2008,381,1,826,"H3","8535",8,57683,57683,3062115,0
2008,381,2,826,"H3","8535",8,441465,441465,10437764,0
2008,381,1,757,"H3","853510",8,73,73,117181,0
2008,381,2,757,"H3","853510",8,6519,6519,93215,0
2008,381,1,826,"H3","853510",8,1637,1637,108164,0
2008,381,2,826,"H3","853510",8,821,821,65273,0
2008,381,1,757,"H3","853521",8,28392,28392,2298407,0
2008,381,2,757,"H3","853521",8,8506,8506,458227,0
2008,381,1,826,"H3","853521",8,935,935,90358,0
2008,381,2,826,"H3","853521",8,1277,1277,27309,0
2008,381,2,757,"H3","853529",8,4408,4408,98229,0
2008,381,1,826,"H3","853529",8,458,458,51467,0
2008,381,2,826,"H3","853529",8,787,787,46952,0
2008,381,1,757,"H3","853530",8,26430,26430,2268386,0
2008,381,2,757,"H3","853530",8,24214,24214,671952,0
2008,381,1,826,"H3","853530",8,3243,3243,180778,0
2008,381,2,826,"H3","853530",8,299639,299639,3337572,0
2008,381,1,757,"H3","853540",8,6824,6824,759181,0
2008,381,2,757,"H3","853540",8,2596,2596,133938,0
2008,381,1,826,"H3","853540",8,38246,38246,1104485,0
2008,381,2,826,"H3","853540",8,13587,13587,163756,0
2008,381,1,757,"H3","853590",8,108556,108556,5368335,0
2008,381,2,757,"H3","853590",8,20355,20355,1893973,0
2008,381,1,826,"H3","853590",8,13164,13164,1526863,0
2008,381,2,826,"H3","853590",8,125354,125354,6796902,0
2008,381,1,757,"H3","8536",8,420610,420610,37357154,0
2008,381,2,757,"H3","8536",8,1951406,1951406,65156192,0
2008,381,1,826,"H3","8536",8,1008284,1008284,77266715,0
2008,381,2,826,"H3","8536",8,2408801,2408801,85993096,0
2008,381,1,757,"H3","853610",8,18454,18454,690669,0
2008,381,2,757,"H3","853610",8,25202,25202,827147,0
2008,381,1,826,"H3","853610",8,100299,100299,4763108,0
2008,381,2,826,"H3","853610",8,30720,30720,1805418,0
2008,381,1,757,"H3","853620",8,28820,28820,2560820,0
2008,381,2,757,"H3","853620",8,15967,15967,1358506,0
2008,381,1,826,"H3","853620",8,11915,11915,1005100,0
2008,381,2,826,"H3","853620",8,273288,273288,11473285,0
2008,381,1,757,"H3","853630",8,6655,6655,207399,0
2008,381,2,757,"H3","853630",8,22734,22734,2015334,0
2008,381,1,826,"H3","853630",8,44267,44267,5503738,0
2008,381,2,826,"H3","853630",8,33340,33340,2636289,0
2008,381,1,757,"H3","853641",8,2547,2547,736120,0
2008,381,2,757,"H3","853641",8,939,939,133378,0
2008,381,1,826,"H3","853641",8,41159,41159,2467561,0
2008,381,2,826,"H3","853641",8,15613,15613,1501781,0
2008,381,1,757,"H3","853649",8,2544,2544,1114293,0
2008,381,2,757,"H3","853649",8,47641,47641,3152578,0
2008,381,1,826,"H3","853649",8,163998,163998,11079299,0
2008,381,2,826,"H3","853649",8,95790,95790,6051248,0
2008,381,1,757,"H3","853650",8,31374,31374,10779194,0
2008,381,2,757,"H3","853650",8,130055,130055,10190650,0
2008,381,1,826,"H3","853650",8,171075,171075,15059167,0
2008,381,2,826,"H3","853650",8,248783,248783,18036715,0
2008,381,1,757,"H3","853661",8,12,12,1775,0
2008,381,2,757,"H3","853661",8,27752,27752,546008,0
2008,381,1,826,"H3","853661",8,11709,11709,382104,0
2008,381,2,826,"H3","853661",8,82560,82560,2456701,0
2008,381,1,757,"H3","853669",8,107269,107269,10247332,0
2008,381,2,757,"H3","853669",8,87107,87107,2839501,0
2008,381,1,826,"H3","853669",8,122515,122515,9922553,0
2008,381,2,826,"H3","853669",8,323695,323695,5942134,0
2008,381,1,757,"H3","853670",8,526,526,109559,0
2008,381,2,757,"H3","853670",8,182,182,50644,0
2008,381,1,826,"H3","853670",8,19162,19162,388682,0
2008,381,2,826,"H3","853670",8,8004,8004,230856,0
2008,381,1,757,"H3","853690",8,222409,222409,10909994,0
2008,381,2,757,"H3","853690",8,1593827,1593827,44042447,0
2008,381,1,826,"H3","853690",8,322185,322185,26695402,0
2008,381,2,826,"H3","853690",8,1297008,1297008,35858669,0
2008,381,1,757,"H3","8537",8,252895,252895,20705209,0
2008,381,2,757,"H3","8537",8,887561,887561,45485701,0
2008,381,1,826,"H3","8537",8,495382,495382,25434294,0
2008,381,2,826,"H3","8537",8,544421,544421,27790446,0
2008,381,1,757,"H3","853710",8,217971,217971,17948422,0
2008,381,2,757,"H3","853710",8,684947,684947,39683929,0
2008,381,1,826,"H3","853710",8,495373,495373,25407884,0
2008,381,2,826,"H3","853710",8,281687,281687,18999506,0
2008,381,1,757,"H3","853720",8,34924,34924,2756788,0
2008,381,2,757,"H3","853720",8,202614,202614,5801772,0
2008,381,1,826,"H3","853720",8,9,9,26410,0
2008,381,2,826,"H3","853720",8,262734,262734,8790941,0
2008,381,1,757,"H3","8538",8,182329,182329,18146552,0
2008,381,2,757,"H3","8538",8,858683,858683,33312690,0
2008,381,1,826,"H3","8538",8,207651,207651,9296350,0
2008,381,2,826,"H3","8538",8,1200349,1200349,25657798,0
2008,381,1,757,"H3","853810",8,17098,17098,719783,0
2008,381,2,757,"H3","853810",8,527007,527007,5059150,0
2008,381,1,826,"H3","853810",8,68584,68584,1367385,0
2008,381,2,826,"H3","853810",8,391520,391520,3429473,0
2008,381,1,757,"H3","853890",8,165231,165231,17426769,0
2008,381,2,757,"H3","853890",8,331676,331676,28253540,0
2008,381,1,826,"H3","853890",8,139067,139067,7928965,0
2008,381,2,826,"H3","853890",8,808829,808829,22228325,0
2008,381,1,757,"H3","8539",1,,19023,2429614,4
2008,381,2,757,"H3","8539",1,,30012,1292653,0
2008,381,1,826,"H3","8539",1,,,9622669,0
2008,381,2,826,"H3","8539",1,,222063,3777139,4
2008,381,1,757,"H3","853910",5,12781,1231,86101,0
2008,381,2,757,"H3","853910",5,4856,4047,113475,0
2008,381,1,826,"H3","853910",5,4721,14215,270569,4
2008,381,2,826,"H3","853910",5,9723,24108,614695,4
2008,381,1,757,"H3","853921",5,9190,581,111730,0
2008,381,2,757,"H3","853921",5,30020,6597,271913,0
2008,381,1,826,"H3","853921",5,42829,9028,328931,4
2008,381,2,826,"H3","853921",5,126214,4851,185647,4
2008,381,1,757,"H3","853922",5,1461,816,32079,0
2008,381,2,757,"H3","853922",5,12710,813,44313,0
2008,381,1,826,"H3","853922",5,312524,77437,627560,4
2008,381,2,826,"H3","853922",5,909648,109319,996601,4
2008,381,1,757,"H3","853929",5,94378,3428,222359,0
2008,381,2,757,"H3","853929",5,27615,1470,77687,0
2008,381,1,826,"H3","853929",5,4976731,34929,728320,4
2008,381,2,826,"H3","853929",5,187454,8146,329447,4
2008,381,1,757,"H3","853931",5,5611,1188,56952,0
2008,381,2,757,"H3","853931",5,53674,5461,277532,0
2008,381,1,826,"H3","853931",5,134136,31331,393604,4
2008,381,2,826,"H3","853931",5,38362,31048,425842,4
2008,381,1,757,"H3","853932",5,362,25,16583,0
2008,381,2,757,"H3","853932",5,36697,6128,173559,0
2008,381,1,826,"H3","853932",5,320446,,2609551,0
2008,381,2,826,"H3","853932",5,3444,3115,119866,4
2008,381,1,757,"H3","853939",5,3686,433,239735,0
2008,381,2,757,"H3","853939",5,3738,1422,55693,0
2008,381,1,826,"H3","853939",5,8737,15836,408111,4
2008,381,2,826,"H3","853939",5,217127,5804,140197,4
2008,381,1,757,"H3","853941",5,1,6,2069,4
2008,381,1,826,"H3","853941",5,11355,4755,1751924,4
2008,381,2,826,"H3","853941",5,251,1267,71303,4
2008,381,1,757,"H3","853949",5,3246,1615,722786,0
2008,381,2,757,"H3","853949",5,77,2694,154094,0
2008,381,1,826,"H3","853949",5,46160,,2350680,0
2008,381,2,826,"H3","853949",5,8178,31523,810870,4
2008,381,1,757,"H3","853990",8,9700,9700,939219,0
2008,381,2,757,"H3","853990",8,1380,1380,124386,0
2008,381,1,826,"H3","853990",8,3881,3881,153420,0
2008,381,2,826,"H3","853990",8,2881,2881,82670,0
2008,381,1,757,"H3","8540",1,,35,14751,0
2008,381,2,757,"H3","8540",1,,661,40346,0
2008,381,1,826,"H3","8540",1,,,645985,0
2008,381,2,826,"H3","8540",1,,,342183,0
2008,381,2,757,"H3","854011",5,42,6,2013,0
2008,381,1,826,"H3","854011",5,163,10404,26760,4
2008,381,2,826,"H3","854011",5,27,124,4659,4
2008,381,1,757,"H3","854012",5,5,14,6992,0
2008,381,1,826,"H3","854012",5,3,17,388,4
2008,381,2,826,"H3","854012",5,8,8,445,4
2008,381,1,757,"H3","854020",5,5,1,2907,0
2008,381,1,826,"H3","854020",5,89,,46767,0
2008,381,2,826,"H3","854040",5,294,,274566,0
2008,381,1,826,"H3","854050",5,1,847,13091,4
2008,381,2,826,"H3","854050",5,23,21,900,4
2008,381,2,757,"H3","854060",5,30,175,4277,0
2008,381,1,826,"H3","854071",5,478,2465,83465,4
2008,381,1,826,"H3","854079",5,2,,3204,0
2008,381,2,826,"H3","854079",5,3,,3502,0
2008,381,1,826,"H3","854081",5,1981,1007,384264,4
2008,381,2,826,"H3","854081",5,2,4,975,4
2008,381,1,757,"H3","854089",5,30,20,4851,0
2008,381,2,757,"H3","854089",5,284,393,30025,0
2008,381,1,826,"H3","854089",5,524,389,68492,4
2008,381,2,826,"H3","854089",5,148,1481,27316,4
2008,381,2,757,"H3","854091",8,87,87,4032,0
2008,381,1,826,"H3","854091",8,3,3,90,0
2008,381,1,826,"H3","854099",8,121,121,19465,0
2008,381,2,826,"H3","854099",8,346,346,29821,0
2008,381,1,757,"H3","8541",1,,366640,22357824,0
2008,381,2,757,"H3","8541",1,,302172,7420045,0
2008,381,1,826,"H3","8541",1,,3257431,203480171,0
2008,381,2,826,"H3","8541",1,,62989,5439590,0
2008,381,1,757,"H3","854110",1,,180,207084,0
2008,381,2,757,"H3","854110",1,,3598,820764,0
2008,381,1,826,"H3","854110",1,,118285,11023324,0
2008,381,2,826,"H3","854110",1,,6018,2436296,0
2008,381,1,757,"H3","854121",1,,10,51637,0
2008,381,1,826,"H3","854121",1,,13878,2634659,0
2008,381,2,826,"H3","854121",1,,2013,118817,0
2008,381,1,757,"H3","854129",1,,704,201013,0
2008,381,2,757,"H3","854129",1,,379,97520,0
2008,381,1,826,"H3","854129",1,,160887,26809758,0
2008,381,2,826,"H3","854129",1,,5877,861600,0
2008,381,1,757,"H3","854130",1,,3954,1580252,0
2008,381,2,757,"H3","854130",1,,74,20436,0
2008,381,1,826,"H3","854130",1,,6640,2553762,0
2008,381,2,826,"H3","854130",1,,296,144769,0
2008,381,1,757,"H3","854140",1,,355411,18070892,0
2008,381,2,757,"H3","854140",1,,148855,5793323,0
2008,381,1,826,"H3","854140",1,,2910265,142703891,0
2008,381,2,826,"H3","854140",1,,34700,1404323,0
2008,381,1,757,"H3","854150",1,,980,52528,0
2008,381,2,757,"H3","854150",1,,8507,72011,0
2008,381,1,826,"H3","854150",1,,9225,955116,0
2008,381,2,826,"H3","854150",1,,651,79977,0
2008,381,1,757,"H3","854160",1,,501,2030729,0
2008,381,2,757,"H3","854160",1,,139530,504340,0
2008,381,1,826,"H3","854160",1,,35629,13706551,0
2008,381,2,826,"H3","854160",1,,202,84391,0
2008,381,1,757,"H3","854190",8,4900,4900,163687,0
2008,381,2,757,"H3","854190",8,1229,1229,111651,0
2008,381,1,826,"H3","854190",8,2622,2622,3093110,0
2008,381,2,826,"H3","854190",8,13232,13232,309417,0
2008,381,1,757,"H3","8542",1,,12563,7729889,4
2008,381,2,757,"H3","8542",1,,59896,12988992,0
2008,381,1,826,"H3","8542",1,,431446,148887526,4
2008,381,2,826,"H3","8542",1,,61850,11936568,4
2008,381,1,757,"H3","854231",1,,8833,3626972,0
2008,381,2,757,"H3","854231",1,,18154,4832101,0
2008,381,1,826,"H3","854231",1,,153409,84362447,0
2008,381,2,826,"H3","854231",1,,47886,9030152,0
2008,381,1,757,"H3","854232",5,50251,284,165258,6
2008,381,2,757,"H3","854232",5,607678,2469,857362,2
2008,381,1,826,"H3","854232",5,17573044,210083,35291147,6
2008,381,2,826,"H3","854232",5,335770,5703,521258,6
2008,381,1,757,"H3","854233",5,5561,3,4386,2
2008,381,2,757,"H3","854233",1,,18924,4131497,0
2008,381,1,826,"H3","854233",5,3368040,6315,2656115,2
2008,381,2,826,"H3","854233",1,,86,17636,0
2008,381,1,757,"H3","854239",1,,3030,3350276,0
2008,381,2,757,"H3","854239",1,,18776,2730540,0
2008,381,1,826,"H3","854239",1,,54424,21828047,0
2008,381,2,826,"H3","854239",1,,6634,2011413,0
2008,381,1,757,"H3","854290",8,413,413,582997,0
2008,381,2,757,"H3","854290",8,1573,1573,437491,0
2008,381,1,826,"H3","854290",8,7215,7215,4749770,0
2008,381,2,826,"H3","854290",8,1541,1541,356109,0
2008,381,1,757,"H3","8543",1,,38647,14531814,0
2008,381,2,757,"H3","8543",1,,170790,10621107,0
2008,381,1,826,"H3","8543",1,,290196,38233248,4
2008,381,2,826,"H3","8543",1,,194816,12904224,4
2008,381,1,757,"H3","854310",1,,163,31099,0
2008,381,2,757,"H3","854310",1,,307,62783,0
2008,381,1,826,"H3","854310",1,,185,83242,0
2008,381,2,826,"H3","854310",1,,6508,1364151,0
2008,381,1,757,"H3","854320",1,,2072,2089345,0
2008,381,2,757,"H3","854320",1,,14742,139710,0
2008,381,1,826,"H3","854320",1,,3927,3279677,0
2008,381,2,826,"H3","854320",1,,2780,1051239,0
2008,381,1,757,"H3","854330",1,,3889,236561,0
2008,381,2,757,"H3","854330",1,,33480,828252,0
2008,381,1,826,"H3","854330",1,,574,56158,0
2008,381,2,826,"H3","854330",1,,37713,2989525,0
2008,381,1,757,"H3","854370",1,,20355,10086636,0
2008,381,2,757,"H3","854370",1,,39891,6092761,0
2008,381,1,826,"H3","854370",1,,227064,27452809,4
2008,381,2,826,"H3","854370",1,,80127,4518049,4
2008,381,1,757,"H3","854390",8,12168,12168,2088175,0
2008,381,2,757,"H3","854390",8,82370,82370,3497600,0
2008,381,1,826,"H3","854390",8,58446,58446,7361362,0
2008,381,2,826,"H3","854390",8,67688,67688,2981259,0
2008,381,1,757,"H3","8544",8,685024,685024,17335090,0
2008,381,2,757,"H3","8544",8,9435693,9435693,103681247,0
2008,381,1,826,"H3","8544",8,1356544,1356544,35114236,0
2008,381,2,826,"H3","8544",8,13362018,13362018,133931523,0
2008,381,1,757,"H3","854411",8,297044,297044,4282240,0
2008,381,2,757,"H3","854411",8,1106697,1106697,17239793,0
2008,381,1,826,"H3","854411",8,221831,221831,3648513,0
2008,381,2,826,"H3","854411",8,1355444,1355444,12285108,0
2008,381,1,757,"H3","854419",8,30580,30580,1187321,0
2008,381,2,757,"H3","854419",8,673790,673790,7612533,0
2008,381,1,826,"H3","854419",8,35264,35264,1426951,0
2008,381,2,826,"H3","854419",8,190925,190925,5040358,0
2008,381,1,757,"H3","854420",8,27941,27941,3508677,0
2008,381,2,757,"H3","854420",8,470269,470269,7026865,0
2008,381,1,826,"H3","854420",8,181530,181530,4552634,0
2008,381,2,826,"H3","854420",8,349477,349477,3484285,0
2008,381,1,757,"H3","854430",8,1567,1567,33182,0
2008,381,2,757,"H3","854430",8,50521,50521,398504,0
2008,381,1,826,"H3","854430",8,62983,62983,2393446,0
2008,381,2,826,"H3","854430",8,458175,458175,12975909,0
2008,381,1,757,"H3","854442",8,49024,49024,2278648,0
2008,381,2,757,"H3","854442",8,503312,503312,14888600,0
2008,381,1,826,"H3","854442",8,188055,188055,6002471,0
2008,381,2,826,"H3","854442",8,296370,296370,5154028,0
2008,381,1,757,"H3","854449",8,170404,170404,3660200,0
2008,381,2,757,"H3","854449",8,5392760,5392760,45648585,0
2008,381,1,826,"H3","854449",8,529983,529983,9971126,0
2008,381,2,826,"H3","854449",8,8674108,8674108,69284184,0
2008,381,1,757,"H3","854460",8,76100,76100,1760519,0
2008,381,2,757,"H3","854460",8,1234124,1234124,10565430,0
2008,381,1,826,"H3","854460",8,62373,62373,3259225,0
2008,381,2,826,"H3","854460",8,1867625,1867625,21406731,0
2008,381,1,757,"H3","854470",8,32364,32364,624303,0
2008,381,2,757,"H3","854470",8,4220,4220,300936,0
2008,381,1,826,"H3","854470",8,74525,74525,3859869,0
2008,381,2,826,"H3","854470",8,169894,169894,4300919,0
2008,381,1,757,"H3","8545",8,586,586,226180,6
2008,381,2,757,"H3","8545",8,323874,323874,1832890,0
2008,381,1,826,"H3","8545",8,7823,7823,444329,0
2008,381,2,826,"H3","8545",8,14743,14743,441715,0
2008,381,1,757,"H3","854511",8,80,80,21003,0
2008,381,2,757,"H3","854511",8,320370,320370,1574765,0
2008,381,1,826,"H3","854511",8,1040,1040,3591,0
2008,381,1,757,"H3","854519",8,60,60,13696,0
2008,381,2,757,"H3","854519",8,200,200,6128,0
2008,381,1,826,"H3","854519",8,1891,1891,53323,0
2008,381,2,826,"H3","854519",8,2614,2614,24629,0
2008,381,1,757,"H3","854520",8,271,271,187785,0
2008,381,2,757,"H3","854520",8,3071,3071,211169,0
2008,381,1,826,"H3","854520",8,4425,4425,328096,0
2008,381,2,826,"H3","854520",8,6670,6670,338691,0
2008,381,1,757,"H3","854590",8,175,175,3696,6
2008,381,2,757,"H3","854590",8,233,233,40828,0
2008,381,1,826,"H3","854590",8,467,467,59319,0
2008,381,2,826,"H3","854590",8,5459,5459,78395,0
2008,381,1,757,"H3","8546",8,234826,234826,9155843,0
2008,381,2,757,"H3","8546",8,677390,677390,6523116,0
2008,381,1,826,"H3","8546",8,72776,72776,2362738,0
2008,381,2,826,"H3","8546",8,1238448,1238448,7679501,0
2008,381,2,757,"H3","854610",8,2276,2276,129475,0
2008,381,1,826,"H3","854610",8,9,9,28112,0
2008,381,2,826,"H3","854610",8,1087707,1087707,3230192,0
2008,381,1,757,"H3","854620",8,2637,2637,171716,0
2008,381,2,757,"H3","854620",8,86142,86142,1058217,0
2008,381,1,826,"H3","854620",8,32642,32642,833378,0
2008,381,2,826,"H3","854620",8,44274,44274,400121,0
2008,381,1,757,"H3","854690",8,232189,232189,8984127,0
2008,381,2,757,"H3","854690",8,588972,588972,5335423,0
2008,381,1,826,"H3","854690",8,40125,40125,1501247,0
2008,381,2,826,"H3","854690",8,106467,106467,4049188,0
2008,381,1,757,"H3","8547",8,148228,148228,4170903,0
2008,381,2,757,"H3","8547",8,148417,148417,1987740,0
2008,381,1,826,"H3","8547",8,117483,117483,3340602,0
2008,381,2,826,"H3","8547",8,116611,116611,1924842,0
2008,381,1,757,"H3","854710",8,3633,3633,82338,0
2008,381,2,757,"H3","854710",8,192,192,27382,0
2008,381,1,826,"H3","854710",8,10773,10773,601781,0
2008,381,2,826,"H3","854710",8,6711,6711,111832,0
2008,381,1,757,"H3","854720",8,13726,13726,1898095,0
2008,381,2,757,"H3","854720",8,111407,111407,1699212,0
2008,381,1,826,"H3","854720",8,67267,67267,1809864,0
2008,381,2,826,"H3","854720",8,68878,68878,753297,0
2008,381,1,757,"H3","854790",8,130869,130869,2190471,0
2008,381,2,757,"H3","854790",8,36818,36818,261147,0
2008,381,1,826,"H3","854790",8,39443,39443,928957,0
2008,381,2,826,"H3","854790",8,41022,41022,1059713,0
2008,381,1,757,"H3","8548",8,1051,1051,395574,0
2008,381,2,757,"H3","8548",8,240713,240713,2640376,0
2008,381,1,826,"H3","8548",8,74584,74584,4655913,6
2008,381,2,826,"H3","8548",8,181676,181676,3649229,6
2008,381,2,757,"H3","854810",8,45310,45310,38395,0
2008,381,1,826,"H3","854810",8,53120,53120,69976,6
2008,381,2,826,"H3","854810",8,3931,3931,4171,6
2008,381,1,757,"H3","854890",8,1051,1051,395574,0
2008,381,2,757,"H3","854890",8,195403,195403,2601981,0
2008,381,1,826,"H3","854890",8,21464,21464,4585937,0
2008,381,2,826,"H3","854890",8,177745,177745,3645058,0
2008,381,1,757,"H3","86",1,,,18299132,0
2008,381,2,757,"H3","86",1,,,55395704,0
2008,381,1,826,"H3","86",1,,,11908894,0
2008,381,2,826,"H3","86",1,,,40699218,0
2008,381,1,757,"H3","8602",1,,252000,445526,0
2008,381,2,757,"H3","8602",1,,14000,86112,0
2008,381,1,826,"H3","8602",1,,22,222,0
2008,381,2,826,"H3","8602",1,,29000,445791,0
2008,381,1,757,"H3","860210",1,,192000,289484,0
2008,381,1,757,"H3","860290",5,1,60000,156042,2
2008,381,2,757,"H3","860290",1,,14000,86112,0
2008,381,1,826,"H3","860290",5,0,22,222,2
2008,381,2,826,"H3","860290",1,,29000,445791,0
2008,381,1,757,"H3","8603",5,2,43091,2496668,0
2008,381,1,757,"H3","860310",5,2,43091,2496668,0
2008,381,1,757,"H3","8604",5,9,72016,4106614,0
2008,381,2,757,"H3","8604",5,12,147286,7799486,0
2008,381,1,757,"H3","860400",5,9,72016,4106614,0
2008,381,2,757,"H3","860400",5,12,147286,7799486,0
2008,381,2,757,"H3","8605",5,3,114000,88020,0
2008,381,2,757,"H3","860500",5,3,114000,88020,0
2008,381,2,757,"H3","8606",5,13,255590,685615,0
2008,381,2,826,"H3","8606",5,15,1582681,1211581,4
2008,381,2,826,"H3","860630",5,5,50,313,4
2008,381,2,757,"H3","860699",5,13,255590,685615,0
2008,381,2,826,"H3","860699",5,10,1582631,1211269,4
2008,381,1,757,"H3","8607",8,531876,531876,10620861,0
2008,381,2,757,"H3","8607",8,4519772,4519772,40695623,0
2008,381,1,826,"H3","8607",8,688127,688127,9577650,0
2008,381,2,826,"H3","8607",8,14003138,14003138,26354170,0
2008,381,1,826,"H3","860711",8,36991,36991,763214,0
2008,381,1,757,"H3","860712",8,105130,105130,2644934,0
2008,381,2,826,"H3","860712",8,4,4,116,0
2008,381,1,757,"H3","860719",8,153791,153791,822764,0
2008,381,2,757,"H3","860719",8,3320609,3320609,16718267,0
2008,381,1,826,"H3","860719",8,65,65,6231,0
2008,381,2,826,"H3","860719",8,13931704,13931704,24779750,0
2008,381,1,757,"H3","860721",8,12692,12692,635124,0
2008,381,2,757,"H3","860721",8,686796,686796,9031055,0
2008,381,1,826,"H3","860721",8,146841,146841,1440744,0
2008,381,2,826,"H3","860721",8,33218,33218,798922,0
2008,381,1,757,"H3","860729",8,861,861,117633,0
2008,381,2,757,"H3","860729",8,5124,5124,116317,0
2008,381,1,826,"H3","860729",8,153,153,4571,0
2008,381,2,826,"H3","860729",8,367,367,22447,0
2008,381,1,757,"H3","860730",8,1150,1150,9542,0
2008,381,2,757,"H3","860730",8,1120,1120,7112,0
2008,381,1,826,"H3","860730",8,48602,48602,962564,0
2008,381,2,826,"H3","860730",8,130,130,2261,0
2008,381,1,757,"H3","860791",8,10165,10165,1107066,0
2008,381,2,757,"H3","860791",8,7442,7442,169334,0
2008,381,1,826,"H3","860791",8,3071,3071,21058,0
2008,381,2,826,"H3","860791",8,634,634,22681,0
2008,381,1,757,"H3","860799",8,248087,248087,5283797,0
2008,381,2,757,"H3","860799",8,498681,498681,14653538,0
2008,381,1,826,"H3","860799",8,452404,452404,6379267,0
2008,381,2,826,"H3","860799",8,37081,37081,727993,0
2008,381,1,757,"H3","8608",8,28504,28504,443621,0
2008,381,2,757,"H3","8608",8,41366,41366,687678,0
2008,381,1,826,"H3","8608",8,13476,13476,483108,0
2008,381,2,826,"H3","8608",8,74394,74394,5085438,0
2008,381,1,757,"H3","860800",8,28504,28504,443621,0
2008,381,2,757,"H3","860800",8,41366,41366,687678,0
2008,381,1,826,"H3","860800",8,13476,13476,483108,0
2008,381,2,826,"H3","860800",8,74394,74394,5085438,0
2008,381,1,757,"H3","8609",5,77,187430,185841,0
2008,381,2,757,"H3","8609",5,624,1554984,5353171,0
2008,381,1,826,"H3","8609",5,669,1400337,947919,4
2008,381,2,826,"H3","8609",5,1011,2283383,7341535,4
2008,381,1,757,"H3","860900",5,77,187430,185841,0
2008,381,2,757,"H3","860900",5,624,1554984,5353171,0
2008,381,1,826,"H3","860900",5,669,1400337,947919,4
2008,381,2,826,"H3","860900",5,1011,2283383,7341535,4
2008,381,1,757,"H3","87",1,,,75362932,0
2008,381,2,757,"H3","87",1,,,921207092,0
2008,381,1,826,"H3","87",1,,,2359599871,0
2008,381,2,826,"H3","87",1,,,3063429009,0
2008,381,1,757,"H3","8701",5,92,199687,1741129,0
2008,381,2,757,"H3","8701",5,1416,4197367,58229955,0
2008,381,1,826,"H3","8701",5,1797,4043071,34081783,4
2008,381,2,826,"H3","8701",5,4210,14252196,116303533,4
2008,381,1,757,"H3","870110",5,40,11954,443535,0
2008,381,2,757,"H3","870110",5,211,43814,881281,0
2008,381,1,826,"H3","870110",5,100,33368,415584,4
2008,381,2,826,"H3","870110",5,842,110593,1324203,4
2008,381,1,757,"H3","870120",5,9,46680,343795,0
2008,381,2,757,"H3","870120",5,16,102450,971859,0
2008,381,1,826,"H3","870120",5,95,690685,6548942,4
2008,381,2,826,"H3","870120",5,15,583187,1596672,4
2008,381,1,757,"H3","870130",5,5,45400,186842,0
2008,381,2,757,"H3","870130",5,69,394432,10737903,0
2008,381,2,826,"H3","870130",5,3,4905,81027,4
2008,381,1,757,"H3","870190",5,38,95653,766957,0
2008,381,2,757,"H3","870190",5,1120,3656671,45638912,0
2008,381,1,826,"H3","870190",5,1602,3319018,27117256,4
2008,381,2,826,"H3","870190",5,3350,13553511,113301630,4
2008,381,1,757,"H3","8702",5,9,83400,532238,0
2008,381,2,757,"H3","8702",5,35,214592,5032319,0
2008,381,1,826,"H3","8702",5,8,32625,317257,4
2008,381,2,826,"H3","8702",5,242,1073450,8286297,4
2008,381,1,757,"H3","870210",5,9,83400,532238,0
2008,381,2,757,"H3","870210",5,30,202638,4822132,0
2008,381,1,826,"H3","870210",5,8,32625,317257,4
2008,381,2,826,"H3","870210",5,241,1073244,8285269,4
2008,381,2,757,"H3","870290",5,5,11954,210187,0
2008,381,2,826,"H3","870290",5,1,206,1028,4
2008,381,1,757,"H3","8703",5,1328,1680087,26550571,0
2008,381,2,757,"H3","8703",5,11721,15605239,397385165,0
2008,381,1,826,"H3","8703",5,79281,134954559,1819340068,4
2008,381,2,826,"H3","8703",5,44251,,1008759313,0
2008,381,1,757,"H3","870310",5,22,18287,401474,0
2008,381,2,757,"H3","870310",5,21,10158,826458,0
2008,381,2,826,"H3","870310",5,5,865,25582,4
2008,381,1,757,"H3","870321",5,72,61543,333078,0
2008,381,2,757,"H3","870321",5,178,95804,1314266,0
2008,381,1,826,"H3","870321",5,2,3820,34593,4
2008,381,2,826,"H3","870321",5,522,349494,3427345,4
2008,381,1,757,"H3","870322",5,356,366267,4083673,0
2008,381,2,757,"H3","870322",5,4654,5017053,74564388,0
2008,381,1,826,"H3","870322",5,15464,21627915,180817346,4
2008,381,2,826,"H3","870322",5,21772,,256436148,0
2008,381,1,757,"H3","870323",5,339,453215,5812427,0
2008,381,2,757,"H3","870323",5,3731,5492951,95539915,0
2008,381,1,826,"H3","870323",5,10001,16694206,195572176,4
2008,381,2,826,"H3","870323",5,8575,17618926,209337274,4
2008,381,1,757,"H3","870324",5,82,141283,7295120,0
2008,381,2,757,"H3","870324",5,933,1523218,163720992,0
2008,381,1,826,"H3","870324",5,2555,12904881,226092878,4
2008,381,2,826,"H3","870324",5,1967,3705242,315127062,4
2008,381,1,757,"H3","870331",5,101,112806,1487350,0
2008,381,2,757,"H3","870331",5,262,258709,4424630,0
2008,381,1,826,"H3","870331",5,17045,23459375,273033613,4
2008,381,2,826,"H3","870331",5,2160,,24417401,0
2008,381,1,757,"H3","870332",5,330,481565,6161094,0
2008,381,2,757,"H3","870332",5,1538,2408587,43337024,0
2008,381,1,826,"H3","870332",5,30504,49416111,752618547,4
2008,381,2,826,"H3","870332",5,8870,14720489,191084401,4
2008,381,1,757,"H3","870333",5,20,38885,798791,0
2008,381,2,757,"H3","870333",5,377,773852,12978661,0
2008,381,1,826,"H3","870333",5,3538,10811293,190724465,4
2008,381,2,826,"H3","870333",5,378,545378,8861633,4
2008,381,1,757,"H3","870390",5,6,6236,177564,0
2008,381,2,757,"H3","870390",5,27,24907,678830,0
2008,381,1,826,"H3","870390",5,172,36958,446451,4
2008,381,2,826,"H3","870390",5,2,5155,42466,4
2008,381,1,757,"H3","8704",5,295,1162588,8114536,0
2008,381,2,757,"H3","8704",5,4639,9947561,131939722,0
2008,381,1,826,"H3","8704",5,2285,6748024,59126733,4
2008,381,2,826,"H3","8704",5,18137,44507951,401148039,4
2008,381,1,757,"H3","870410",5,11,81330,359641,0
2008,381,2,757,"H3","870410",5,61,137972,1605612,0
2008,381,1,826,"H3","870410",5,92,1425302,11115906,4
2008,381,2,826,"H3","870410",5,231,216825,1469019,4
2008,381,1,757,"H3","870421",5,170,375825,2127973,0
2008,381,2,757,"H3","870421",5,3781,7540747,97022601,0
2008,381,1,826,"H3","870421",5,1459,3414564,33198307,4
2008,381,2,826,"H3","870421",5,13645,29761774,256470939,4
2008,381,1,757,"H3","870422",5,61,338012,1790274,0
2008,381,2,757,"H3","870422",5,414,1403652,22483894,0
2008,381,1,826,"H3","870422",5,131,793446,4495049,4
2008,381,2,826,"H3","870422",5,4181,14392058,142289889,4
2008,381,1,757,"H3","870423",5,31,316650,3347285,0
2008,381,2,757,"H3","870423",5,37,428612,4966179,0
2008,381,1,826,"H3","870423",5,11,32048,159855,4
2008,381,2,826,"H3","870423",5,5,52107,373658,4
2008,381,1,757,"H3","870431",5,22,50771,489363,0
2008,381,2,757,"H3","870431",5,223,207787,3236797,0
2008,381,1,826,"H3","870431",5,586,1053792,10016005,4
2008,381,2,826,"H3","870431",5,71,45202,339719,4
2008,381,2,757,"H3","870432",5,1,10900,168394,0
2008,381,1,826,"H3","870432",5,3,22221,106181,4
2008,381,2,757,"H3","870490",5,122,217891,2456244,0
2008,381,1,826,"H3","870490",5,3,6651,35430,4
2008,381,2,826,"H3","870490",5,4,39984,204814,4
2008,381,1,757,"H3","8705",5,88,632678,10337365,0
2008,381,2,757,"H3","8705",5,280,1529726,23425534,0
2008,381,1,826,"H3","8705",5,63,371343,3971805,4
2008,381,2,826,"H3","8705",5,1500,9877569,110659940,4
2008,381,1,757,"H3","870510",5,5,139730,1690815,0
2008,381,2,757,"H3","870510",5,17,259264,2925058,0
2008,381,2,826,"H3","870510",5,56,342109,2646124,4
2008,381,2,757,"H3","870530",5,1,3020,57537,0
2008,381,1,757,"H3","870540",5,1,2735,1689,0
2008,381,2,757,"H3","870540",5,12,88950,769991,0
2008,381,2,826,"H3","870540",5,12,223736,1359366,4
2008,381,1,757,"H3","870590",5,82,490213,8644862,0
2008,381,2,757,"H3","870590",5,250,1178492,19672948,0
2008,381,1,826,"H3","870590",5,63,371343,3971805,4
2008,381,2,826,"H3","870590",5,1432,9311723,106654450,4
2008,381,2,757,"H3","8706",5,199,22431,721750,0
2008,381,1,826,"H3","8706",5,3,69,665,4
2008,381,2,826,"H3","8706",5,174,36950,400895,4
2008,381,2,757,"H3","870600",5,199,22431,721750,0
2008,381,1,826,"H3","870600",5,3,69,665,4
2008,381,2,826,"H3","870600",5,174,36950,400895,4
2008,381,1,757,"H3","8707",5,6,7838,341068,0
2008,381,2,757,"H3","8707",5,860,550110,8809631,0
2008,381,1,826,"H3","8707",5,13141,,1109680,0
2008,381,2,826,"H3","8707",5,4626,1914414,18739930,4
2008,381,1,757,"H3","870710",5,3,730,110178,0
2008,381,2,757,"H3","870710",5,27,37423,465496,0
2008,381,1,826,"H3","870710",5,534,,236662,0
2008,381,2,826,"H3","870710",5,364,158392,2015908,4
2008,381,1,757,"H3","870790",5,3,7108,230890,0
2008,381,2,757,"H3","870790",5,833,512687,8344135,0
2008,381,1,826,"H3","870790",5,12607,160591,873018,4
2008,381,2,826,"H3","870790",5,4262,1756022,16724023,4
2008,381,1,757,"H3","8708",8,1929768,1929768,22859305,0
2008,381,2,757,"H3","8708",8,9116430,9116430,174856407,0
2008,381,1,826,"H3","8708",8,32829260,32829260,298930183,6
2008,381,2,826,"H3","8708",8,132256381,132256381,1112761024,6
2008,381,1,757,"H3","870810",8,921,921,17018,0
2008,381,2,757,"H3","870810",8,124104,124104,1458950,0
2008,381,1,826,"H3","870810",8,340920,340920,4855452,0
2008,381,2,826,"H3","870810",8,599623,599623,8999821,0
2008,381,1,757,"H3","870821",8,344,344,30630,0
2008,381,2,757,"H3","870821",8,6560,6560,217716,0
2008,381,1,826,"H3","870821",8,112267,112267,1484482,6
2008,381,2,826,"H3","870821",8,215256,215256,2064323,6
2008,381,1,757,"H3","870829",8,247917,247917,4244051,0
2008,381,2,757,"H3","870829",8,262499,262499,4207147,0
2008,381,1,826,"H3","870829",8,991857,991857,12066249,0
2008,381,2,826,"H3","870829",8,4092098,4092098,62873632,0
2008,381,1,757,"H3","870830",8,11771,11771,207807,0
2008,381,2,757,"H3","870830",8,1313470,1313470,8979398,0
2008,381,1,826,"H3","870830",8,8985935,8985935,26125178,0
2008,381,2,826,"H3","870830",8,13691910,13691910,129318849,0
2008,381,1,757,"H3","870840",8,19728,19728,475989,0
2008,381,2,757,"H3","870840",8,57130,57130,2308882,0
2008,381,1,826,"H3","870840",8,162678,162678,11396224,0
2008,381,2,826,"H3","870840",8,605875,605875,11550291,0
2008,381,1,757,"H3","870850",8,700,700,15752,0
2008,381,2,757,"H3","870850",8,89300,89300,1777652,0
2008,381,1,826,"H3","870850",8,1130110,1130110,6981215,0
2008,381,2,826,"H3","870850",8,13449873,13449873,91567110,0
2008,381,1,757,"H3","870870",8,495508,495508,1201482,0
2008,381,2,757,"H3","870870",8,1495140,1495140,13521847,0
2008,381,1,826,"H3","870870",8,374533,374533,2600689,0
2008,381,2,826,"H3","870870",8,22590414,22590414,166603212,0
2008,381,1,757,"H3","870880",8,130870,130870,834640,0
2008,381,2,757,"H3","870880",8,5110,5110,164897,0
2008,381,1,826,"H3","870880",8,786094,786094,7446633,0
2008,381,2,826,"H3","870880",8,736009,736009,8695311,0
2008,381,1,757,"H3","870891",8,339,339,9244,0
2008,381,2,757,"H3","870891",8,120297,120297,1797766,0
2008,381,1,826,"H3","870891",8,476436,476436,5898973,0
2008,381,2,826,"H3","870891",8,130784,130784,2326873,0
2008,381,1,757,"H3","870892",8,845,845,19584,0
2008,381,2,757,"H3","870892",8,494015,494015,6715127,0
2008,381,1,826,"H3","870892",8,407066,407066,3600681,0
2008,381,2,826,"H3","870892",8,2137019,2137019,19193673,0
2008,381,1,757,"H3","870893",8,50555,50555,1000085,0
2008,381,2,757,"H3","870893",8,36845,36845,711373,0
2008,381,1,826,"H3","870893",8,2257831,2257831,20365319,0
2008,381,2,826,"H3","870893",8,1267753,1267753,26907874,0
2008,381,1,757,"H3","870894",8,25788,25788,756194,0
2008,381,2,757,"H3","870894",8,4292,4292,137282,0
2008,381,1,826,"H3","870894",8,1840080,1840080,29068046,0
2008,381,2,826,"H3","870894",8,1621811,1621811,34224298,0
2008,381,1,757,"H3","870895",8,1523,1523,51853,0
2008,381,1,826,"H3","870895",8,1059,1059,20954,6
2008,381,2,826,"H3","870895",8,25894,25894,794799,6
2008,381,1,757,"H3","870899",8,942959,942959,13994976,0
2008,381,2,757,"H3","870899",8,5107668,5107668,132858371,0
2008,381,1,826,"H3","870899",8,14962395,14962395,167020087,0
2008,381,2,826,"H3","870899",8,71092062,71092062,547640958,0
2008,381,1,757,"H3","8709",1,,13603,88279,0
2008,381,2,757,"H3","8709",1,,66030,1048079,0
2008,381,1,826,"H3","8709",1,,295027,3172510,4
2008,381,2,826,"H3","8709",1,,331843,4519724,4
2008,381,1,757,"H3","870911",5,4,4500,32861,0
2008,381,2,757,"H3","870911",5,23,2905,81778,0
2008,381,1,826,"H3","870911",5,286,232499,2698756,4
2008,381,2,826,"H3","870911",5,34,22819,354041,4
2008,381,1,757,"H3","870919",5,2,1816,4671,0
2008,381,2,757,"H3","870919",5,169,27658,472245,0
2008,381,1,826,"H3","870919",5,85,62437,468028,4
2008,381,2,826,"H3","870919",5,275,51105,603554,4
2008,381,1,757,"H3","870990",8,7287,7287,50747,0
2008,381,2,757,"H3","870990",8,35467,35467,494057,0
2008,381,1,826,"H3","870990",8,91,91,5726,0
2008,381,2,826,"H3","870990",8,257919,257919,3562129,0
2008,381,1,757,"H3","8711",5,225,35626,1067180,0
2008,381,2,757,"H3","8711",5,14328,2270766,71228905,0
2008,381,1,826,"H3","8711",5,6834,1714940,53983234,4
2008,381,2,826,"H3","8711",5,30097,4807541,146355090,4
2008,381,1,757,"H3","871110",5,16,1872,49765,0
2008,381,2,757,"H3","871110",5,1514,153774,3435830,0
2008,381,1,826,"H3","871110",5,2,452,3668,4
2008,381,2,826,"H3","871110",5,8754,1552741,17449289,4
2008,381,1,757,"H3","871120",5,107,15679,403242,0
2008,381,2,757,"H3","871120",5,7835,1154165,25801037,0
2008,381,1,826,"H3","871120",5,174,51887,601838,4
2008,381,2,826,"H3","871120",5,10088,1161117,27257431,4
2008,381,1,757,"H3","871130",5,56,7901,317690,0
2008,381,2,757,"H3","871130",5,761,126364,3854695,0
2008,381,2,826,"H3","871130",5,1291,168072,6380872,4
2008,381,1,757,"H3","871140",5,11,2083,30649,0
2008,381,2,757,"H3","871140",5,2086,416428,14449939,0
2008,381,1,826,"H3","871140",5,2163,505865,15498289,4
2008,381,2,826,"H3","871140",5,3623,734669,24711597,4
2008,381,1,757,"H3","871150",5,22,5736,170788,0
2008,381,2,757,"H3","871150",5,1968,395782,22256569,0
2008,381,1,826,"H3","871150",5,4495,1156736,37879438,4
2008,381,2,826,"H3","871150",5,6338,1190894,70553050,4
2008,381,1,757,"H3","871190",5,13,2355,95046,0
2008,381,2,757,"H3","871190",5,164,24253,1430836,0
2008,381,2,826,"H3","871190",5,3,48,2851,4
2008,381,1,757,"H3","8712",5,68,1100,34408,0
2008,381,2,757,"H3","8712",5,12676,139612,3180383,0
2008,381,1,826,"H3","8712",5,11081,12259,112905,4
2008,381,2,826,"H3","8712",5,29724,460292,7505516,4
2008,381,1,757,"H3","871200",5,68,1100,34408,0
2008,381,2,757,"H3","871200",5,12676,139612,3180383,0
2008,381,1,826,"H3","871200",5,11081,12259,112905,4
2008,381,2,826,"H3","871200",5,29724,460292,7505516,4
2008,381,1,757,"H3","8713",5,29,1497,162024,0
2008,381,2,757,"H3","8713",5,137,3138,109914,0
2008,381,1,826,"H3","8713",5,967,122678,1150487,4
2008,381,2,826,"H3","8713",5,829,25448,622168,4
2008,381,1,757,"H3","871310",5,21,672,105472,0
2008,381,2,757,"H3","871310",5,89,2101,55052,0
2008,381,1,826,"H3","871310",5,627,72117,510439,4
2008,381,2,826,"H3","871310",5,821,22603,584081,4
2008,381,1,757,"H3","871390",5,8,825,56552,0
2008,381,2,757,"H3","871390",5,48,1037,54862,0
2008,381,1,826,"H3","871390",5,340,50561,640048,4
2008,381,2,826,"H3","871390",5,8,2845,38087,4
2008,381,1,757,"H3","8714",1,,97962,3066405,0
2008,381,2,757,"H3","8714",1,,717218,31192013,0
2008,381,1,826,"H3","8714",1,,,17906201,0
2008,381,2,826,"H3","8714",1,,1284909,59560430,4
2008,381,2,757,"H3","871411",8,2765,2765,46993,0
2008,381,1,826,"H3","871411",1,,,52569,0
2008,381,2,826,"H3","871411",8,5110,5110,166519,6
2008,381,1,757,"H3","871419",8,58818,58818,1386304,0
2008,381,2,757,"H3","871419",8,482409,482409,21349787,0
2008,381,1,826,"H3","871419",8,384909,384909,12552128,0
2008,381,2,826,"H3","871419",8,788362,788362,34328969,0
2008,381,1,757,"H3","871420",8,94,94,13899,0
2008,381,2,757,"H3","871420",8,6471,6471,111214,0
2008,381,1,826,"H3","871420",8,21122,21122,912741,0
2008,381,2,826,"H3","871420",8,5816,5816,233593,0
2008,381,1,757,"H3","871491",8,566,566,660062,0
2008,381,2,757,"H3","871491",8,46561,46561,1954472,0
2008,381,1,826,"H3","871491",8,11407,11407,112323,6
2008,381,2,826,"H3","871491",8,82214,82214,4083242,6
2008,381,1,757,"H3","871492",8,32232,32232,485985,0
2008,381,2,757,"H3","871492",8,34906,34906,345976,0
2008,381,1,826,"H3","871492",8,7095,7095,46745,6
2008,381,2,826,"H3","871492",8,39029,39029,609170,6
2008,381,1,757,"H3","871493",8,311,311,88961,0
2008,381,2,757,"H3","871493",8,2004,2004,58853,0
2008,381,1,826,"H3","871493",8,814,814,6019,6
2008,381,2,826,"H3","871493",8,10808,10808,1287348,6
2008,381,1,757,"H3","871494",8,239,239,74634,0
2008,381,2,757,"H3","871494",8,6587,6587,630542,0
2008,381,1,826,"H3","871494",8,14858,14858,199997,6
2008,381,2,826,"H3","871494",8,22774,22774,995804,6
2008,381,1,757,"H3","871495",1,,100,1884,0
2008,381,2,757,"H3","871495",5,2139579,57174,2286527,2
2008,381,1,826,"H3","871495",1,,120395,3739384,0
2008,381,2,826,"H3","871495",5,2903785,83677,3103219,2
2008,381,1,757,"H3","871496",8,504,504,72110,0
2008,381,2,757,"H3","871496",8,5066,5066,304620,0
2008,381,1,826,"H3","871496",8,92,92,1647,0
2008,381,2,826,"H3","871496",8,28026,28026,2116920,6
2008,381,1,757,"H3","871499",8,5098,5098,282567,0
2008,381,2,757,"H3","871499",8,73275,73275,4103029,0
2008,381,1,826,"H3","871499",8,13010,13010,282647,6
2008,381,2,826,"H3","871499",8,219093,219093,12635646,6
2008,381,2,757,"H3","8715",8,268629,268629,2746304,0
2008,381,1,826,"H3","8715",8,10243,10243,101386,6
2008,381,2,826,"H3","8715",8,1243391,1243391,16858161,6
2008,381,2,757,"H3","871500",8,268629,268629,2746304,0
2008,381,1,826,"H3","871500",8,10243,10243,101386,6
2008,381,2,826,"H3","871500",8,1243391,1243391,16858161,6
2008,381,1,757,"H3","8716",1,,119946,468425,0
2008,381,2,757,"H3","8716",1,,1632573,11301012,0
2008,381,1,826,"H3","8716",1,,9435550,42441507,4
2008,381,2,826,"H3","8716",1,,6815501,40713338,4
2008,381,1,757,"H3","871610",5,4,11360,18335,0
2008,381,2,757,"H3","871610",5,16,12260,146773,0
2008,381,2,826,"H3","871610",5,1,1365,7635,4
2008,381,1,757,"H3","871620",5,3,7600,16546,0
2008,381,2,757,"H3","871620",5,36,122802,692232,0
2008,381,1,826,"H3","871620",5,1,1453,7485,4
2008,381,2,826,"H3","871620",5,10,68585,285899,4
2008,381,1,757,"H3","871631",5,1,2950,1689,0
2008,381,2,757,"H3","871631",5,3,13800,132388,0
2008,381,2,826,"H3","871631",5,16,81992,970703,4
2008,381,1,757,"H3","871639",5,8,61647,265047,0
2008,381,2,757,"H3","871639",5,72,348514,2529317,0
2008,381,1,826,"H3","871639",5,277,98086,487735,4
2008,381,2,826,"H3","871639",5,22,541130,2187939,4
2008,381,1,757,"H3","871640",5,2,13341,41120,2
2008,381,2,757,"H3","871640",1,,227136,1832304,0
2008,381,1,826,"H3","871640",5,8,26600,145106,2
2008,381,2,826,"H3","871640",1,,104449,1042688,0
2008,381,1,757,"H3","871680",1,,17814,76777,0
2008,381,2,757,"H3","871680",5,5191,98511,898501,2
2008,381,1,826,"H3","871680",1,,7327,47238,0
2008,381,2,826,"H3","871680",5,11833,261408,2047922,2
2008,381,1,757,"H3","871690",8,5234,5234,48912,0
2008,381,2,757,"H3","871690",8,809550,809550,5069496,0
2008,381,1,826,"H3","871690",8,9302084,9302084,41753942,0
2008,381,2,826,"H3","871690",8,5756572,5756572,34170553,0
2008,381,1,757,"H3","88",1,,,39721403,0
2008,381,2,757,"H3","88",1,,,125557768,0
2008,381,1,826,"H3","88",1,,,231482093,0
2008,381,2,826,"H3","88",1,,,370154486,0
2008,381,1,757,"H3","8801",5,1,30,13215,0
2008,381,2,757,"H3","8801",5,9,508,122002,0
2008,381,2,826,"H3","8801",5,9,296,46473,4
2008,381,1,757,"H3","880100",5,1,30,13215,0
2008,381,2,757,"H3","880100",5,9,508,122002,0
2008,381,2,826,"H3","880100",5,9,296,46473,4
2008,381,1,757,"H3","8802",5,9,53764,10017699,0
2008,381,2,757,"H3","8802",5,16,39698,72313130,0
2008,381,1,826,"H3","8802",5,2,13951,13553168,4
2008,381,2,826,"H3","8802",5,17,37196,37472327,4
2008,381,1,757,"H3","880211",5,2,1260,221039,0
2008,381,2,757,"H3","880211",5,4,2975,5242814,0
2008,381,1,826,"H3","880211",5,1,2065,1438933,4
2008,381,2,826,"H3","880211",5,2,5846,12478101,4
2008,381,2,757,"H3","880212",5,6,19615,54511965,0
2008,381,2,826,"H3","880212",5,3,8485,18409515,4
2008,381,1,757,"H3","880220",5,2,1180,9691,0
2008,381,2,757,"H3","880220",5,4,2527,1100603,0
2008,381,2,826,"H3","880220",5,12,22865,6584711,4
2008,381,1,757,"H3","880230",5,4,27157,9368732,0
2008,381,2,757,"H3","880230",5,2,14581,11457749,0
2008,381,1,826,"H3","880230",5,1,11886,12114236,4
2008,381,1,757,"H3","880240",5,1,24167,418238,0
2008,381,1,757,"H3","8803",8,26406,26406,29380288,0
2008,381,2,757,"H3","8803",8,57304,57304,52981354,0
2008,381,1,826,"H3","8803",8,253276,253276,215422555,0
2008,381,2,826,"H3","8803",8,254437,254437,331534074,0
2008,381,1,757,"H3","880310",8,531,531,179620,0
2008,381,2,757,"H3","880310",8,1072,1072,442454,0
2008,381,1,826,"H3","880310",8,2001,2001,332810,0
2008,381,2,826,"H3","880310",8,1196,1196,559728,0
2008,381,1,757,"H3","880320",8,4744,4744,325748,0
2008,381,2,757,"H3","880320",8,6884,6884,449918,0
2008,381,1,826,"H3","880320",8,19635,19635,20405931,0
2008,381,2,826,"H3","880320",8,4837,4837,3589193,0
2008,381,1,757,"H3","880330",8,17630,17630,24157251,0
2008,381,2,757,"H3","880330",8,40874,40874,50693088,0
2008,381,1,826,"H3","880330",8,228599,228599,191732997,0
2008,381,2,826,"H3","880330",8,247341,247341,323856764,0
2008,381,1,757,"H3","880390",8,3501,3501,4717668,0
2008,381,2,757,"H3","880390",8,8474,8474,1395894,0
2008,381,1,826,"H3","880390",8,3041,3041,2950818,0
2008,381,2,826,"H3","880390",8,1063,1063,3528390,0
2008,381,1,757,"H3","8804",8,98,98,12504,0
2008,381,2,757,"H3","8804",8,2609,2609,141282,0
2008,381,1,826,"H3","8804",8,1333,1333,658877,0
2008,381,2,826,"H3","8804",8,722,722,79666,0
2008,381,1,757,"H3","880400",8,98,98,12504,0
2008,381,2,757,"H3","880400",8,2609,2609,141282,0
2008,381,1,826,"H3","880400",8,1333,1333,658877,0
2008,381,2,826,"H3","880400",8,722,722,79666,0
2008,381,1,757,"H3","8805",8,3070,3070,297698,0
2008,381,1,826,"H3","8805",8,5963,5963,627714,0
2008,381,2,826,"H3","8805",8,1,1,9,0
2008,381,1,826,"H3","880510",8,12,12,50583,0
2008,381,1,826,"H3","880521",8,41,41,191980,0
2008,381,1,757,"H3","880529",8,3070,3070,297698,0
2008,381,1,826,"H3","880529",8,5910,5910,385151,0
2008,381,2,826,"H3","880529",8,1,1,9,0
2008,381,1,757,"H3","89",1,,,2709319,0
2008,381,2,757,"H3","89",1,,,43005676,0
2008,381,1,826,"H3","89",1,,,231348168,0
2008,381,2,826,"H3","89",1,,,450342167,0
2008,381,2,757,"H3","8901",1,,185000,14682043,0
2008,381,1,826,"H3","8901",1,,47996629,72421447,4
2008,381,2,826,"H3","8901",1,,43393451,216626507,4
2008,381,2,757,"H3","890110",1,,185000,14682043,0
2008,381,2,826,"H3","890110",1,,13567065,175686246,4
2008,381,1,826,"H3","890120",1,,47996629,72421447,4
2008,381,2,826,"H3","890190",1,,29826387,40940261,4
2008,381,1,757,"H3","8903",5,38,103558,2674587,0
2008,381,2,757,"H3","8903",5,324,492663,27946060,0
2008,381,1,826,"H3","8903",5,687,4627628,155714364,4
2008,381,2,826,"H3","8903",5,454,3813473,226419389,4
2008,381,2,757,"H3","890310",5,75,11598,652598,0
2008,381,1,826,"H3","890310",5,241,196428,3734565,4
2008,381,2,826,"H3","890310",5,113,33464,827493,4
2008,381,1,757,"H3","890391",5,8,28398,1474628,0
2008,381,2,757,"H3","890391",5,53,42694,1545828,0
2008,381,1,826,"H3","890391",5,289,578605,12664398,4
2008,381,2,826,"H3","890391",5,10,1179105,32130611,4
2008,381,1,757,"H3","890392",5,12,53630,863537,0
2008,381,2,757,"H3","890392",5,75,347563,22652665,0
2008,381,1,826,"H3","890392",5,118,3441885,129760543,4
2008,381,2,826,"H3","890392",5,154,2578038,192134884,4
2008,381,1,757,"H3","890399",5,18,21530,336421,0
2008,381,2,757,"H3","890399",5,121,90808,3094969,0
2008,381,1,826,"H3","890399",5,39,410710,9554858,4
2008,381,2,826,"H3","890399",5,177,22866,1326401,4
2008,381,1,826,"H3","8906",5,3,3926,71847,4
2008,381,2,826,"H3","8906",5,3,10,1377,4
2008,381,1,826,"H3","890690",5,3,3926,71847,4
2008,381,2,826,"H3","890690",5,3,10,1377,4
2008,381,1,757,"H3","8907",1,,567,34733,0
2008,381,2,757,"H3","8907",1,,51500,358424,0
2008,381,1,826,"H3","8907",1,,69504,2067884,0
2008,381,2,826,"H3","8907",1,,18446,445735,0
2008,381,1,826,"H3","890710",5,499,53482,1581946,2
2008,381,2,826,"H3","890710",1,,13237,299007,0
2008,381,1,757,"H3","890790",1,,567,34733,0
2008,381,2,757,"H3","890790",1,,51500,358424,0
2008,381,1,826,"H3","890790",1,,16022,485938,0
2008,381,2,826,"H3","890790",1,,5209,146728,0
2008,381,2,757,"H3","8908",1,,213,19150,0
2008,381,1,826,"H3","8908",1,,25,4697,0
2008,381,2,757,"H3","890800",1,,213,19150,0
2008,381,1,826,"H3","890800",1,,25,4697,0
2008,381,1,757,"H3","90",1,,,346088704,0
2008,381,2,757,"H3","90",1,,,240451976,0
2008,381,1,826,"H3","90",1,,,651779278,0
2008,381,2,826,"H3","90",1,,,550020764,0
2008,381,1,757,"H3","9001",1,,5740,3955470,0
2008,381,2,757,"H3","9001",1,,5089,1428532,0
2008,381,1,826,"H3","9001",1,,424019,74498814,4
2008,381,2,826,"H3","9001",1,,177086,18851388,4
2008,381,1,757,"H3","900110",8,116,116,102853,0
2008,381,2,757,"H3","900110",8,676,676,261304,0
2008,381,1,826,"H3","900110",8,1085,1085,288355,0
2008,381,2,826,"H3","900110",8,129224,129224,13856909,0
2008,381,1,757,"H3","900120",8,11,11,1797,0
2008,381,2,757,"H3","900120",8,178,178,3497,0
2008,381,1,826,"H3","900120",8,54,54,2534,0
2008,381,2,826,"H3","900120",8,37,37,1555,0
2008,381,1,757,"H3","900130",5,9268,42,11290,0
2008,381,2,757,"H3","900130",5,36450,700,150999,0
2008,381,1,826,"H3","900130",5,66289424,282190,62736896,4
2008,381,2,826,"H3","900130",5,1817144,31014,2893061,4
2008,381,1,757,"H3","900140",5,128,3,4343,0
2008,381,2,757,"H3","900140",5,67314,2304,271135,0
2008,381,1,826,"H3","900140",5,60144,7597,449825,4
2008,381,2,826,"H3","900140",5,28885,1361,114285,4
2008,381,1,757,"H3","900150",5,101328,1884,883138,0
2008,381,2,757,"H3","900150",5,47690,886,129171,0
2008,381,1,826,"H3","900150",5,1863115,102897,9676881,4
2008,381,2,826,"H3","900150",5,134266,6747,678263,4
2008,381,1,757,"H3","900190",8,3684,3684,2952050,0
2008,381,2,757,"H3","900190",8,345,345,612426,0
2008,381,1,826,"H3","900190",8,30195,30195,1344323,0
2008,381,2,826,"H3","900190",8,8703,8703,1307314,0
2008,381,1,757,"H3","9002",8,3159,3159,1110476,0
2008,381,2,757,"H3","9002",8,1060,1060,239949,6
2008,381,1,826,"H3","9002",8,5639,5639,2074779,6
2008,381,2,826,"H3","9002",8,2794,2794,722556,6
2008,381,1,757,"H3","900211",8,14,14,63209,0
2008,381,2,757,"H3","900211",8,251,251,148158,6
2008,381,1,826,"H3","900211",8,2649,2649,1009946,6
2008,381,2,826,"H3","900211",8,1259,1259,502961,6
2008,381,1,757,"H3","900219",8,5,5,31420,0
2008,381,1,826,"H3","900219",8,2217,2217,704683,6
2008,381,2,826,"H3","900219",8,458,458,179093,6
2008,381,1,757,"H3","900220",8,3099,3099,922752,0
2008,381,2,757,"H3","900220",8,735,735,42469,0
2008,381,1,826,"H3","900220",8,455,455,185310,6
2008,381,2,826,"H3","900220",8,645,645,4657,6
2008,381,1,757,"H3","900290",8,41,41,93095,0
2008,381,2,757,"H3","900290",8,74,74,49321,0
2008,381,1,826,"H3","900290",8,318,318,174841,0
2008,381,2,826,"H3","900290",8,432,432,35845,0
2008,381,1,757,"H3","9003",1,,10892,6449237,0
2008,381,2,757,"H3","9003",1,,32579,7317126,0
2008,381,1,826,"H3","9003",1,,13910,3032098,4
2008,381,2,826,"H3","9003",1,,251584,77824116,4
2008,381,1,757,"H3","900311",5,9653,576,318073,0
2008,381,2,757,"H3","900311",5,67047,12016,2264014,0
2008,381,1,826,"H3","900311",5,23826,2348,412542,4
2008,381,2,826,"H3","900311",5,557616,71685,21282499,4
2008,381,1,757,"H3","900319",5,20564,2021,737717,0
2008,381,2,757,"H3","900319",5,190527,18582,4414802,0
2008,381,1,826,"H3","900319",5,113401,11411,2471114,4
2008,381,2,826,"H3","900319",5,1586460,177292,55430122,4
2008,381,1,757,"H3","900390",8,8295,8295,5393447,0
2008,381,2,757,"H3","900390",8,1981,1981,638311,0
2008,381,1,826,"H3","900390",8,151,151,148442,0
2008,381,2,826,"H3","900390",8,2607,2607,1111495,0
2008,381,1,757,"H3","9004",1,,10435,5510956,0
2008,381,2,757,"H3","9004",1,,196523,50043218,0
2008,381,1,826,"H3","9004",1,,76241,8548957,4
2008,381,2,826,"H3","9004",1,,317887,87477943,4
2008,381,1,757,"H3","900410",5,137015,9927,5439070,0
2008,381,2,757,"H3","900410",5,1356215,184221,48080386,0
2008,381,1,826,"H3","900410",5,243177,45735,6499588,4
2008,381,2,826,"H3","900410",5,2199865,285600,85400500,4
2008,381,1,757,"H3","900490",1,,508,71886,0
2008,381,2,757,"H3","900490",5,1812612,12302,1962832,2
2008,381,1,826,"H3","900490",1,,30506,2049369,0
2008,381,2,826,"H3","900490",5,1918452,32287,2077443,2
2008,381,1,757,"H3","9005",1,,158,63033,0
2008,381,2,757,"H3","9005",1,,1068,97213,0
2008,381,1,826,"H3","9005",1,,4844,214404,4
2008,381,2,826,"H3","9005",1,,12415,210150,4
2008,381,1,757,"H3","900510",5,45,57,10357,0
2008,381,2,757,"H3","900510",5,2376,765,35087,0
2008,381,1,826,"H3","900510",5,275,435,37239,4
2008,381,2,826,"H3","900510",5,3514,2573,78975,4
2008,381,1,757,"H3","900580",1,,12,5048,0
2008,381,2,757,"H3","900580",1,,268,43363,0
2008,381,1,826,"H3","900580",1,,199,25076,0
2008,381,2,826,"H3","900580",1,,9466,126699,0
2008,381,1,757,"H3","900590",8,89,89,47627,0
2008,381,2,757,"H3","900590",8,35,35,18762,0
2008,381,1,826,"H3","900590",8,4210,4210,152089,0
2008,381,2,826,"H3","900590",8,376,376,4477,0
2008,381,1,757,"H3","9006",1,,9695,1437610,0
2008,381,2,757,"H3","9006",1,,64396,2694732,0
2008,381,1,826,"H3","9006",1,,,3200282,0
2008,381,2,826,"H3","9006",1,,,9549466,0
2008,381,1,757,"H3","900610",5,2,1000,2937,0
2008,381,1,826,"H3","900610",5,2,1,104,4
2008,381,1,757,"H3","900630",5,1,4,1802,0
2008,381,1,826,"H3","900630",5,5,637,27350,4
2008,381,2,826,"H3","900630",5,6,3,439,4
2008,381,1,826,"H3","900640",5,1,,1703,0
2008,381,2,826,"H3","900640",5,13,4031,150973,4
2008,381,1,757,"H3","900651",5,130,101,37992,0
2008,381,2,757,"H3","900651",5,54,91,9609,0
2008,381,1,826,"H3","900651",5,288,599,219296,4
2008,381,2,826,"H3","900651",5,21,105,3459,4
2008,381,1,826,"H3","900652",5,232,,62536,0
2008,381,2,826,"H3","900652",5,8,,558,0
2008,381,1,757,"H3","900653",5,55,56,29912,0
2008,381,2,757,"H3","900653",5,85,44,10085,0
2008,381,1,826,"H3","900653",5,24702,11582,150875,4
2008,381,2,826,"H3","900653",5,295531,,807214,0
2008,381,1,757,"H3","900659",5,26,26,74388,0
2008,381,2,757,"H3","900659",5,744,670,128044,0
2008,381,1,826,"H3","900659",5,3901,15307,832804,4
2008,381,2,826,"H3","900659",5,2,601,24868,4
2008,381,1,757,"H3","900661",5,2398,1992,512439,0
2008,381,1,826,"H3","900661",5,93,142,25051,4
2008,381,2,826,"H3","900661",5,100,114,14074,4
2008,381,1,757,"H3","900669",5,2210,4518,393952,0
2008,381,2,757,"H3","900669",5,50,300,7058,0
2008,381,1,826,"H3","900669",5,57,287,22810,4
2008,381,2,826,"H3","900669",5,18,152,6278,4
2008,381,1,757,"H3","900691",8,987,987,144864,0
2008,381,2,757,"H3","900691",8,56256,56256,2117982,0
2008,381,1,826,"H3","900691",8,10359,10359,916486,0
2008,381,2,826,"H3","900691",8,221028,221028,8016654,0
2008,381,1,757,"H3","900699",8,1011,1011,239324,0
2008,381,2,757,"H3","900699",8,7035,7035,421955,0
2008,381,1,826,"H3","900699",8,20510,20510,941266,0
2008,381,2,826,"H3","900699",8,16881,16881,524949,0
2008,381,1,757,"H3","9007",1,,7,40670,0
2008,381,2,757,"H3","9007",1,,243,26256,0
2008,381,1,826,"H3","9007",1,,585,227833,0
2008,381,2,826,"H3","9007",1,,25654,1928930,4
2008,381,2,757,"H3","900719",5,1,6,3531,0
2008,381,1,757,"H3","900720",5,2,5,4417,0
2008,381,2,826,"H3","900720",5,100,21615,1370833,4
2008,381,2,757,"H3","900791",8,110,110,11100,0
2008,381,1,826,"H3","900791",8,298,298,122527,0
2008,381,2,826,"H3","900791",8,1764,1764,292874,0
2008,381,1,757,"H3","900792",8,2,2,36254,0
2008,381,2,757,"H3","900792",8,127,127,11625,0
2008,381,1,826,"H3","900792",8,287,287,105306,0
2008,381,2,826,"H3","900792",8,2275,2275,265222,0
2008,381,1,757,"H3","9008",1,,258,137030,0
2008,381,2,757,"H3","9008",1,,1375,70725,0
2008,381,1,826,"H3","9008",1,,3016,305424,4
2008,381,2,826,"H3","9008",1,,11401,530863,4
2008,381,2,757,"H3","900810",5,5,300,14873,0
2008,381,1,826,"H3","900810",5,4,262,6900,4
2008,381,2,826,"H3","900820",5,3,1,144,4
2008,381,2,757,"H3","900830",5,68,998,37426,0
2008,381,1,826,"H3","900830",5,8,224,5743,4
2008,381,2,826,"H3","900830",5,27,4857,207368,4
2008,381,1,757,"H3","900890",8,258,258,137030,0
2008,381,2,757,"H3","900890",8,77,77,18426,0
2008,381,1,826,"H3","900890",8,2530,2530,292782,0
2008,381,2,826,"H3","900890",8,6543,6543,323351,0
2008,381,1,757,"H3","9010",1,,8484,429364,0
2008,381,2,757,"H3","9010",1,,36687,1231069,0
2008,381,1,826,"H3","9010",1,,62246,7058963,0
2008,381,2,826,"H3","9010",1,,116239,3290155,0
2008,381,1,757,"H3","901010",1,,4512,93118,0
2008,381,2,757,"H3","901010",5,24,13421,433822,2
2008,381,1,826,"H3","901010",1,,28516,2911997,0
2008,381,2,826,"H3","901010",5,22,2516,404593,2
2008,381,1,757,"H3","901050",1,,20,20775,0
2008,381,2,757,"H3","901050",1,,2823,185581,0
2008,381,1,826,"H3","901050",1,,12046,422857,0
2008,381,2,826,"H3","901050",1,,5931,256494,0
2008,381,1,757,"H3","901060",1,,116,25115,0
2008,381,2,757,"H3","901060",5,611,3650,179783,2
2008,381,1,826,"H3","901060",1,,5896,70332,0
2008,381,2,826,"H3","901060",5,7196,102568,2117603,2
2008,381,1,757,"H3","901090",8,3836,3836,290356,0
2008,381,2,757,"H3","901090",8,16793,16793,431883,0
2008,381,1,826,"H3","901090",8,15788,15788,3653777,0
2008,381,2,826,"H3","901090",8,5224,5224,511465,0
2008,381,1,757,"H3","9011",1,,724,181910,0
2008,381,2,757,"H3","9011",1,,3999,693424,0
2008,381,1,826,"H3","9011",1,,5996,420613,4
2008,381,2,826,"H3","9011",1,,1650,360407,4
2008,381,1,757,"H3","901110",5,23,161,20565,0
2008,381,2,757,"H3","901110",5,252,732,179341,0
2008,381,1,826,"H3","901110",5,3402,2917,112366,4
2008,381,2,826,"H3","901110",5,287,370,82219,4
2008,381,1,757,"H3","901120",5,29,183,9064,0
2008,381,2,757,"H3","901120",5,28,173,7080,0
2008,381,1,757,"H3","901180",5,132,184,79757,0
2008,381,2,757,"H3","901180",5,613,1160,151781,0
2008,381,1,826,"H3","901180",5,104,1155,36453,4
2008,381,2,826,"H3","901180",5,25,284,30677,4
2008,381,1,757,"H3","901190",8,196,196,72525,0
2008,381,2,757,"H3","901190",8,1934,1934,355222,0
2008,381,1,826,"H3","901190",8,1924,1924,271794,0
2008,381,2,826,"H3","901190",8,996,996,247511,0
2008,381,1,757,"H3","9012",1,,54,81546,0
2008,381,2,757,"H3","9012",1,,92,7388,0
2008,381,1,826,"H3","9012",1,,13115,2982311,0
2008,381,1,757,"H3","901210",1,,33,56645,0
2008,381,2,757,"H3","901210",1,,88,3433,0
2008,381,1,826,"H3","901210",1,,10196,1782363,0
2008,381,1,757,"H3","901290",8,21,21,24901,0
2008,381,2,757,"H3","901290",8,4,4,3955,0
2008,381,1,826,"H3","901290",8,2919,2919,1199948,0
2008,381,1,757,"H3","9013",1,,8498,3121017,0
2008,381,2,757,"H3","9013",1,,35981,8498975,0
2008,381,1,826,"H3","9013",1,,30482,8939304,0
2008,381,2,826,"H3","9013",1,,11319,3782200,0
2008,381,1,757,"H3","901310",1,,27,30972,0
2008,381,2,757,"H3","901310",1,,7000,484713,0
2008,381,1,826,"H3","901310",1,,709,263969,0
2008,381,2,826,"H3","901310",1,,144,12640,0
2008,381,1,757,"H3","901320",1,,6240,2586007,0
2008,381,2,757,"H3","901320",1,,22729,6858843,0
2008,381,1,826,"H3","901320",1,,22275,6165486,0
2008,381,2,826,"H3","901320",1,,8977,3133076,0
2008,381,1,757,"H3","901380",1,,1685,293945,0
2008,381,2,757,"H3","901380",1,,5243,740313,0
2008,381,1,826,"H3","901380",1,,1603,304327,0
2008,381,2,826,"H3","901380",1,,569,78543,0
2008,381,1,757,"H3","901390",8,546,546,210093,0
2008,381,2,757,"H3","901390",8,1009,1009,415107,0
2008,381,1,826,"H3","901390",8,5895,5895,2205522,0
2008,381,2,826,"H3","901390",8,1629,1629,557941,0
2008,381,1,757,"H3","9014",1,,827,3435117,0
2008,381,2,757,"H3","9014",1,,893,412260,0
2008,381,1,826,"H3","9014",1,,103205,56430798,4
2008,381,2,826,"H3","9014",1,,19608,49314330,4
2008,381,1,757,"H3","901410",1,,362,57687,0
2008,381,2,757,"H3","901410",5,9,53,33080,2
2008,381,1,826,"H3","901410",1,,482,159573,0
2008,381,2,826,"H3","901410",5,8,143,30495,2
2008,381,1,757,"H3","901420",1,,425,3283022,0
2008,381,2,757,"H3","901420",5,11,39,68662,2
2008,381,1,826,"H3","901420",1,,1451,9869432,4
2008,381,2,826,"H3","901420",5,2290,1576,14159430,6
2008,381,1,757,"H3","901480",1,,25,24346,0
2008,381,2,757,"H3","901480",1,,799,308142,0
2008,381,1,826,"H3","901480",1,,90363,20266574,0
2008,381,2,826,"H3","901480",1,,3353,297671,0
2008,381,1,757,"H3","901490",8,15,15,70063,0
2008,381,2,757,"H3","901490",8,2,2,2376,0
2008,381,1,826,"H3","901490",8,10909,10909,26135218,0
2008,381,2,826,"H3","901490",8,14536,14536,34826735,0
2008,381,1,757,"H3","9015",1,,46162,9913177,0
2008,381,2,757,"H3","9015",1,,21022,3311640,0
2008,381,1,826,"H3","9015",1,,34581,4418237,0
2008,381,2,826,"H3","9015",1,,1952,125950,0
2008,381,1,757,"H3","901510",1,,2520,783663,0
2008,381,2,757,"H3","901510",1,,356,178045,0
2008,381,1,826,"H3","901510",1,,213,89105,0
2008,381,2,826,"H3","901510",1,,82,23127,0
2008,381,1,757,"H3","901520",5,45,419,183377,2
2008,381,2,757,"H3","901520",5,74,9270,363761,2
2008,381,1,757,"H3","901530",1,,26181,3776073,0
2008,381,2,757,"H3","901530",5,115,797,37762,2
2008,381,1,826,"H3","901530",1,,413,33959,0
2008,381,2,826,"H3","901530",5,134,1732,43995,2
2008,381,1,757,"H3","901540",8,407,407,185023,0
2008,381,1,826,"H3","901540",8,18,18,62329,0
2008,381,1,757,"H3","901580",1,,13735,3182434,0
2008,381,2,757,"H3","901580",1,,8934,1247869,0
2008,381,1,826,"H3","901580",1,,23581,3431785,0
2008,381,2,826,"H3","901580",1,,84,45003,0
2008,381,1,757,"H3","901590",8,2900,2900,1802605,0
2008,381,2,757,"H3","901590",8,1665,1665,1484203,0
2008,381,1,826,"H3","901590",8,10356,10356,801058,0
2008,381,2,826,"H3","901590",8,54,54,13825,0
2008,381,1,757,"H3","9016",8,331,331,185047,0
2008,381,2,757,"H3","9016",8,5003,5003,294128,0
2008,381,1,826,"H3","9016",8,3461,3461,134069,6
2008,381,2,826,"H3","9016",8,260,260,12386,6
2008,381,1,757,"H3","901600",8,331,331,185047,0
2008,381,2,757,"H3","901600",8,5003,5003,294128,0
2008,381,1,826,"H3","901600",8,3461,3461,134069,6
2008,381,2,826,"H3","901600",8,260,260,12386,6
2008,381,1,757,"H3","9017",1,,4314,1390002,0
2008,381,2,757,"H3","9017",1,,37624,1357196,0
2008,381,1,826,"H3","9017",1,,30767,1159019,4
2008,381,2,826,"H3","9017",1,,24912,468820,4
2008,381,1,757,"H3","901710",5,8,155,30971,0
2008,381,2,757,"H3","901710",5,51,793,39665,0
2008,381,1,826,"H3","901710",5,14,162,8788,4
2008,381,2,826,"H3","901710",5,84,350,11227,4
2008,381,1,757,"H3","901720",5,5,25,3549,0
2008,381,2,757,"H3","901720",5,188110,19931,725657,2
2008,381,1,826,"H3","901720",5,10706,4921,59462,6
2008,381,2,826,"H3","901720",5,87951,11229,157215,6
2008,381,1,757,"H3","901730",5,4237,1436,780721,0
2008,381,2,757,"H3","901730",5,1212,1100,206895,0
2008,381,1,826,"H3","901730",5,2750,14705,648735,4
2008,381,2,826,"H3","901730",5,2265,2017,174890,4
2008,381,1,757,"H3","901780",1,,2118,305074,0
2008,381,2,757,"H3","901780",1,,15793,357997,0
2008,381,1,826,"H3","901780",1,,10073,353007,0
2008,381,2,826,"H3","901780",1,,10910,118254,0
2008,381,1,757,"H3","901790",8,580,580,269687,0
2008,381,2,757,"H3","901790",8,7,7,26983,0
2008,381,1,826,"H3","901790",8,905,905,89027,0
2008,381,2,826,"H3","901790",8,406,406,7234,0
2008,381,1,757,"H3","9018",1,,509820,108796794,0
2008,381,2,757,"H3","9018",1,,345163,42799903,0
2008,381,1,826,"H3","9018",1,,686474,63431250,0
2008,381,2,826,"H3","9018",1,,2575739,82940232,0
2008,381,1,757,"H3","901811",1,,23744,3614715,0
2008,381,2,757,"H3","901811",5,1114,7162,2241434,2
2008,381,1,826,"H3","901811",1,,66,4245,0
2008,381,2,826,"H3","901811",5,880,17768,1770694,2
2008,381,1,757,"H3","901812",5,8,186,149498,2
2008,381,2,757,"H3","901812",5,49,2016,1060753,2
2008,381,1,826,"H3","901812",5,8,1806,147677,2
2008,381,2,826,"H3","901812",5,106,5853,2281689,2
2008,381,1,757,"H3","901813",1,,8115,1233374,0
2008,381,1,826,"H3","901813",1,,9,15655,0
2008,381,2,826,"H3","901813",1,,15941,871102,0
2008,381,1,826,"H3","901814",1,,21,2725,0
2008,381,1,757,"H3","901819",1,,4078,1577236,0
2008,381,2,757,"H3","901819",1,,14743,2674951,0
2008,381,1,826,"H3","901819",1,,31575,4215200,0
2008,381,2,826,"H3","901819",1,,63311,3396155,0
2008,381,1,757,"H3","901820",8,211,211,117561,0
2008,381,2,757,"H3","901820",8,1306,1306,118223,0
2008,381,1,826,"H3","901820",8,3677,3677,1312396,0
2008,381,2,826,"H3","901820",8,643,643,16450,0
2008,381,1,757,"H3","901831",1,,71857,11696897,0
2008,381,2,757,"H3","901831",1,,28761,1263446,0
2008,381,1,826,"H3","901831",1,,13537,909523,0
2008,381,2,826,"H3","901831",1,,576421,10265303,0
2008,381,1,757,"H3","901832",8,115,115,163676,0
2008,381,2,757,"H3","901832",8,2320,2320,376914,0
2008,381,1,826,"H3","901832",8,1258,1258,114019,0
2008,381,2,826,"H3","901832",8,132462,132462,6712567,0
2008,381,1,757,"H3","901839",1,,13213,12891882,0
2008,381,2,757,"H3","901839",5,14217985,12805,3129756,2
2008,381,1,826,"H3","901839",1,,204329,15255778,0
2008,381,2,826,"H3","901839",5,19275215,132254,4242987,2
2008,381,1,757,"H3","901841",8,3891,3891,4962403,0
2008,381,2,757,"H3","901841",8,1616,1616,182559,0
2008,381,1,826,"H3","901841",8,100,100,6155,0
2008,381,2,826,"H3","901841",8,9922,9922,682028,0
2008,381,1,757,"H3","901849",1,,40748,23466489,0
2008,381,2,757,"H3","901849",1,,76101,5082342,0
2008,381,1,826,"H3","901849",1,,4712,1409345,0
2008,381,2,826,"H3","901849",1,,152073,6572667,0
2008,381,1,757,"H3","901850",8,18387,18387,5243635,0
2008,381,2,757,"H3","901850",8,5872,5872,587092,0
2008,381,1,826,"H3","901850",8,3442,3442,1579471,0
2008,381,2,826,"H3","901850",8,77677,77677,3528368,0
2008,381,1,757,"H3","901890",1,,325275,43679431,0
2008,381,2,757,"H3","901890",1,,192461,26082433,0
2008,381,1,826,"H3","901890",1,,421942,38459061,0
2008,381,2,826,"H3","901890",1,,1391414,42600223,0
2008,381,1,757,"H3","9019",8,18250,18250,2599916,0
2008,381,2,757,"H3","9019",8,278316,278316,7811482,0
2008,381,1,826,"H3","9019",8,400379,400379,26916505,0
2008,381,2,826,"H3","9019",8,299074,299074,7482891,0
2008,381,1,757,"H3","901910",8,16374,16374,2062449,0
2008,381,2,757,"H3","901910",8,176682,176682,5410625,0
2008,381,1,826,"H3","901910",8,11401,11401,2918797,0
2008,381,2,826,"H3","901910",8,169628,169628,3608980,0
2008,381,1,757,"H3","901920",8,1876,1876,537468,0
2008,381,2,757,"H3","901920",8,101634,101634,2400858,0
2008,381,1,826,"H3","901920",8,388978,388978,23997708,0
2008,381,2,826,"H3","901920",8,129446,129446,3873911,0
2008,381,1,757,"H3","9020",8,655,655,30909,0
2008,381,2,757,"H3","9020",8,14469,14469,557509,0
2008,381,1,826,"H3","9020",8,188185,188185,7916442,0
2008,381,2,826,"H3","9020",8,19009,19009,907189,0
2008,381,1,757,"H3","902000",8,655,655,30909,0
2008,381,2,757,"H3","902000",8,14469,14469,557509,0
2008,381,1,826,"H3","902000",8,188185,188185,7916442,0
2008,381,2,826,"H3","902000",8,19009,19009,907189,0
2008,381,1,757,"H3","9021",1,,81780,68410755,0
2008,381,2,757,"H3","9021",1,,109894,32394209,0
2008,381,1,826,"H3","9021",1,,72819,104127878,4
2008,381,2,826,"H3","9021",1,,27531,16227386,4
2008,381,1,757,"H3","902110",8,1321,1321,1770789,0
2008,381,2,757,"H3","902110",8,49958,49958,4381086,0
2008,381,1,826,"H3","902110",8,12077,12077,1503254,0
2008,381,2,826,"H3","902110",8,5641,5641,2094216,0
2008,381,1,757,"H3","902121",8,37,37,147780,0
2008,381,2,757,"H3","902121",8,9670,9670,3084393,0
2008,381,1,826,"H3","902121",8,799,799,190316,6
2008,381,2,826,"H3","902121",8,33,33,7009,6
2008,381,1,757,"H3","902129",8,6292,6292,5713944,0
2008,381,2,757,"H3","902129",8,495,495,217620,0
2008,381,1,826,"H3","902129",8,147,147,15347,0
2008,381,2,826,"H3","902129",8,128,128,57702,0
2008,381,1,757,"H3","902131",8,56927,56927,55022837,0
2008,381,2,757,"H3","902131",8,44014,44014,13153199,0
2008,381,1,826,"H3","902131",8,20125,20125,13646408,0
2008,381,2,826,"H3","902131",8,5953,5953,2508602,0
2008,381,1,757,"H3","902139",8,15137,15137,1612082,0
2008,381,2,757,"H3","902139",8,1693,1693,2856428,0
2008,381,1,826,"H3","902139",8,10896,10896,10311939,0
2008,381,2,826,"H3","902139",8,1922,1922,5967610,0
2008,381,1,757,"H3","902140",5,22,1,12320,0
2008,381,2,757,"H3","902140",5,11679,308,6018651,0
2008,381,1,826,"H3","902140",5,8075,590,2358007,4
2008,381,2,826,"H3","902140",5,217,18,72836,4
2008,381,1,757,"H3","902150",5,21,11,128150,0
2008,381,2,757,"H3","902150",5,357,111,1076486,0
2008,381,1,826,"H3","902150",5,48,77,302099,4
2008,381,2,826,"H3","902150",5,1133,398,1791589,4
2008,381,1,757,"H3","902190",8,2054,2054,4002852,0
2008,381,2,757,"H3","902190",8,3645,3645,1606346,0
2008,381,1,826,"H3","902190",8,28108,28108,75800507,0
2008,381,2,826,"H3","902190",8,13437,13437,3727822,0
2008,381,1,757,"H3","9022",1,,52678,4962031,0
2008,381,2,757,"H3","9022",1,,32946,2711281,0
2008,381,1,826,"H3","9022",1,,153326,16896932,4
2008,381,2,826,"H3","9022",1,,69928,4124057,4
2008,381,1,757,"H3","902212",5,1,20500,96908,0
2008,381,1,826,"H3","902212",5,2,248,31745,4
2008,381,1,757,"H3","902213",5,288,2114,182919,0
2008,381,2,757,"H3","902213",5,1508,14089,698770,0
2008,381,1,826,"H3","902213",5,1958,4998,629863,4
2008,381,2,826,"H3","902213",5,737,28195,1490512,4
2008,381,1,757,"H3","902214",5,121,4747,343288,0
2008,381,2,757,"H3","902214",5,24,4365,1042236,0
2008,381,1,826,"H3","902214",5,292,535,70427,4
2008,381,2,826,"H3","902214",5,225,10597,779329,4
2008,381,1,757,"H3","902219",5,165,1898,883972,0
2008,381,2,757,"H3","902219",5,45,2877,327012,0
2008,381,1,826,"H3","902219",5,121,18277,1913431,4
2008,381,2,826,"H3","902219",5,23,6925,582124,4
2008,381,1,826,"H3","902221",5,159,93404,6460195,4
2008,381,1,757,"H3","902229",5,2,12,14372,0
2008,381,2,757,"H3","902229",5,5,129,86012,0
2008,381,1,826,"H3","902229",5,9,1886,310083,4
2008,381,1,757,"H3","902230",5,208,901,876424,0
2008,381,2,757,"H3","902230",5,8,151,33337,0
2008,381,1,826,"H3","902230",5,3,49,18828,4
2008,381,2,826,"H3","902230",5,3,536,73928,4
2008,381,1,757,"H3","902290",8,22506,22506,2564149,0
2008,381,2,757,"H3","902290",8,11335,11335,523915,0
2008,381,1,757,"H3","9023",8,7460,7460,443065,0
2008,381,2,757,"H3","9023",8,19344,19344,1203618,0
2008,381,1,757,"H3","902300",8,7460,7460,443065,0
2008,381,2,757,"H3","902300",8,19344,19344,1203618,0
2008,381,1,826,"H3","902300",8,8980,8980,633633,0
2008,381,1,757,"H3","9024",1,,30924,3056187,0
2008,381,2,757,"H3","9024",1,,48531,3276633,0
2008,381,1,826,"H3","9024",1,,63172,6330953,0
2008,381,2,826,"H3","9024",1,,173854,5426022,0
2008,381,1,757,"H3","902410",1,,17366,1591774,0
2008,381,2,757,"H3","902410",1,,12880,1037951,0
2008,381,1,826,"H3","902410",1,,7617,1013220,0
2008,381,2,826,"H3","902410",1,,6811,416352,0
2008,381,1,757,"H3","902480",1,,3007,753556,0
2008,381,2,757,"H3","902480",1,,16024,1084411,0
2008,381,1,826,"H3","902480",1,,38708,3644853,0
2008,381,2,826,"H3","902480",1,,165908,4881693,0
2008,381,1,757,"H3","902490",8,10551,10551,710858,0
2008,381,2,757,"H3","902490",8,19627,19627,1154270,0
2008,381,1,826,"H3","902490",8,16847,16847,1672880,0
2008,381,2,826,"H3","902490",8,1135,1135,127977,0
2008,381,1,757,"H3","9025",1,,28032,7480934,0
2008,381,2,757,"H3","9025",1,,7025,1147211,0
2008,381,1,826,"H3","9025",1,,86394,6666658,4
2008,381,2,826,"H3","9025",1,,48964,4462121,4
2008,381,1,757,"H3","902511",5,72136,5597,1548519,0
2008,381,2,757,"H3","902511",5,13503,1904,128151,0
2008,381,1,826,"H3","902511",5,294363,23943,422623,4
2008,381,1,757,"H3","902519",5,220709,17273,3987448,0
2008,381,2,757,"H3","902519",5,40075,2498,277836,0
2008,381,1,826,"H3","902519",5,188245,45553,3124340,4
2008,381,2,826,"H3","902519",5,30142,36884,3721406,4
2008,381,1,757,"H3","902580",1,,4742,1770207,0
2008,381,2,757,"H3","902580",1,,2074,660570,0
2008,381,1,826,"H3","902580",1,,7960,1463807,4
2008,381,2,826,"H3","902580",1,,4608,305269,4
2008,381,1,757,"H3","902590",8,420,420,174760,0
2008,381,2,757,"H3","902590",8,549,549,80654,0
2008,381,1,826,"H3","902590",8,8939,8939,1655888,0
2008,381,2,826,"H3","902590",8,5602,5602,348277,0
2008,381,1,757,"H3","9026",1,,190620,36034179,0
2008,381,2,757,"H3","9026",1,,80894,9421965,0
2008,381,1,826,"H3","9026",1,,209718,26765224,4
2008,381,2,826,"H3","9026",1,,227098,17422123,4
2008,381,1,757,"H3","902610",5,2058267,124668,17950853,0
2008,381,2,757,"H3","902610",5,55212,34953,2826842,0
2008,381,1,826,"H3","902610",5,29760,75636,6642994,4
2008,381,2,826,"H3","902610",5,112319,130911,5828844,4
2008,381,1,757,"H3","902620",5,245361,26938,6091025,0
2008,381,2,757,"H3","902620",5,44585,10162,995368,0
2008,381,1,826,"H3","902620",5,144205,99535,10866217,4
2008,381,2,826,"H3","902620",5,217269,51689,4048663,4
2008,381,1,757,"H3","902680",1,,17243,2499094,0
2008,381,2,757,"H3","902680",5,7091,32815,5236713,2
2008,381,1,826,"H3","902680",1,,18369,5939583,0
2008,381,2,826,"H3","902680",5,7311,20281,5398706,2
2008,381,1,757,"H3","902690",8,21771,21771,9493207,0
2008,381,2,757,"H3","902690",8,2964,2964,363041,0
2008,381,1,757,"H3","9027",1,,52471,17550940,0
2008,381,2,757,"H3","9027",1,,52311,10823711,0
2008,381,1,826,"H3","9027",1,,221605,55991787,4
2008,381,2,826,"H3","9027",1,,161219,22399515,4
2008,381,1,757,"H3","902710",5,3060,1398,747462,0
2008,381,2,757,"H3","902710",5,2540,2802,876709,0
2008,381,1,757,"H3","902720",1,,303,166113,0
2008,381,2,757,"H3","902720",5,55,1121,355653,2
2008,381,1,826,"H3","902720",1,,4629,1715401,0
2008,381,2,826,"H3","902720",5,100,958,646173,2
2008,381,1,757,"H3","902730",1,,23785,6361267,0
2008,381,2,757,"H3","902730",1,,3459,1871844,0
2008,381,1,826,"H3","902730",1,,11504,4475480,0
2008,381,2,826,"H3","902730",1,,133,158512,0
2008,381,1,757,"H3","902750",1,,1658,861534,0
2008,381,2,757,"H3","902750",5,370,18940,1646860,2
2008,381,1,826,"H3","902750",1,,11585,10118581,0
2008,381,2,826,"H3","902750",5,28,458,125072,2
2008,381,1,757,"H3","902780",1,,11593,3142391,0
2008,381,2,757,"H3","902780",1,,20277,4745399,0
2008,381,1,826,"H3","902780",1,,79383,9339068,0
2008,381,2,826,"H3","902780",1,,104487,12604531,0
2008,381,1,757,"H3","902790",8,13734,13734,6272172,0
2008,381,2,757,"H3","902790",8,5712,5712,1327245,0
2008,381,1,826,"H3","902790",8,47922,47922,12757891,6
2008,381,2,826,"H3","902790",8,25294,25294,5444532,6
2008,381,1,757,"H3","9028",1,,46336,3151334,0
2008,381,2,757,"H3","9028",1,,105497,1638699,0
2008,381,1,757,"H3","902820",5,27314,39865,1944181,0
2008,381,2,757,"H3","902820",5,3343,4855,173446,0
2008,381,1,826,"H3","902820",5,1054,100481,798205,4
2008,381,2,826,"H3","902820",5,35366,91989,2429621,4
2008,381,1,757,"H3","902830",5,8350,5473,1022231,0
2008,381,2,757,"H3","902830",5,405,136,38270,0
2008,381,1,826,"H3","902830",5,195,15802,496853,4
2008,381,1,757,"H3","902890",8,708,708,101358,0
2008,381,2,757,"H3","902890",8,100478,100478,1425487,0
2008,381,1,826,"H3","902890",8,2641,2641,184223,0
2008,381,2,826,"H3","902890",8,86849,86849,1538919,0
2008,381,1,757,"H3","9029",1,,2325,934292,0
2008,381,2,757,"H3","9029",1,,696,188570,0
2008,381,1,826,"H3","9029",1,,99233,13253772,0
2008,381,2,826,"H3","9029",1,,11305,4042784,0
2008,381,1,757,"H3","902910",1,,840,106181,0
2008,381,2,757,"H3","902910",1,,161,58815,0
2008,381,1,757,"H3","902920",1,,190,180717,0
2008,381,2,757,"H3","902920",1,,327,19314,0
2008,381,1,826,"H3","902920",1,,72635,7738901,0
2008,381,2,826,"H3","902920",1,,4177,649661,0
2008,381,1,757,"H3","902990",8,1295,1295,647393,0
2008,381,2,757,"H3","902990",8,208,208,110441,0
2008,381,1,826,"H3","902990",8,5413,5413,1400770,0
2008,381,2,826,"H3","902990",8,1382,1382,122166,0
2008,381,1,757,"H3","9030",1,,17463,6564544,0
2008,381,2,757,"H3","9030",1,,25618,5937939,0
2008,381,1,826,"H3","9030",1,,28245,7405587,0
2008,381,2,826,"H3","9030",1,,18237,4481089,0
2008,381,1,757,"H3","903010",1,,8,32317,0
2008,381,2,757,"H3","903010",1,,118,29339,0
2008,381,1,826,"H3","903010",1,,2168,307537,0
2008,381,2,826,"H3","903010",1,,2013,225551,0
2008,381,1,757,"H3","903020",1,,100,186938,0
2008,381,2,757,"H3","903020",1,,179,37541,0
2008,381,1,826,"H3","903020",1,,5304,1036601,0
2008,381,2,826,"H3","903020",1,,1663,188463,0
2008,381,1,757,"H3","903031",1,,50,44817,0
2008,381,2,757,"H3","903031",1,,103,54833,0
2008,381,2,757,"H3","903032",1,,2,1818,0
2008,381,1,826,"H3","903032",1,,106,10876,0
2008,381,2,826,"H3","903032",1,,15,675,0
2008,381,1,757,"H3","903033",1,,487,363059,0
2008,381,2,757,"H3","903033",1,,2372,304141,0
2008,381,1,826,"H3","903033",1,,6268,1551178,0
2008,381,2,826,"H3","903033",1,,5795,1241166,0
2008,381,1,757,"H3","903039",1,,1304,749342,0
2008,381,2,757,"H3","903039",1,,6687,702797,0
2008,381,1,826,"H3","903039",1,,2560,349063,0
2008,381,2,826,"H3","903039",1,,39,12603,0
2008,381,1,757,"H3","903040",1,,392,186713,0
2008,381,2,757,"H3","903040",1,,263,263613,0
2008,381,1,826,"H3","903040",1,,2740,2309695,0
2008,381,2,826,"H3","903040",1,,3770,1489426,0
2008,381,1,757,"H3","903082",1,,3322,370999,0
2008,381,2,757,"H3","903082",1,,4999,1368322,0
2008,381,1,826,"H3","903082",1,,2912,372528,0
2008,381,2,826,"H3","903082",1,,1910,432432,0
2008,381,1,757,"H3","903084",1,,5733,2025359,0
2008,381,2,757,"H3","903084",1,,4573,1304461,0
2008,381,1,826,"H3","903084",1,,827,267887,0
2008,381,2,826,"H3","903084",1,,1570,492252,0
2008,381,1,757,"H3","903089",1,,5362,681442,0
2008,381,2,757,"H3","903089",1,,1299,863338,0
2008,381,1,826,"H3","903089",1,,1663,255948,0
2008,381,2,826,"H3","903089",1,,652,204703,0
2008,381,1,757,"H3","903090",8,705,705,1923558,0
2008,381,2,757,"H3","903090",8,5023,5023,1007736,0
2008,381,1,757,"H3","9031",1,,88867,30715150,0
2008,381,2,757,"H3","9031",1,,223378,30113185,4
2008,381,1,826,"H3","9031",1,,434083,67650210,4
2008,381,2,826,"H3","9031",1,,791298,59976237,4
2008,381,1,757,"H3","903110",1,,969,168979,0
2008,381,2,757,"H3","903110",1,,43999,1229112,0
2008,381,1,826,"H3","903110",1,,956,40788,0
2008,381,2,826,"H3","903110",1,,257624,6039720,0
2008,381,1,757,"H3","903120",1,,4548,185430,0
2008,381,2,757,"H3","903120",5,44,7611,806232,2
2008,381,1,826,"H3","903120",1,,3855,424603,0
2008,381,2,826,"H3","903120",5,171,31578,3169044,2
2008,381,1,757,"H3","903141",1,,1564,406779,0
2008,381,2,757,"H3","903141",1,,12,1586,4
2008,381,1,826,"H3","903141",1,,729,142998,0
2008,381,2,826,"H3","903141",1,,9600,400265,0
2008,381,1,757,"H3","903149",1,,8295,3476079,0
2008,381,2,757,"H3","903149",1,,5340,1477198,0
2008,381,1,757,"H3","903180",1,,65052,19088171,0
2008,381,2,757,"H3","903180",1,,154705,23766247,0
2008,381,1,826,"H3","903180",1,,178121,22997034,0
2008,381,2,826,"H3","903180",1,,415697,39477621,0
2008,381,1,757,"H3","903190",8,8439,8439,7389712,0
2008,381,2,757,"H3","903190",8,11711,11711,2832811,0
2008,381,1,826,"H3","903190",8,203581,203581,30458713,0
2008,381,2,826,"H3","903190",8,61782,61782,9963726,0
2008,381,1,757,"H3","9032",1,,81162,14875220,0
2008,381,2,757,"H3","9032",1,,98575,8733410,0
2008,381,1,826,"H3","9032",1,,361980,36856178,4
2008,381,2,826,"H3","9032",1,,624954,44019811,4
2008,381,1,757,"H3","903210",5,775217,35740,5494649,0
2008,381,2,757,"H3","903210",5,148325,18658,2545335,0
2008,381,1,826,"H3","903210",5,684253,42173,2301024,4
2008,381,2,826,"H3","903210",5,1243638,342421,16109236,4
2008,381,1,757,"H3","903220",5,23981,3198,785118,0
2008,381,2,757,"H3","903220",5,65617,8140,687487,0
2008,381,1,757,"H3","903281",1,,2965,16909,0
2008,381,2,757,"H3","903281",5,2567,32551,2047514,2
2008,381,1,826,"H3","903281",1,,19723,1822098,0
2008,381,2,826,"H3","903281",5,2183,50355,1740838,2
2008,381,1,757,"H3","903289",1,,34556,7284442,0
2008,381,2,757,"H3","903289",1,,26812,2441832,0
2008,381,1,757,"H3","903290",8,4703,4703,1294101,0
2008,381,2,757,"H3","903290",8,12414,12414,1011243,0
2008,381,1,757,"H3","9033",8,31361,31361,3040791,0
2008,381,2,757,"H3","9033",8,106521,106521,3968817,0
2008,381,1,826,"H3","9033",8,25047,25047,3271482,0
2008,381,2,826,"H3","9033",8,35139,35139,5214532,0
2008,381,1,757,"H3","903300",8,31361,31361,3040791,0
2008,381,2,757,"H3","903300",8,106521,106521,3968817,0
2008,381,1,826,"H3","903300",8,25047,25047,3271482,0
2008,381,2,826,"H3","903300",8,35139,35139,5214532,0
2008,381,1,757,"H3","91",1,,,838894420,0
2008,381,2,757,"H3","91",1,,,428831745,0
2008,381,1,826,"H3","91",1,,,3486923,0
2008,381,2,826,"H3","91",1,,,63429122,0
2008,381,1,757,"H3","9101",5,31123,4302,272739992,0
2008,381,2,757,"H3","9101",5,49651,,75182898,0
2008,381,1,826,"H3","9101",5,15081,1408,504952,4
2008,381,2,826,"H3","9101",5,9678,5467,14935224,4
2008,381,1,757,"H3","910111",5,7789,597,37522990,0
2008,381,2,757,"H3","910111",5,20359,2084,45545756,0
2008,381,1,826,"H3","910111",5,635,12,106048,4
2008,381,2,826,"H3","910111",5,678,662,5620425,4
2008,381,1,757,"H3","910119",5,2623,1509,1296829,0
2008,381,2,757,"H3","910119",5,21873,8406,4397193,0
2008,381,1,826,"H3","910119",5,13909,1393,359293,4
2008,381,2,826,"H3","910119",5,4124,2392,1084417,4
2008,381,1,757,"H3","910121",5,16951,2010,182163452,0
2008,381,2,757,"H3","910121",5,1461,477,15404816,0
2008,381,1,757,"H3","910129",5,1821,109,33681241,0
2008,381,2,757,"H3","910129",5,620,83,2932581,0
2008,381,1,826,"H3","910129",5,531,1,17772,4
2008,381,2,826,"H3","910129",5,4211,2121,2747128,4
2008,381,1,757,"H3","910199",5,1939,77,18075481,0
2008,381,2,757,"H3","910199",5,5337,984,6897447,0
2008,381,1,826,"H3","910199",5,1,0,1191,4
2008,381,2,826,"H3","910199",5,5,14,17400,4
2008,381,1,757,"H3","9102",5,1816203,172990,490156813,0
2008,381,2,757,"H3","9102",5,80580,15056,24406945,0
2008,381,1,826,"H3","9102",5,28640,2059,613584,4
2008,381,2,826,"H3","9102",5,218229,59232,38729361,4
2008,381,1,757,"H3","910211",5,1571260,137732,154047396,0
2008,381,2,757,"H3","910211",5,28216,3440,8956209,0
2008,381,1,826,"H3","910211",5,6387,823,319141,4
2008,381,2,826,"H3","910211",5,136171,20777,16902674,4
2008,381,1,757,"H3","910212",5,20,4,1794,0
2008,381,2,757,"H3","910212",5,6173,2608,549147,0
2008,381,2,826,"H3","910212",5,5013,1087,321256,4
2008,381,1,757,"H3","910219",5,22166,3020,6048427,0
2008,381,2,757,"H3","910219",5,12889,4299,1153128,0
2008,381,1,826,"H3","910219",5,9338,435,90375,4
2008,381,2,826,"H3","910219",5,43514,22698,6401058,4
2008,381,1,757,"H3","910221",5,199879,28668,310418242,0
2008,381,2,757,"H3","910221",5,5188,1440,11881969,0
2008,381,1,757,"H3","910229",5,13841,2422,17806597,0
2008,381,2,757,"H3","910229",5,16739,985,903026,0
2008,381,1,826,"H3","910229",5,1953,27,14865,4
2008,381,2,826,"H3","910229",5,28460,6412,8393300,4
2008,381,1,757,"H3","910291",5,1301,496,126398,0
2008,381,2,757,"H3","910291",5,2277,723,43629,0
2008,381,1,826,"H3","910291",5,14,49,1534,4
2008,381,2,826,"H3","910291",5,496,319,53636,4
2008,381,1,757,"H3","910299",5,7736,648,1707959,0
2008,381,2,757,"H3","910299",5,9098,1561,919837,0
2008,381,1,757,"H3","9103",5,909,423,729285,0
2008,381,2,757,"H3","9103",5,645,328,142811,0
2008,381,1,826,"H3","9103",5,2387,2800,93490,4
2008,381,2,826,"H3","9103",5,236,24,9671,4
2008,381,1,757,"H3","910310",5,763,326,565872,0
2008,381,2,757,"H3","910310",5,331,106,119816,0
2008,381,1,826,"H3","910310",5,1881,1453,72204,4
2008,381,2,826,"H3","910310",5,41,10,6811,4
2008,381,1,757,"H3","910390",5,146,97,163413,0
2008,381,2,757,"H3","910390",5,314,222,22995,0
2008,381,1,826,"H3","910390",5,506,1347,21286,4
2008,381,2,826,"H3","910390",5,195,14,2860,4
2008,381,1,757,"H3","9104",5,57,23,112445,0
2008,381,2,757,"H3","9104",5,101,24,11609,0
2008,381,1,826,"H3","9104",5,65,26,5688,4
2008,381,2,826,"H3","9104",5,63,5,979,4
2008,381,1,757,"H3","910400",5,57,23,112445,0
2008,381,2,757,"H3","910400",5,101,24,11609,0
2008,381,1,826,"H3","910400",5,65,26,5688,4
2008,381,2,826,"H3","910400",5,63,5,979,4
2008,381,1,757,"H3","9105",5,1339,2218,2203551,0
2008,381,2,757,"H3","9105",5,5697,8948,3034584,0
2008,381,1,826,"H3","9105",5,23321,32517,351138,4
2008,381,2,826,"H3","9105",5,16541,4735,382137,4
2008,381,1,757,"H3","910511",5,260,122,223861,0
2008,381,2,757,"H3","910511",5,289,176,14955,0
2008,381,1,826,"H3","910511",5,10224,3379,54704,4
2008,381,2,826,"H3","910511",5,1937,257,43550,4
2008,381,1,757,"H3","910519",5,24,31,49209,0
2008,381,2,757,"H3","910519",5,178,123,37176,0
2008,381,1,826,"H3","910519",5,6565,2773,25992,4
2008,381,2,826,"H3","910519",5,10222,379,120566,4
2008,381,2,826,"H3","910121",5,660,278,5465854,4
2008,381,1,826,"H3","910121",5,3,0,20540,4
2008,381,2,826,"H3","903290",8,62544,62544,7415311,0
2008,381,1,826,"H3","903290",8,17614,17614,2465213,0
2008,381,2,826,"H3","903289",1,,71197,15672944,0
2008,381,1,826,"H3","903289",1,,255587,29559117,0
2008,381,2,826,"H3","903220",5,144064,98437,3081482,4
2008,381,1,826,"H3","903220",5,27678,26883,708726,4
2008,381,2,826,"H3","9028",1,,182870,4174435,4
2008,381,1,826,"H3","9028",1,,119715,1506369,4
2008,381,2,826,"H3","902511",5,27124,1870,87169,4
2008,381,2,826,"H3","910299",5,1294,7476,3699135,4
2008,381,1,826,"H3","910299",5,10500,718,133427,4
2008,381,2,826,"H3","910221",5,3281,463,2958302,4
2008,381,1,826,"H3","910221",5,448,7,54242,4
2008,381,2,826,"H3","903090",8,495,495,139429,0
2008,381,1,826,"H3","903090",8,2116,2116,693546,0
2008,381,2,826,"H3","903031",1,,315,54388,0
2008,381,1,826,"H3","903031",1,,1581,250728,0
2008,381,2,826,"H3","902810",5,336,306,20665,4
2008,381,1,826,"H3","902810",5,116,792,27087,4
2008,381,2,757,"H3","902810",5,4,28,1496,0
2008,381,1,757,"H3","902810",5,290,290,83564,0
2008,381,2,826,"H3","902690",8,24217,24217,2145910,0
2008,381,1,826,"H3","902690",8,16178,16178,3316430,0
2008,381,2,826,"H3","9023",8,2154,2154,236299,0
2008,381,1,826,"H3","9023",8,8980,8980,633633,0
2008,381,2,826,"H3","902290",8,23675,23675,1198163,0
2008,381,1,826,"H3","902290",8,33928,33928,7462360,0
2008,381,2,826,"H3","902710",5,477660,29889,3420696,4
2008,381,1,826,"H3","902710",5,109542,66582,17585366,4
2008,381,1,826,"H3","910191",5,2,2,109,4
2008,381,2,757,"H3","910191",5,1,,5105,0
2008,381,2,826,"H3","903149",1,,15017,925861,4
2008,381,1,826,"H3","903149",1,,46841,13586074,4
2008,381,2,826,"H3","902830",5,2470,3726,185230,4
2008,381,2,826,"H3","902910",1,,5746,3270957,0
2008,381,1,826,"H3","902910",1,,21185,4114101,0
2008,381,2,826,"H3","902300",8,2154,2154,236299,0
2008,381,1,757,"H3","910521",5,483,1578,440860,0
2008,381,2,757,"H3","910521",5,856,922,475540,0
2008,381,1,826,"H3","910521",5,2633,5331,40747,4
2008,381,2,826,"H3","910521",5,1153,419,16676,4
2008,381,1,757,"H3","910529",5,17,80,7262,0
2008,381,2,757,"H3","910529",5,378,4602,1045489,0
2008,381,1,826,"H3","910529",5,713,3022,12359,4
2008,381,2,826,"H3","910529",5,2936,3462,183208,4
2008,381,1,757,"H3","910591",5,142,102,163442,0
2008,381,2,757,"H3","910591",5,1072,289,49227,0
2008,381,1,826,"H3","910591",5,419,1082,12000,4
2008,381,2,826,"H3","910591",5,132,66,2696,4
2008,381,1,757,"H3","910599",5,413,305,1318917,0
2008,381,2,757,"H3","910599",5,2924,2836,1412197,0
2008,381,1,826,"H3","910599",5,2767,16929,205336,4
2008,381,2,826,"H3","910599",5,161,153,15441,4
2008,381,1,757,"H3","9106",5,2326,753,270693,0
2008,381,2,757,"H3","9106",5,20014,2936,555674,0
2008,381,1,826,"H3","9106",5,12851,13183,303706,4
2008,381,2,826,"H3","9106",5,18709,2151,177237,4
2008,381,1,757,"H3","910610",5,60,2,4343,0
2008,381,2,757,"H3","910610",5,166,266,103552,0
2008,381,1,826,"H3","910610",5,504,662,46980,4
2008,381,2,826,"H3","910610",5,114,45,19097,4
2008,381,1,757,"H3","910690",5,2266,751,266349,0
2008,381,2,757,"H3","910690",5,19848,2670,452122,0
2008,381,1,826,"H3","910690",5,12347,12521,256726,4
2008,381,2,826,"H3","910690",5,18595,2106,158140,4
2008,381,1,757,"H3","9107",5,12841,3496,310939,0
2008,381,2,757,"H3","9107",5,19577,3066,441802,0
2008,381,1,826,"H3","9107",5,97503,,1092511,0
2008,381,1,757,"H3","910700",5,12841,3496,310939,0
2008,381,2,757,"H3","910700",5,19577,3066,441802,0
2008,381,1,826,"H3","910700",5,97503,,1092511,0
2008,381,2,826,"H3","910700",5,938732,68409,5976424,4
2008,381,1,757,"H3","9108",5,156871,2241,8073632,0
2008,381,2,757,"H3","9108",5,21108,318,2919697,0
2008,381,1,826,"H3","9108",5,737,2,891,4
2008,381,2,826,"H3","9108",5,7,0,2202,4
2008,381,1,757,"H3","910811",5,95986,1180,2202803,0
2008,381,2,757,"H3","910811",5,9074,121,786187,0
2008,381,2,826,"H3","910811",5,6,0,2173,4
2008,381,1,757,"H3","910812",5,3329,41,85197,0
2008,381,2,757,"H3","910812",5,1714,13,44770,0
2008,381,2,826,"H3","910812",5,1,0,29,4
2008,381,1,757,"H3","910819",5,3249,227,253603,0
2008,381,1,826,"H3","910819",5,737,2,891,4
2008,381,1,757,"H3","910820",5,49874,756,5208151,0
2008,381,2,757,"H3","910820",5,10266,183,2018845,0
2008,381,1,757,"H3","9109",5,27431,503,582308,0
2008,381,2,757,"H3","9109",5,2680,156,179105,0
2008,381,1,826,"H3","9109",5,92,35,1835,4
2008,381,2,826,"H3","9109",5,7726,2043,248740,4
2008,381,1,757,"H3","910919",5,7013,289,379589,0
2008,381,2,757,"H3","910919",5,2033,50,44713,0
2008,381,2,826,"H3","910919",5,1343,112,32629,4
2008,381,1,757,"H3","910990",5,20418,214,202719,0
2008,381,2,757,"H3","910990",5,647,106,134392,0
2008,381,2,826,"H3","910990",5,6353,1888,206888,4
2008,381,1,757,"H3","9110",1,,122,422810,0
2008,381,2,757,"H3","9110",1,,405,133476,0
2008,381,1,826,"H3","9110",1,,166,25089,4
2008,381,2,826,"H3","9110",1,,4,10530,4
2008,381,1,757,"H3","911011",5,5631,70,94553,0
2008,381,2,757,"H3","911011",5,382,7,46222,0
2008,381,1,826,"H3","911011",5,2,0,170,4
2008,381,2,826,"H3","911011",5,1,2,69,4
2008,381,1,757,"H3","911090",8,52,52,328257,0
2008,381,2,757,"H3","911090",8,398,398,87254,0
2008,381,1,826,"H3","911090",8,166,166,24918,0
2008,381,1,757,"H3","9111",1,,13431,30263468,0
2008,381,2,757,"H3","9111",1,,20988,179221697,0
2008,381,1,826,"H3","9111",1,,551,81317,4
2008,381,2,826,"H3","9111",1,,81,1224087,4
2008,381,1,757,"H3","911110",5,7770,261,7353587,0
2008,381,2,757,"H3","911110",5,165065,3943,97711374,0
2008,381,1,826,"H3","911110",5,60,0,386,4
2008,381,2,826,"H3","911110",5,6425,49,1203273,4
2008,381,1,757,"H3","911180",5,7252,148,27156,0
2008,381,2,757,"H3","911180",5,244,36,77137,0
2008,381,1,757,"H3","911190",8,11693,11693,21411157,0
2008,381,2,757,"H3","911190",8,6532,6532,65984314,0
2008,381,1,826,"H3","911190",8,551,551,80931,0
2008,381,2,826,"H3","911190",8,20,20,2794,0
2008,381,1,757,"H3","911290",8,171,171,272703,0
2008,381,2,757,"H3","911290",8,132,132,116612,0
2008,381,1,757,"H3","9113",8,3055,3055,19285695,0
2008,381,2,757,"H3","9113",8,31299,31299,138226710,0
2008,381,1,826,"H3","9113",8,129,129,29285,0
2008,381,2,826,"H3","9113",8,1261,1261,942296,0
2008,381,1,757,"H3","911310",8,435,435,13194956,0
2008,381,2,757,"H3","911310",8,4609,4609,107889116,0
2008,381,1,826,"H3","911310",8,120,120,28886,0
2008,381,2,826,"H3","911310",8,24,24,224230,0
2008,381,1,757,"H3","911320",8,1036,1036,2385521,0
2008,381,2,757,"H3","911320",8,2231,2231,7225742,0
2008,381,2,826,"H3","911320",8,179,179,127042,0
2008,381,1,757,"H3","911390",8,1584,1584,3705218,0
2008,381,2,757,"H3","911390",8,24459,24459,23111852,0
2008,381,1,826,"H3","911390",8,9,9,399,0
2008,381,2,826,"H3","911390",8,1058,1058,591024,0
2008,381,1,757,"H3","9114",8,4570,4570,13192215,0
2008,381,2,757,"H3","9114",8,2904,2904,4162152,0
2008,381,1,826,"H3","9114",8,63,63,91560,0
2008,381,2,826,"H3","9114",8,729,729,397657,0
2008,381,1,757,"H3","911410",8,23,23,15215,0
2008,381,1,826,"H3","911410",8,2,2,192,0
2008,381,2,826,"H3","911410",8,7,7,816,0
2008,381,1,757,"H3","911420",8,133,133,336193,0
2008,381,2,757,"H3","911420",8,46,46,170379,0
2008,381,2,826,"H3","911420",8,4,4,1480,0
2008,381,1,757,"H3","911430",8,96,96,979169,0
2008,381,2,757,"H3","911430",8,43,43,182978,0
2008,381,1,826,"H3","911430",8,4,4,1852,0
2008,381,2,826,"H3","911430",8,227,227,29320,0
2008,381,1,757,"H3","911490",8,4318,4318,11861638,0
2008,381,2,826,"H3","9112",1,,55,6288,4
2008,381,1,826,"H3","9112",1,,36,630,4
2008,381,2,757,"H3","9112",1,,457,212584,0
2008,381,1,757,"H3","9112",1,,333,550575,0
2008,381,2,826,"H3","911220",5,474,55,6288,4
2008,381,1,826,"H3","911220",5,25,36,630,4
2008,381,2,757,"H3","911220",5,3518,325,95972,0
2008,381,1,757,"H3","911220",5,1123,162,277873,0
2008,381,2,826,"H3","911120",5,648,12,18021,4
2008,381,2,757,"H3","911120",5,1159099,10477,15448873,0
2008,381,1,757,"H3","911120",5,63566,1329,1471567,0
2008,381,2,826,"H3","911012",8,2,2,10461,0
2008,381,2,826,"H3","910911",5,30,43,9223,4
2008,381,1,826,"H3","910911",5,92,35,1835,4
2008,381,2,757,"H3","910890",5,54,1,69895,0
2008,381,1,757,"H3","910890",5,4433,37,323879,0
2008,381,2,826,"H3","9107",5,938732,68409,5976424,4
2008,381,2,757,"H3","911490",8,2815,2815,3808795,0
2008,381,1,826,"H3","911490",8,57,57,89516,0
2008,381,2,826,"H3","911490",8,491,491,366041,0
2008,381,1,757,"H3","92",1,,,2195214,0
2008,381,2,757,"H3","92",1,,,6148913,0
2008,381,1,826,"H3","92",1,,,2794039,0
2008,381,2,826,"H3","92",1,,,9058954,0
2008,381,1,757,"H3","9201",1,,31191,165537,0
2008,381,2,757,"H3","9201",1,,13555,777040,0
2008,381,1,826,"H3","9201",1,,6380,72560,4
2008,381,2,826,"H3","9201",1,,2589,259570,4
2008,381,1,757,"H3","920110",5,128,25826,81345,0
2008,381,2,757,"H3","920110",5,24,5285,77100,0
2008,381,1,826,"H3","920110",5,8,4347,30752,4
2008,381,1,757,"H3","920120",5,19,5235,81353,0
2008,381,2,757,"H3","920120",5,23,8203,687692,0
2008,381,1,826,"H3","920120",5,3,2034,41808,4
2008,381,2,826,"H3","920120",5,5,2589,259570,4
2008,381,1,757,"H3","920190",1,,130,2840,0
2008,381,2,757,"H3","920190",5,9,67,12248,2
2008,381,1,757,"H3","9202",5,9,47,4713,0
2008,381,2,757,"H3","9202",5,607,4036,629920,0
2008,381,1,826,"H3","9202",5,1627,3948,70769,4
2008,381,2,826,"H3","9202",5,15673,9531,1419658,4
2008,381,2,757,"H3","920210",5,90,453,51788,0
2008,381,1,826,"H3","920210",5,122,1206,21798,4
2008,381,1,757,"H3","920290",5,9,47,4713,0
2008,381,2,757,"H3","920290",5,517,3583,578132,0
2008,381,1,826,"H3","920290",5,1505,2742,48971,4
2008,381,2,826,"H3","920290",5,15673,9531,1419658,4
2008,381,1,757,"H3","9205",1,,15480,927910,0
2008,381,2,757,"H3","9205",1,,33447,1815602,0
2008,381,1,826,"H3","9205",1,,5679,278602,4
2008,381,2,826,"H3","9205",1,,8068,833607,4
2008,381,1,757,"H3","920510",5,74,36,23675,0
2008,381,2,757,"H3","920510",5,172,1036,311634,0
2008,381,1,826,"H3","920510",5,313,5139,210611,4
2008,381,2,826,"H3","920510",5,1,42,10351,4
2008,381,1,757,"H3","920590",1,,15444,904236,0
2008,381,2,757,"H3","920590",5,2048,32411,1503968,2
2008,381,1,826,"H3","920590",1,,540,67991,0
2008,381,2,826,"H3","920590",5,1098,8026,823256,6
2008,381,1,757,"H3","9206",1,,6107,352293,0
2008,381,2,757,"H3","9206",1,,861,34203,0
2008,381,1,826,"H3","9206",1,,2251,48654,0
2008,381,2,826,"H3","9206",1,,3876,100234,0
2008,381,1,757,"H3","920600",5,6310,6107,352293,2
2008,381,2,757,"H3","920600",1,,861,34203,0
2008,381,1,826,"H3","920600",5,871,2251,48654,2
2008,381,2,826,"H3","920600",1,,3876,100234,0
2008,381,1,757,"H3","9207",5,82,452,19577,2
2008,381,2,757,"H3","9207",5,4976,66227,2207413,2
2008,381,1,826,"H3","9207",5,1715,14603,414894,6
2008,381,2,826,"H3","9207",5,9541,108369,4702805,6
2008,381,1,757,"H3","920710",5,31,190,3217,0
2008,381,2,757,"H3","920710",5,2181,38643,1543219,2
2008,381,1,826,"H3","920710",5,445,6944,190704,6
2008,381,2,826,"H3","920710",5,8774,106254,4491429,6
2008,381,1,757,"H3","920790",5,51,262,16360,2
2008,381,2,757,"H3","920790",5,2796,27584,664194,2
2008,381,1,826,"H3","920790",5,1270,7659,224190,6
2008,381,2,826,"H3","920790",5,767,2116,211376,6
2008,381,1,757,"H3","9208",1,,1051,331195,0
2008,381,2,757,"H3","9208",1,,977,54694,0
2008,381,1,826,"H3","9208",1,,1851,21437,0
2008,381,2,826,"H3","9208",1,,295,11769,0
2008,381,1,757,"H3","920810",5,45979,1028,301011,2
2008,381,2,757,"H3","920810",1,,666,46740,0
2008,381,1,826,"H3","920810",5,980,1278,6416,2
2008,381,2,826,"H3","920810",1,,82,9913,0
2008,381,1,757,"H3","920890",1,,23,30184,0
2008,381,2,757,"H3","920890",1,,311,7953,0
2008,381,1,826,"H3","920890",1,,573,15021,0
2008,381,2,826,"H3","920890",1,,213,1856,0
2008,381,1,757,"H3","9209",8,5853,5853,393987,0
2008,381,2,757,"H3","9209",8,21525,21525,630042,0
2008,381,1,826,"H3","9209",8,32598,32598,1085117,0
2008,381,2,826,"H3","9209",8,92898,92898,1391115,0
2008,381,1,757,"H3","920930",8,1,1,1841,0
2008,381,2,757,"H3","920930",8,29,29,11768,0
2008,381,1,826,"H3","920930",8,1543,1543,472738,0
2008,381,2,826,"H3","920930",8,163,163,13045,0
2008,381,2,757,"H3","920991",8,160,160,2988,0
2008,381,1,826,"H3","920991",8,90,90,12370,0
2008,381,2,826,"H3","920991",8,1213,1213,26564,0
2008,381,1,757,"H3","920992",8,54,54,13784,0
2008,381,2,757,"H3","920992",8,197,197,51079,0
2008,381,1,826,"H3","920992",8,543,543,29354,0
2008,381,2,826,"H3","920992",8,5303,5303,168986,0
2008,381,1,757,"H3","920994",8,5592,5592,298648,0
2008,381,2,757,"H3","920994",8,12121,12121,156973,0
2008,381,1,826,"H3","920994",8,22334,22334,326924,0
2008,381,2,826,"H3","920994",8,80735,80735,898067,0
2008,381,1,757,"H3","920999",8,206,206,79714,0
2008,381,2,757,"H3","920999",8,9018,9018,407234,0
2008,381,1,826,"H3","920999",8,8088,8088,243730,0
2008,381,2,826,"H3","920999",8,5484,5484,284453,0
2008,381,1,757,"H3","93",1,,,874470,0
2008,381,2,757,"H3","93",1,,,3438492,0
2008,381,1,826,"H3","93",1,,,2542838,0
2008,381,2,826,"H3","93",1,,,92954360,0
2008,381,1,757,"H3","9302",5,264,317,83532,0
2008,381,2,757,"H3","9302",5,617,635,395496,0
2008,381,1,826,"H3","9302",5,1,0,56,4
2008,381,2,826,"H3","9302",5,180,224,79086,4
2008,381,1,757,"H3","930200",5,264,317,83532,0
2008,381,2,757,"H3","930200",5,617,635,395496,0
2008,381,1,826,"H3","930200",5,1,0,56,4
2008,381,2,826,"H3","930200",5,180,224,79086,4
2008,381,1,757,"H3","9303",5,277,1629,281471,0
2008,381,2,757,"H3","9303",5,657,2210,1561106,0
2008,381,1,826,"H3","9303",5,434,2027,296016,4
2008,381,2,826,"H3","9303",5,23242,156240,33474774,4
2008,381,2,757,"H3","930310",5,13,29,7573,0
2008,381,2,826,"H3","930310",5,177,776,73172,4
2008,381,1,757,"H3","930320",5,9,38,109497,0
2008,381,2,757,"H3","930320",5,547,1906,1422849,0
2008,381,1,826,"H3","930320",5,10,347,48841,4
2008,381,2,826,"H3","930320",5,15833,137639,30534501,4
2008,381,1,757,"H3","930330",5,259,1551,164634,0
2008,381,2,757,"H3","930330",5,97,275,130685,0
2008,381,1,826,"H3","930330",5,37,631,65636,4
2008,381,2,826,"H3","930330",5,282,14056,2684249,4
2008,381,1,757,"H3","930390",5,9,40,7340,0
2008,381,1,826,"H3","930390",5,387,1050,181539,4
2008,381,2,826,"H3","930390",5,6950,3768,182852,4
2008,381,1,757,"H3","9304",1,,113,37964,0
2008,381,2,757,"H3","9304",1,,49,40242,0
2008,381,1,826,"H3","9304",1,,8575,518795,0
2008,381,2,826,"H3","9304",1,,45,2345,0
2008,381,1,757,"H3","930400",1,,113,37964,0
2008,381,2,757,"H3","930400",5,1754,49,40242,2
2008,381,1,826,"H3","930400",1,,8575,518795,0
2008,381,2,826,"H3","930400",5,102,45,2345,2
2008,381,1,757,"H3","9305",8,1459,1459,414228,0
2008,381,2,757,"H3","9305",8,19176,19176,646261,0
2008,381,1,826,"H3","9305",8,734,734,252904,0
2008,381,2,826,"H3","9305",8,21489,21489,2526272,6
2008,381,1,757,"H3","930510",8,16,16,80777,0
2008,381,2,757,"H3","930510",8,414,414,214345,0
2008,381,1,826,"H3","930510",8,168,168,62435,0
2008,381,2,826,"H3","930510",8,1272,1272,415511,0
2008,381,2,757,"H3","930521",8,6,6,5390,0
2008,381,2,826,"H3","930521",8,925,925,342233,6
2008,381,1,757,"H3","930529",8,673,673,267812,0
2008,381,2,757,"H3","930529",8,18597,18597,343175,0
2008,381,1,826,"H3","930529",8,325,325,21656,0
2008,381,2,826,"H3","930529",8,19261,19261,1765815,0
2008,381,1,757,"H3","930599",8,770,770,65639,0
2008,381,2,757,"H3","930599",8,159,159,83351,0
2008,381,1,826,"H3","930599",8,241,241,168813,0
2008,381,2,826,"H3","930599",8,31,31,2713,0
2008,381,1,757,"H3","9306",8,833,833,57275,0
2008,381,2,757,"H3","9306",8,142263,142263,795386,0
2008,381,1,826,"H3","9306",8,257013,257013,995489,6
2008,381,2,826,"H3","9306",8,2048397,2048397,56019889,6
2008,381,2,757,"H3","930621",8,133863,133863,724701,0
2008,381,1,826,"H3","930621",8,21463,21463,131612,6
2008,381,2,826,"H3","930621",8,1054237,1054237,5823234,6
2008,381,2,757,"H3","930629",8,299,299,2376,0
2008,381,1,826,"H3","930629",8,149240,149240,479521,0
2008,381,2,826,"H3","930629",8,675963,675963,3350053,6
2008,381,1,757,"H3","930630",8,833,833,57275,0
2008,381,2,757,"H3","930630",8,8101,8101,68310,0
2008,381,1,826,"H3","930630",8,86205,86205,323018,6
2008,381,2,826,"H3","930630",8,2600,2600,98263,6
2008,381,1,826,"H3","930690",8,105,105,61337,0
2008,381,2,826,"H3","930690",8,315597,315597,46748339,0
2008,381,1,826,"H3","9307",8,2571,2571,76961,0
2008,381,2,826,"H3","9307",8,2,2,94,0
2008,381,1,826,"H3","930700",8,2571,2571,76961,0
2008,381,2,826,"H3","930700",8,2,2,94,0
2008,381,1,757,"H3","94",1,,,134773448,0
2008,381,2,757,"H3","94",1,,,679117389,0
2008,381,1,826,"H3","94",1,,,52569645,0
2008,381,2,826,"H3","94",1,,,1585761583,0
2008,381,1,757,"H3","9401",1,,177570,3948855,0
2008,381,2,757,"H3","9401",1,,8128847,127926122,0
2008,381,1,826,"H3","9401",1,,1352201,16192147,0
2008,381,2,826,"H3","9401",1,,44591165,463551871,0
2008,381,1,757,"H3","940110",5,14,280,97201,2
2008,381,2,757,"H3","940110",5,4069,39817,628551,2
2008,381,1,826,"H3","940110",5,75,1402,512938,2
2008,381,2,826,"H3","940110",5,777,858,120076,2
2008,381,1,757,"H3","940120",5,663,3288,87967,2
2008,381,2,757,"H3","940120",5,13213,142372,1534671,2
2008,381,1,826,"H3","940120",5,39218,448755,5204299,2
2008,381,2,826,"H3","940120",5,24835,193037,2884601,2
2008,381,1,757,"H3","940130",1,,46808,677328,0
2008,381,2,757,"H3","940130",1,,403861,4293435,0
2008,381,1,826,"H3","940130",1,,281580,4206310,0
2008,381,2,826,"H3","940130",1,,2726529,21013719,0
2008,381,1,757,"H3","940140",1,,200,2305,0
2008,381,2,757,"H3","940140",1,,127638,1179125,0
2008,381,1,826,"H3","940140",1,,22609,198659,0
2008,381,2,826,"H3","940140",1,,242432,2794203,0
2008,381,1,757,"H3","940151",5,116,210,6860,2
2008,381,2,757,"H3","940151",1,,3965,110162,0
2008,381,2,826,"H3","940151",1,,10249,228411,0
2008,381,2,757,"H3","940159",1,,9315,160416,0
2008,381,1,826,"H3","940159",5,53,449,3564,2
2008,381,2,826,"H3","940159",1,,2958,63917,0
2008,381,1,757,"H3","940161",5,7193,43091,1141357,2
2008,381,2,757,"H3","940161",5,335242,2319880,53404208,2
2008,381,1,826,"H3","940161",5,5875,285596,932264,2
2008,381,2,826,"H3","940161",5,2011970,27994897,320508008,2
2008,381,1,757,"H3","940169",5,11019,20368,559729,2
2008,381,2,757,"H3","940169",5,388617,920852,12538266,2
2008,381,1,826,"H3","940169",5,3876,19833,196878,2
2008,381,2,826,"H3","940169",5,218697,733225,7055986,2
2008,381,1,757,"H3","940171",1,,23531,712423,0
2008,381,2,757,"H3","940171",1,,852667,13438206,0
2008,381,1,826,"H3","940171",1,,45185,529032,0
2008,381,2,826,"H3","940171",1,,2500564,38251414,0
2008,381,1,757,"H3","940179",1,,9160,223789,0
2008,381,2,757,"H3","940179",1,,969739,8775743,0
2008,381,1,826,"H3","940179",1,,28251,429733,0
2008,381,2,826,"H3","940179",1,,1572048,15992091,0
2008,381,1,757,"H3","940180",1,,2470,75172,0
2008,381,2,757,"H3","940180",1,,1330854,21377812,0
2008,381,1,826,"H3","940180",1,,57334,714172,0
2008,381,2,826,"H3","940180",1,,1143538,10332028,0
2008,381,1,757,"H3","940190",8,28164,28164,364724,0
2008,381,2,757,"H3","940190",8,1007887,1007887,10485526,0
2008,381,1,826,"H3","940190",8,161207,161207,3264298,0
2008,381,2,826,"H3","940190",8,7470830,7470830,44307417,0
2008,381,1,757,"H3","9402",8,14762,14762,6266785,0
2008,381,2,757,"H3","9402",8,136675,136675,3987396,0
2008,381,1,826,"H3","9402",8,52355,52355,2321114,0
2008,381,2,826,"H3","9402",8,381568,381568,7184220,0
2008,381,1,757,"H3","940210",8,1722,1722,105803,0
2008,381,2,757,"H3","940210",8,51796,51796,1457855,0
2008,381,1,826,"H3","940210",8,5487,5487,112688,0
2008,381,2,826,"H3","940210",8,270200,270200,4855692,0
2008,381,1,757,"H3","940290",8,13040,13040,6160982,0
2008,381,2,757,"H3","940290",8,84879,84879,2529541,0
2008,381,1,826,"H3","940290",8,46868,46868,2208427,0
2008,381,2,826,"H3","940290",8,111368,111368,2328528,0
2008,381,1,757,"H3","9403",1,,38509197,94085081,0
2008,381,2,757,"H3","9403",1,,65096276,428088520,0
2008,381,1,826,"H3","9403",1,,2081935,15399104,0
2008,381,2,826,"H3","9403",1,,216192581,934290751,0
2008,381,1,757,"H3","940310",8,36451,36451,308608,0
2008,381,2,757,"H3","940310",8,1871082,1871082,10762551,0
2008,381,1,826,"H3","940310",8,1047962,1047962,5052180,0
2008,381,2,826,"H3","940310",8,2542281,2542281,23950041,0
2008,381,1,757,"H3","940320",8,184847,184847,1831205,0
2008,381,2,757,"H3","940320",8,3893657,3893657,24858272,0
2008,381,1,826,"H3","940320",8,74751,74751,997399,0
2008,381,2,826,"H3","940320",8,4011263,4011263,26378987,0
2008,381,1,757,"H3","940330",1,,116310,578690,0
2008,381,2,757,"H3","940330",5,542120,2307959,22202232,2
2008,381,1,826,"H3","940330",1,,98354,1015306,0
2008,381,2,826,"H3","940330",5,811591,2968638,33238267,2
2008,381,1,757,"H3","940340",1,,125187,747834,0
2008,381,2,757,"H3","940340",5,851131,4129564,39158182,2
2008,381,1,826,"H3","940340",1,,7649,135923,0
2008,381,2,826,"H3","940340",5,1138683,5541963,52387665,2
2008,381,1,757,"H3","940350",5,32795,1473355,4755581,2
2008,381,2,757,"H3","940350",5,456372,11390141,32490344,2
2008,381,1,826,"H3","940350",5,3180,40842,461084,2
2008,381,2,826,"H3","940350",5,441855,4991192,31456823,2
2008,381,1,757,"H3","940360",5,442539,28245336,56686064,2
2008,381,2,757,"H3","940360",5,3823267,27969946,234843095,2
2008,381,1,826,"H3","940360",5,33074,416413,4236592,2
2008,381,2,826,"H3","940360",5,2076097,23640329,127523686,2
2008,381,1,757,"H3","940370",8,42012,42012,562520,0
2008,381,2,757,"H3","940370",8,786190,786190,4801533,0
2008,381,1,826,"H3","940370",8,110582,110582,665227,0
2008,381,2,826,"H3","940370",8,1851919,1851919,9181599,0
2008,381,1,757,"H3","940381",8,266,266,6067,0
2008,381,2,757,"H3","940381",8,31701,31701,721631,0
2008,381,1,826,"H3","940381",8,14498,14498,116210,0
2008,381,2,826,"H3","940381",8,69435,69435,1138983,0
2008,381,1,757,"H3","940389",8,38967,38967,133333,0
2008,381,2,757,"H3","940389",8,1587021,1587021,18664418,0
2008,381,1,826,"H3","940389",8,18538,18538,795658,0
2008,381,2,826,"H3","940389",8,823248,823248,11434989,0
2008,381,1,757,"H3","940390",8,8246466,8246466,28475178,0
2008,381,2,757,"H3","940390",8,11129015,11129015,39586261,0
2008,381,1,826,"H3","940390",8,252346,252346,1923524,0
2008,381,2,826,"H3","940390",8,169752313,169752313,617599712,0
2008,381,1,757,"H3","9404",1,,115426,2084862,0
2008,381,2,757,"H3","9404",1,,1510690,16535587,0
2008,381,1,826,"H3","9404",1,,251661,1889722,4
2008,381,2,826,"H3","9404",1,,695594,9459988,4
2008,381,1,757,"H3","940410",8,4564,4564,147615,0
2008,381,2,757,"H3","940410",8,33115,33115,476801,0
2008,381,1,826,"H3","940410",8,1001,1001,4138,0
2008,381,2,826,"H3","940410",8,59909,59909,760768,0
2008,381,1,757,"H3","940421",5,5878,48356,468941,2
2008,381,2,757,"H3","940421",5,105747,507785,5044986,2
2008,381,1,826,"H3","940421",5,447,4081,35653,2
2008,381,2,826,"H3","940421",5,58130,267209,2773244,2
2008,381,1,757,"H3","940429",5,3265,11087,305375,2
2008,381,2,757,"H3","940429",1,,401884,4390101,0
2008,381,1,826,"H3","940429",5,3947,19303,369141,2
2008,381,2,826,"H3","940429",1,,135326,1493406,0
2008,381,2,757,"H3","940430",5,4547,5759,185296,0
2008,381,1,826,"H3","940430",5,212,2827,22775,4
2008,381,2,826,"H3","940430",5,73,206,4118,4
2008,381,1,757,"H3","940490",8,51419,51419,1162931,0
2008,381,2,757,"H3","940490",8,562147,562147,6438403,0
2008,381,1,826,"H3","940490",8,224449,224449,1458016,0
2008,381,2,826,"H3","940490",8,232944,232944,4428452,0
2008,381,1,757,"H3","9405",8,175511,175511,7723506,0
2008,381,2,757,"H3","9405",8,2131339,2131339,71887088,0
2008,381,1,826,"H3","9405",8,514554,514554,12381071,0
2008,381,2,826,"H3","9405",8,5184209,5184209,124555015,0
2008,381,1,757,"H3","940510",8,144028,144028,5993871,0
2008,381,2,757,"H3","940510",8,934717,934717,32031271,0
2008,381,1,826,"H3","940510",8,30566,30566,1137651,0
2008,381,2,826,"H3","940510",8,1950592,1950592,59557078,0
2008,381,1,757,"H3","940520",8,16065,16065,731273,0
2008,381,2,757,"H3","940520",8,241381,241381,10098642,0
2008,381,1,826,"H3","940520",8,27161,27161,572575,0
2008,381,2,826,"H3","940520",8,289346,289346,8768134,0
2008,381,2,757,"H3","940530",8,484,484,8128,0
2008,381,1,826,"H3","940530",8,80,80,1166,0
2008,381,2,826,"H3","940530",8,10,10,260,0
2008,381,1,757,"H3","940540",8,3721,3721,470910,0
2008,381,2,757,"H3","940540",8,468727,468727,18222595,0
2008,381,1,826,"H3","940540",8,189010,189010,5612050,0
2008,381,2,826,"H3","940540",8,2350811,2350811,43482625,0
2008,381,1,757,"H3","940550",8,154,154,2000,0
2008,381,2,757,"H3","940550",8,5179,5179,211046,0
2008,381,1,826,"H3","940550",8,9146,9146,89475,0
2008,381,2,826,"H3","940550",8,14084,14084,213840,0
2008,381,1,757,"H3","940560",8,3939,3939,231204,0
2008,381,2,757,"H3","940560",8,132264,132264,3772194,0
2008,381,1,826,"H3","940560",8,25886,25886,470516,0
2008,381,2,826,"H3","940560",8,21464,21464,2296032,0
2008,381,1,757,"H3","940591",8,168,168,11680,0
2008,381,2,757,"H3","940591",8,68589,68589,1312450,0
2008,381,1,826,"H3","940591",8,188061,188061,1611022,0
2008,381,2,826,"H3","940591",8,69305,69305,872247,0
2008,381,1,757,"H3","940592",8,183,183,13825,0
2008,381,2,757,"H3","940592",8,31867,31867,939364,0
2008,381,1,826,"H3","940592",8,7507,7507,75362,0
2008,381,2,826,"H3","940592",8,135803,135803,2078199,0
2008,381,1,757,"H3","940599",8,7253,7253,268743,0
2008,381,2,757,"H3","940599",8,248131,248131,5291398,0
2008,381,1,826,"H3","940599",8,37137,37137,2811254,0
2008,381,2,826,"H3","940599",8,352794,352794,7286601,0
2008,381,1,757,"H3","9406",1,,1298301,20664358,0
2008,381,2,757,"H3","9406",1,,18137721,30692675,0
2008,381,1,826,"H3","9406",1,,162,102756,0
2008,381,2,826,"H3","9406",1,,2735371,14862742,0
2008,381,1,757,"H3","940600",1,,1298301,20664358,0
2008,381,2,757,"H3","940600",1,,18137721,30692675,0
2008,381,1,826,"H3","940600",1,,162,102756,0
2008,381,2,826,"H3","940600",1,,2735371,14862742,0
2008,381,1,757,"H3","95",1,,,4654518,0
2008,381,2,757,"H3","95",1,,,43739354,0
2008,381,1,826,"H3","95",1,,,156601636,0
2008,381,2,826,"H3","95",1,,,112112210,0
2008,381,1,757,"H3","9503",8,38274,38274,1130421,0
2008,381,2,757,"H3","9503",8,730680,730680,8351331,0
2008,381,1,826,"H3","9503",8,1326946,1326946,22826142,0
2008,381,2,826,"H3","9503",8,1349493,1349493,15600544,0
2008,381,1,757,"H3","950300",8,38274,38274,1130421,0
2008,381,2,757,"H3","950300",8,730680,730680,8351331,0
2008,381,1,826,"H3","950300",8,1326946,1326946,22826142,0
2008,381,2,826,"H3","950300",8,1349493,1349493,15600544,0
2008,381,1,757,"H3","9504",1,,4897,35844,0
2008,381,2,757,"H3","9504",1,,351193,5383143,0
2008,381,1,826,"H3","9504",1,,2264543,102278960,4
2008,381,2,826,"H3","9504",1,,303722,10814119,4
2008,381,1,757,"H3","950410",8,47,47,3712,0
2008,381,2,757,"H3","950410",8,20830,20830,1400063,0
2008,381,1,826,"H3","950410",8,1061443,1061443,69059301,0
2008,381,2,826,"H3","950410",8,78567,78567,7223562,0
2008,381,1,757,"H3","950420",8,3900,3900,4860,0
2008,381,2,757,"H3","950420",8,72972,72972,647135,0
2008,381,1,826,"H3","950420",8,7036,7036,1046561,0
2008,381,2,826,"H3","950420",8,5678,5678,133896,0
2008,381,1,757,"H3","950430",5,9,742,3113,0
2008,381,2,757,"H3","950430",5,6056,183081,1844352,2
2008,381,1,826,"H3","950430",5,37901,580959,14613468,6
2008,381,2,826,"H3","950430",5,6088,189215,2540522,6
2008,381,1,757,"H3","950440",10,3529,45,3154,2
2008,381,2,757,"H3","950440",10,209706,20615,339838,2
2008,381,1,826,"H3","950440",10,62473,2333,55841,2
2008,381,2,826,"H3","950440",10,159630,12938,258687,2
2008,381,1,757,"H3","950490",1,,163,21005,0
2008,381,2,757,"H3","950490",1,,53695,1151755,0
2008,381,1,826,"H3","950490",1,,612772,17503790,0
2008,381,2,826,"H3","950490",1,,17324,657452,0
2008,381,1,757,"H3","9505",8,1149,1149,40433,0
2008,381,2,757,"H3","9505",8,456960,456960,2128282,0
2008,381,1,826,"H3","9505",8,63456,63456,1267951,0
2008,381,2,826,"H3","9505",8,67922,67922,1742181,0
2008,381,1,757,"H3","950510",8,4,4,1496,0
2008,381,2,757,"H3","950510",8,36147,36147,638907,0
2008,381,1,826,"H3","950510",8,13000,13000,296764,0
2008,381,2,826,"H3","950510",8,10050,10050,189658,0
2008,381,1,757,"H3","950590",8,1145,1145,38936,0
2008,381,2,757,"H3","950590",8,420813,420813,1489376,0
2008,381,1,826,"H3","950590",8,50456,50456,971187,0
2008,381,2,826,"H3","950590",8,57872,57872,1552523,0
2008,381,1,757,"H3","9506",1,,52684,2339283,0
2008,381,2,757,"H3","9506",1,,1566061,25680825,0
2008,381,1,826,"H3","9506",1,,801360,19977632,4
2008,381,2,826,"H3","9506",1,,3539751,67609736,4
2008,381,1,757,"H3","950611",6,3357,13897,1102829,0
2008,381,2,757,"H3","950611",6,16187,54336,3407893,0
2008,381,1,826,"H3","950611",6,13,128,4597,6
2008,381,2,826,"H3","950611",6,1432,3930,180141,6
2008,381,1,757,"H3","950612",8,6199,6199,334295,0
2008,381,2,757,"H3","950612",8,31499,31499,838437,0
2008,381,2,826,"H3","950612",8,2295,2295,111451,0
2008,381,1,757,"H3","950619",8,4937,4937,386389,0
2008,381,2,757,"H3","950619",8,31324,31324,1067452,0
2008,381,1,826,"H3","950619",8,66,66,1283,0
2008,381,2,826,"H3","950619",8,10078,10078,170006,0
2008,381,1,757,"H3","950621",5,11,280,2716,2
2008,381,2,757,"H3","950621",1,,90,11023,0
2008,381,1,826,"H3","950621",5,14,181,3411,2
2008,381,2,826,"H3","950621",1,,969,97128,0
2008,381,1,757,"H3","950629",1,,3395,22534,0
2008,381,2,757,"H3","950629",1,,45916,995918,0
2008,381,1,826,"H3","950629",1,,36116,200543,0
2008,381,2,826,"H3","950629",1,,130085,4344179,0
2008,381,1,757,"H3","950631",5,471,430,29219,0
2008,381,2,757,"H3","950631",5,511,434,48678,0
2008,381,1,826,"H3","950631",5,86210,122491,9998527,4
2008,381,1,757,"H3","950632",5,400,56,1487,0
2008,381,2,757,"H3","950632",5,440,215,11831,0
2008,381,1,826,"H3","950632",5,855826,198120,2319341,4
2008,381,2,826,"H3","950632",5,110,25,184,4
2008,381,1,757,"H3","950639",8,397,397,11892,0
2008,381,2,757,"H3","950639",8,2227,2227,113303,0
2008,381,1,826,"H3","950639",8,42575,42575,1326429,0
2008,381,2,826,"H3","950639",8,186,186,5648,0
2008,381,1,757,"H3","950640",8,3,3,1539,0
2008,381,2,757,"H3","950640",8,285,285,45345,0
2008,381,2,826,"H3","950640",8,3946,3946,21405,0
2008,381,2,757,"H3","950651",5,128,24,3155,2
2008,381,1,826,"H3","950651",5,39,11,907,2
2008,381,2,826,"H3","950651",5,173,281,4265,2
2008,381,1,757,"H3","950659",1,,6,3948,0
2008,381,1,826,"H3","950659",1,,1243,11312,0
2008,381,2,826,"H3","950659",5,270,187,2205,2
2008,381,2,757,"H3","950661",1,,234,5683,0
2008,381,1,826,"H3","950661",5,192304,13455,97410,2
2008,381,1,757,"H3","950662",5,5222,470,14787,2
2008,381,2,757,"H3","950662",5,604352,99341,1205776,2
2008,381,1,826,"H3","950662",5,43678,9558,123682,2
2008,381,2,826,"H3","950662",5,1443539,226659,2880087,2
2008,381,1,757,"H3","950669",5,31416,6400,39920,2
2008,381,2,757,"H3","950669",5,92350,17999,189467,2
2008,381,1,826,"H3","950669",5,17273,1592,21948,2
2008,381,2,826,"H3","950669",5,13460,4220,27615,2
2008,381,1,757,"H3","950670",6,774,584,43453,2
2008,381,2,757,"H3","950670",6,61338,188070,3548221,2
2008,381,1,826,"H3","950670",6,8340,6291,208927,6
2008,381,2,826,"H3","950670",6,18339,43891,868653,6
2008,381,1,757,"H3","950691",8,4250,4250,123292,0
2008,381,2,757,"H3","950691",8,155313,155313,2109510,0
2008,381,1,826,"H3","950691",8,265845,265845,4548578,0
2008,381,2,826,"H3","950691",8,2645396,2645396,52720901,0
2008,381,1,757,"H3","950699",1,,11380,220983,0
2008,381,2,757,"H3","950699",5,1928700,938754,12079131,2
2008,381,1,826,"H3","950699",1,,103689,1110737,0
2008,381,2,826,"H3","950699",5,986114,467603,6175868,2
2008,381,1,757,"H3","9507",1,,855,59084,0
2008,381,2,757,"H3","9507",1,,12756,639951,0
2008,381,1,826,"H3","9507",1,,43052,1759080,0
2008,381,2,826,"H3","9507",1,,111437,5646131,0
2008,381,2,757,"H3","950710",1,,513,71571,0
2008,381,1,826,"H3","950710",1,,8944,698223,0
2008,381,2,826,"H3","950710",1,,26137,3566507,0
2008,381,2,757,"H3","950720",8,331,331,9899,0
2008,381,1,826,"H3","950720",8,446,446,32245,0
2008,381,2,826,"H3","950720",8,4276,4276,142153,0
2008,381,1,826,"H3","950730",1,,3896,219644,0
2008,381,2,826,"H3","950730",5,11542,17613,287755,2
2008,381,1,757,"H3","950790",1,,855,59084,0
2008,381,2,757,"H3","950790",1,,11912,558481,0
2008,381,1,826,"H3","950790",1,,29766,808968,0
2008,381,2,826,"H3","950790",1,,63411,1649715,0
2008,381,1,757,"H3","9508",8,32303,32303,1049453,0
2008,381,2,757,"H3","9508",8,125460,125460,1555822,0
2008,381,1,826,"H3","9508",8,144233,144233,1556866,0
2008,381,2,826,"H3","9508",8,499377,499377,8388413,0
2008,381,2,757,"H3","950810",8,40,40,5387,0
2008,381,2,826,"H3","950810",8,24361,24361,665622,0
2008,381,1,757,"H3","950890",8,32303,32303,1049453,0
2008,381,2,757,"H3","950890",8,125420,125420,1550435,0
2008,381,1,826,"H3","950890",8,144233,144233,1556866,0
2008,381,2,826,"H3","950890",8,475016,475016,7722791,0
2008,381,1,757,"H3","96",1,,,42574987,0
2008,381,2,757,"H3","96",1,,,50458849,0
2008,381,1,826,"H3","96",1,,,25154819,0
2008,381,2,826,"H3","96",1,,,64106210,0
2008,381,1,757,"H3","9601",8,208,208,21632,6
2008,381,2,757,"H3","9601",8,1201,1201,228859,0
2008,381,1,826,"H3","9601",8,153228,153228,168478,0
2008,381,2,826,"H3","9601",8,2200,2200,165508,0
2008,381,2,757,"H3","960110",8,810,810,159943,0
2008,381,1,826,"H3","960110",8,13,13,9460,0
2008,381,2,826,"H3","960110",8,181,181,5720,0
2008,381,1,757,"H3","960190",8,208,208,21632,6
2008,381,2,757,"H3","960190",8,391,391,68916,0
2008,381,1,826,"H3","960190",8,153215,153215,159018,0
2008,381,2,826,"H3","960190",8,2019,2019,159788,0
2008,381,1,757,"H3","9602",8,44398,44398,919833,0
2008,381,2,757,"H3","9602",8,1352,1352,34280,0
2008,381,1,826,"H3","9602",8,1300,1300,53697,0
2008,381,2,826,"H3","9602",8,5889,5889,176800,0
2008,381,1,757,"H3","960200",8,44398,44398,919833,0
2008,381,2,757,"H3","960200",8,1352,1352,34280,0
2008,381,1,826,"H3","960200",8,1300,1300,53697,0
2008,381,2,826,"H3","960200",8,5889,5889,176800,0
2008,381,1,757,"H3","9603",1,,205622,7369182,0
2008,381,2,757,"H3","9603",1,,499900,4210043,0
2008,381,1,826,"H3","9603",1,,141988,2197538,4
2008,381,2,826,"H3","9603",1,,1875233,12213307,4
2008,381,1,757,"H3","960310",5,6500,8750,4652,0
2008,381,2,757,"H3","960310",5,134456,134640,402548,0
2008,381,1,826,"H3","960310",5,1194,2057,3085,4
2008,381,2,826,"H3","960310",5,333236,82252,318785,4
2008,381,1,757,"H3","960321",5,8929352,184330,6685611,0
2008,381,2,757,"H3","960321",5,959116,21533,379413,0
2008,381,1,826,"H3","960321",5,331346,27787,347176,4
2008,381,2,826,"H3","960321",5,138977,2564,52920,4
2008,381,1,757,"H3","960329",5,15259,79,11448,2
2008,381,2,757,"H3","960329",5,91137,9859,207807,2
2008,381,1,826,"H3","960329",5,425050,21835,440619,6
2008,381,2,826,"H3","960329",5,59644,8983,276986,6
2008,381,1,757,"H3","960330",5,1737,61,22610,0
2008,381,2,757,"H3","960330",5,137558,2995,62842,0
2008,381,1,826,"H3","960330",5,1768193,31744,698681,4
2008,381,2,826,"H3","960330",5,24909182,71412,881241,4
2008,381,1,757,"H3","960340",5,11422,2610,140424,0
2008,381,2,757,"H3","960340",5,166839,21801,421833,0
2008,381,1,826,"H3","960340",5,71299,20855,134486,4
2008,381,2,826,"H3","960340",5,392628,30232,293109,4
2008,381,1,757,"H3","960350",1,,7957,448899,0
2008,381,2,757,"H3","960350",1,,11872,294454,0
2008,381,1,826,"H3","960350",1,,7219,161420,0
2008,381,2,826,"H3","960350",1,,33766,633263,0
2008,381,1,757,"H3","960390",1,,1835,55538,0
2008,381,2,757,"H3","960390",1,,297200,2441147,0
2008,381,1,826,"H3","960390",1,,30490,412071,4
2008,381,2,826,"H3","960390",1,,1646023,9757003,4
2008,381,2,757,"H3","9604",1,,1864,17561,0
2008,381,1,826,"H3","9604",1,,10019,560266,0
2008,381,2,826,"H3","9604",1,,3994,43164,0
2008,381,2,757,"H3","960400",1,,1864,17561,0
2008,381,1,826,"H3","960400",1,,10019,560266,0
2008,381,2,826,"H3","960400",1,,3994,43164,0
2008,381,1,757,"H3","9605",1,,379,9184,0
2008,381,2,757,"H3","9605",1,,342,33617,0
2008,381,1,826,"H3","9605",1,,2056,37430,0
2008,381,2,826,"H3","9605",1,,4678,92934,0
2008,381,1,757,"H3","960500",1,,379,9184,0
2008,381,2,757,"H3","960500",5,110691,342,33617,2
2008,381,1,826,"H3","960500",1,,2056,37430,0
2008,381,2,826,"H3","960500",5,306001,4678,92934,2
2008,381,1,757,"H3","9606",8,16470,16470,3168624,0
2008,381,2,757,"H3","9606",8,48121,48121,9280394,0
2008,381,1,826,"H3","9606",8,8706,8706,628091,0
2008,381,2,826,"H3","9606",8,153028,153028,9230192,0
2008,381,1,757,"H3","960610",8,100,100,13337,0
2008,381,2,757,"H3","960610",8,16055,16055,1281678,0
2008,381,1,826,"H3","960610",8,1332,1332,91844,0
2008,381,2,826,"H3","960610",8,12118,12118,748665,0
2008,381,1,757,"H3","960621",8,8600,8600,9001,0
2008,381,2,757,"H3","960621",8,7447,7447,924964,0
2008,381,1,826,"H3","960621",8,545,545,44868,0
2008,381,2,826,"H3","960621",8,70290,70290,3058258,0
2008,381,1,757,"H3","960622",8,917,917,554255,0
2008,381,2,757,"H3","960622",8,1849,1849,741436,0
2008,381,1,826,"H3","960622",8,3746,3746,97530,0
2008,381,2,826,"H3","960622",8,49346,49346,2545230,0
2008,381,1,757,"H3","960629",8,6853,6853,2592032,0
2008,381,2,757,"H3","960629",8,22576,22576,6286026,0
2008,381,1,826,"H3","960629",8,3083,3083,393849,0
2008,381,2,826,"H3","960629",8,20300,20300,2864518,0
2008,381,2,757,"H3","960630",8,194,194,46291,0
2008,381,2,826,"H3","960630",8,974,974,13521,0
2008,381,1,757,"H3","9607",8,186131,186131,22370451,0
2008,381,2,757,"H3","9607",8,192126,192126,13838783,0
2008,381,1,826,"H3","9607",8,9365,9365,155177,6
2008,381,2,826,"H3","9607",8,54631,54631,1553115,6
2008,381,1,757,"H3","960711",8,73336,73336,16896726,0
2008,381,2,757,"H3","960711",8,10969,10969,690745,0
2008,381,1,826,"H3","960711",8,785,785,34612,6
2008,381,2,826,"H3","960711",8,31089,31089,795504,6
2008,381,1,757,"H3","960719",8,22087,22087,2069900,0
2008,381,2,757,"H3","960719",8,84464,84464,7717259,0
2008,381,1,826,"H3","960719",8,6546,6546,58289,6
2008,381,2,826,"H3","960719",8,4305,4305,199301,6
2008,381,1,757,"H3","960720",8,90708,90708,3403824,0
2008,381,2,757,"H3","960720",8,96693,96693,5430779,0
2008,381,1,826,"H3","960720",8,2034,2034,62276,0
2008,381,2,826,"H3","960720",8,19238,19238,558310,0
2008,381,1,757,"H3","9608",1,,324061,6678240,0
2008,381,2,757,"H3","9608",1,,269051,13026819,0
2008,381,1,826,"H3","9608",1,,212904,3142022,4
2008,381,2,826,"H3","9608",1,,778805,10954573,4
2008,381,1,757,"H3","960810",5,11385343,64124,1966777,0
2008,381,2,757,"H3","960810",5,11593452,63289,5756092,0
2008,381,1,826,"H3","960810",5,2345458,78307,1291813,4
2008,381,2,826,"H3","960810",5,46019983,316421,6714810,4
2008,381,2,757,"H3","960820",5,506213,38525,246031,0
2008,381,1,826,"H3","960820",5,1054147,114425,1456375,4
2008,381,2,826,"H3","960820",5,26106600,443408,3604152,4
2008,381,1,826,"H3","960831",5,15,145,4271,4
2008,381,2,826,"H3","960831",5,15,6,1232,4
2008,381,1,757,"H3","960839",5,12699,375,329103,0
2008,381,2,757,"H3","960839",5,636517,6227,694528,0
2008,381,1,826,"H3","960839",5,109691,6130,111397,4
2008,381,2,826,"H3","960839",5,14373,7279,292278,4
2008,381,1,757,"H3","960840",5,1801,151,24729,0
2008,381,2,757,"H3","960840",5,7092,140,16773,0
2008,381,1,826,"H3","960840",5,13306,1230,22245,4
2008,381,2,826,"H3","960840",5,319320,1742,108737,4
2008,381,1,757,"H3","960850",1,,285,1762,0
2008,381,2,757,"H3","960850",5,267660,10127,176842,2
2008,381,1,826,"H3","960850",1,,2792,56576,0
2008,381,2,826,"H3","960850",5,332291,8358,219544,2
2008,381,1,757,"H3","960860",5,152413482,184695,2831903,0
2008,381,2,757,"H3","960860",5,5005937,4740,98931,0
2008,381,1,826,"H3","960860",5,79559,3549,77441,4
2008,381,2,826,"H3","960860",5,81207,1342,9646,4
2008,381,1,757,"H3","960891",5,627364,2028,12130,2
2008,381,2,757,"H3","960891",1,,1,6470,0
2008,381,1,826,"H3","960891",5,4256903,5805,82304,2
2008,381,2,826,"H3","960891",1,,134,1114,0
2008,381,1,757,"H3","960899",8,72403,72403,1511837,0
2008,381,2,757,"H3","960899",8,146002,146002,6031151,0
2008,381,1,826,"H3","960899",8,522,522,39600,0
2008,381,2,826,"H3","960899",8,115,115,3060,0
2008,381,1,757,"H3","9609",8,38475,38475,1478656,0
2008,381,2,757,"H3","9609",8,16300,16300,152751,0
2008,381,1,826,"H3","9609",8,87766,87766,1632052,0
2008,381,2,826,"H3","9609",8,25306,25306,215004,0
2008,381,1,757,"H3","960910",8,38265,38265,1445279,0
2008,381,2,757,"H3","960910",8,6686,6686,59197,0
2008,381,1,826,"H3","960910",8,53626,53626,1128926,0
2008,381,2,826,"H3","960910",8,15777,15777,180690,0
2008,381,1,826,"H3","960920",8,4009,4009,100345,0
2008,381,2,826,"H3","960920",8,4,4,101,0
2008,381,1,757,"H3","960990",8,210,210,33377,0
2008,381,2,757,"H3","960990",8,9614,9614,93554,0
2008,381,1,826,"H3","960990",8,30131,30131,402781,0
2008,381,2,826,"H3","960990",8,9525,9525,34212,0
2008,381,1,757,"H3","9610",8,1322,1322,28924,0
2008,381,2,757,"H3","9610",8,6775,6775,36724,0
2008,381,1,826,"H3","9610",8,10155,10155,60821,0
2008,381,2,826,"H3","9610",8,9351,9351,60500,0
2008,381,1,757,"H3","961000",8,1322,1322,28924,0
2008,381,2,757,"H3","961000",8,6775,6775,36724,0
2008,381,1,826,"H3","961000",8,10155,10155,60821,0
2008,381,2,826,"H3","961000",8,9351,9351,60500,0
2008,381,1,757,"H3","9611",8,3,3,7220,0
2008,381,2,757,"H3","9611",8,209,209,19460,0
2008,381,1,826,"H3","9611",8,7316,7316,102506,0
2008,381,2,826,"H3","9611",8,25304,25304,1080054,0
2008,381,1,757,"H3","961100",8,3,3,7220,0
2008,381,2,757,"H3","961100",8,209,209,19460,0
2008,381,1,826,"H3","961100",8,7316,7316,102506,0
2008,381,2,826,"H3","961100",8,25304,25304,1080054,0
2008,381,1,757,"H3","9612",1,,1721,377132,0
2008,381,2,757,"H3","9612",1,,12822,1039517,0
2008,381,1,826,"H3","9612",1,,294148,9318069,0
2008,381,2,826,"H3","9612",1,,12221,537076,0
2008,381,1,757,"H3","961210",1,,1095,291879,0
2008,381,2,757,"H3","961210",1,,12737,1035385,0
2008,381,1,826,"H3","961210",1,,292682,9273646,0
2008,381,2,826,"H3","961210",1,,12031,532086,0
2008,381,1,757,"H3","961220",1,,626,85254,0
2008,381,2,757,"H3","961220",1,,85,4132,0
2008,381,1,826,"H3","961220",1,,1466,44423,0
2008,381,2,826,"H3","961220",1,,190,4990,0
2008,381,1,757,"H3","9613",1,,764,36495,4
2008,381,2,757,"H3","9613",1,,2331,161500,0
2008,381,1,826,"H3","9613",1,,6412,114002,4
2008,381,2,826,"H3","9613",1,,103235,3592919,4
2008,381,1,757,"H3","961310",5,21220,388,4519,0
2008,381,1,826,"H3","961310",5,5037,127,907,4
2008,381,2,826,"H3","961310",5,504000,13744,178108,4
2008,381,1,757,"H3","961320",5,97,18,22974,0
2008,381,2,757,"H3","961320",5,200,17,1688,0
2008,381,1,826,"H3","961320",5,257598,5317,50897,4
2008,381,2,826,"H3","961320",5,283153,24289,79055,4
2008,381,2,757,"H3","961380",5,32155,2314,159811,2
2008,381,1,826,"H3","961380",5,20672,337,39086,2
2008,381,2,826,"H3","961380",5,155017,26031,770450,2
2008,381,1,757,"H3","961390",8,358,358,9001,6
2008,381,1,826,"H3","961390",8,631,631,23111,0
2008,381,2,826,"H3","961390",8,39171,39171,2565305,0
2008,381,1,757,"H3","9614",8,58,58,15101,0
2008,381,2,757,"H3","9614",8,2228,2228,550853,0
2008,381,1,826,"H3","9614",8,679,679,26327,0
2008,381,2,826,"H3","9614",8,8530,8530,455389,0
2008,381,1,757,"H3","961400",8,58,58,15101,0
2008,381,2,757,"H3","961400",8,2228,2228,550853,0
2008,381,1,826,"H3","961400",8,679,679,26327,0
2008,381,2,826,"H3","961400",8,8530,8530,455389,0
2008,381,1,757,"H3","9615",8,562,562,44451,0
2008,381,2,757,"H3","9615",8,8952,8952,563296,0
2008,381,1,826,"H3","9615",8,46924,46924,502789,0
2008,381,2,826,"H3","9615",8,67444,67444,1163844,0
2008,381,1,757,"H3","961511",8,543,543,41347,0
2008,381,2,757,"H3","961511",8,3264,3264,119223,0
2008,381,1,826,"H3","961511",8,5737,5737,107010,0
2008,381,2,826,"H3","961511",8,14136,14136,671545,0
2008,381,2,757,"H3","961519",8,2016,2016,63629,0
2008,381,1,826,"H3","961519",8,28295,28295,137502,0
2008,381,2,826,"H3","961519",8,52081,52081,460928,0
2008,381,1,757,"H3","961590",8,19,19,3104,0
2008,381,2,757,"H3","961590",8,3672,3672,380444,0
2008,381,1,826,"H3","961590",8,12892,12892,258278,0
2008,381,2,826,"H3","961590",8,1227,1227,31371,0
2008,381,1,757,"H3","9616",8,110,110,23099,0
2008,381,2,757,"H3","9616",8,168822,168822,4896110,0
2008,381,1,826,"H3","9616",8,67735,67735,4215469,0
2008,381,2,826,"H3","9616",8,535295,535295,11999838,0
2008,381,1,757,"H3","961610",8,110,110,23099,0
2008,381,2,757,"H3","961610",8,168802,168802,4893843,0
2008,381,1,826,"H3","961610",8,37247,37247,1237039,0
2008,381,2,826,"H3","961610",8,535013,535013,11994004,0
2008,381,2,757,"H3","961620",8,20,20,2267,0
2008,381,1,826,"H3","961620",8,30488,30488,2978430,0
2008,381,2,826,"H3","961620",8,282,282,5833,0
2008,381,1,757,"H3","9617",8,1936,1936,11605,0
2008,381,2,757,"H3","9617",8,2675,2675,30630,0
2008,381,1,826,"H3","9617",8,1053,1053,24042,0
2008,381,2,826,"H3","9617",8,1147,1147,12464,0
2008,381,1,757,"H3","961700",8,1936,1936,11605,0
2008,381,2,757,"H3","961700",8,2675,2675,30630,0
2008,381,1,826,"H3","961700",8,1053,1053,24042,0
2008,381,2,826,"H3","961700",8,1147,1147,12464,0
2008,381,1,757,"H3","9618",8,352,352,15156,0
2008,381,2,757,"H3","9618",8,76871,76871,2337654,0
2008,381,1,826,"H3","9618",8,250124,250124,571534,0
2008,381,2,826,"H3","9618",8,282640,282640,8723930,0
2008,381,1,757,"H3","961800",8,352,352,15156,0
2008,381,2,757,"H3","961800",8,76871,76871,2337654,0
2008,381,1,826,"H3","961800",8,250124,250124,571534,0
2008,381,2,826,"H3","961800",8,282640,282640,8723930,0
2008,381,1,757,"H3","97",1,,,36452186,0
2008,381,2,757,"H3","97",1,,,112038621,0
2008,381,1,826,"H3","97",1,,,21330045,0
2008,381,2,826,"H3","97",1,,,7918171,0
2008,381,1,757,"H3","9701",1,,5440,22191595,0
2008,381,2,757,"H3","9701",1,,20695,76903101,0
2008,381,1,826,"H3","9701",1,,2953,15584702,0
2008,381,2,826,"H3","9701",1,,2542,4712156,0
2008,381,1,757,"H3","970110",1,,5124,21951729,0
2008,381,2,757,"H3","970110",1,,19461,74429431,0
2008,381,1,826,"H3","970110",1,,1962,14877772,0
2008,381,2,826,"H3","970110",1,,1505,4648533,0
2008,381,1,757,"H3","970190",8,316,316,239866,0
2008,381,2,757,"H3","970190",8,1234,1234,2473670,0
2008,381,1,826,"H3","970190",8,991,991,706930,0
2008,381,2,826,"H3","970190",8,1037,1037,63623,0
2008,381,1,757,"H3","9702",1,,720,247994,0
2008,381,2,757,"H3","9702",1,,779,566573,0
2008,381,1,826,"H3","9702",1,,143,89303,0
2008,381,2,826,"H3","9702",1,,886,279286,0
2008,381,1,757,"H3","970200",1,,720,247994,0
2008,381,2,757,"H3","970200",1,,779,566573,0
2008,381,1,826,"H3","970200",1,,143,89303,0
2008,381,2,826,"H3","970200",1,,886,279286,0
2008,381,1,757,"H3","9703",1,,14887,8605466,0
2008,381,2,757,"H3","9703",1,,74756,16257881,0
2008,381,1,826,"H3","9703",1,,3880,1494834,0
2008,381,2,826,"H3","9703",1,,47374,2481384,0
2008,381,1,757,"H3","970300",1,,14887,8605466,0
2008,381,2,757,"H3","970300",1,,74756,16257881,0
2008,381,1,826,"H3","970300",1,,3880,1494834,0
2008,381,2,826,"H3","970300",1,,47374,2481384,0
2008,381,1,757,"H3","9704",8,1573,1573,1316477,0
2008,381,2,757,"H3","9704",8,1724,1724,8549704,0
2008,381,1,826,"H3","9704",8,192,192,392648,0
2008,381,2,826,"H3","9704",8,57,57,46002,0
2008,381,1,757,"H3","970400",8,1573,1573,1316477,0
2008,381,2,757,"H3","970400",8,1724,1724,8549704,0
2008,381,1,826,"H3","970400",8,192,192,392648,0
2008,381,2,826,"H3","970400",8,57,57,46002,0
2008,381,1,757,"H3","9705",8,10285,10285,2758046,0
2008,381,2,757,"H3","9705",8,817,817,6625154,0
2008,381,1,826,"H3","9705",8,145,145,716898,0
2008,381,2,826,"H3","9705",8,11,11,17251,0
2008,381,1,757,"H3","970500",8,10285,10285,2758046,0
2008,381,2,757,"H3","970500",8,817,817,6625154,0
2008,381,1,826,"H3","970500",8,145,145,716898,0
2008,381,2,826,"H3","970500",8,11,11,17251,0
2008,381,1,757,"H3","9706",8,3200,3200,1332609,0
2008,381,2,757,"H3","9706",8,9798,9798,3136208,0
2008,381,1,826,"H3","9706",8,192,192,2520387,0
2008,381,2,826,"H3","9706",8,96,96,223719,0
2008,381,1,757,"H3","970600",8,3200,3200,1332609,0
2008,381,2,757,"H3","970600",8,9798,9798,3136208,0
2008,381,1,826,"H3","970600",8,192,192,2520387,0
2008,381,2,826,"H3","970600",8,96,96,223719,0
2008,381,1,757,"H3","99",1,,,3787572,0
2008,381,1,826,"H3","99",1,,,1183814,0
2008,381,2,826,"H3","99",1,,,744250,0
2008,381,1,757,"H3","9999",1,,,3787572,0
2008,381,1,826,"H3","9999",1,,,532989397,0
2008,381,2,826,"H3","9999",1,,,492865429,0
2008,381,1,757,"H3","999999",1,,,3787572,0
2008,381,1,826,"H3","999999",1,,,532989397,0
2008,381,2,826,"H3","999999",1,,,492865429,0
2008,381,1,757,"H3","TOTAL",1,,,16586397343,0
2008,381,2,757,"H3","TOTAL",1,,,21202730898,0
2008,381,1,826,"H3","TOTAL",1,,,16630659914,0
2008,381,2,826,"H3","TOTAL",1,,,28184195245,0


